1.000000000000000000e+00,8.037313818931579590e-01,7.476948499679565430e-01,9.165589809417724609e-01,7.112594842910766602e-01,4.537131190299987793e-01,9.164531826972961426e-01,5.740874409675598145e-01,3.915398120880126953e-01,9.141514897346496582e-01,4.280430376529693604e-01,2.800143957138061523e-01,8.377032876014709473e-01,6.957880854606628418e-01,6.151124835014343262e-01,7.860807776451110840e-01,6.020248532295227051e-01,4.194700717926025391e-01,7.389885187149047852e-01,2.767287194728851318e-01,1.965084969997406006e-01,7.007519006729125977e-01,4.054143130779266357e-01,3.210942447185516357e-01,5.683758258819580078e-01,4.249662756919860840e-01,2.922756373882293701e-01,5.095072388648986816e-01,3.810988664627075195e-01,2.622543573379516602e-01,4.617467820644378662e-01,5.012925267219543457e-01,3.859660029411315918e-01,4.636730551719665527e-01,4.443418979644775391e-01,3.155196607112884521e-01,4.511357247829437256e-01,3.123190999031066895e-01,1.835730671882629395e-01,4.392606317996978760e-01,3.604766726493835449e-01,3.060900270938873291e-01,3.710492253303527832e-01,4.168376922607421875e-01,3.593061566352844238e-01,3.581155240535736084e-01,2.796163260936737061e-01,2.179606705904006958e-01,3.114365339279174805e-01
8.037313818931579590e-01,1.000000119209289551e+00,9.771599769592285156e-01,7.512573003768920898e-01,6.699070334434509277e-01,4.765267968177795410e-01,7.511287331581115723e-01,6.247296929359436035e-01,4.258157908916473389e-01,7.500460147857666016e-01,4.677047431468963623e-01,3.823176622390747070e-01,6.143899559974670410e-01,3.226627409458160400e-01,3.503949940204620361e-01,6.450379490852355957e-01,7.340854406356811523e-01,5.521618723869323730e-01,6.600890755653381348e-01,4.599637091159820557e-01,3.589414954185485840e-01,6.480984687805175781e-01,5.221533775329589844e-01,4.532690346240997314e-01,5.923993587493896484e-01,5.093122720718383789e-01,4.198275208473205566e-01,5.582250952720642090e-01,4.806339144706726074e-01,3.858524858951568604e-01,5.223464369773864746e-01,4.909580051898956299e-01,4.123892188072204590e-01,5.154977440834045410e-01,4.847001731395721436e-01,3.593371212482452393e-01,5.002027750015258789e-01,3.786709606647491455e-01,2.477624267339706421e-01,4.896081984043121338e-01,4.034034013748168945e-01,3.083588480949401855e-01,3.240808248519897461e-01,3.859090805053710938e-01,3.367238640785217285e-01,3.106850981712341309e-01,2.655504345893859863e-01,2.318274080753326416e-01,2.766803801059722900e-01
7.476948499679565430e-01,9.771599769592285156e-01,9.999999403953552246e-01,6.656184792518615723e-01,5.819682478904724121e-01,4.265266358852386475e-01,6.646836400032043457e-01,5.207261443138122559e-01,3.565382063388824463e-01,6.624453663825988770e-01,3.792034983634948730e-01,3.008187711238861084e-01,5.154622197151184082e-01,2.199732065200805664e-01,2.446599602699279785e-01,5.436019897460937500e-01,6.382873654365539551e-01,4.613736867904663086e-01,5.549210309982299805e-01,3.720237314701080322e-01,2.772008478641510010e-01,5.439559817314147949e-01,4.289852380752563477e-01,3.763865828514099121e-01,5.030015707015991211e-01,4.370056092739105225e-01,3.523823320865631104e-01,4.691980481147766113e-01,3.973379433155059814e-01,3.148596286773681641e-01,4.335650205612182617e-01,4.012124836444854736e-01,3.428159356117248535e-01,4.264663159847259521e-01,4.079789221286773682e-01,2.998743653297424316e-01,4.112752079963684082e-01,3.077470958232879639e-01,1.984283179044723511e-01,4.019393026828765869e-01,3.315743803977966309e-01,2.626993954181671143e-01,2.790725231170654297e-01,3.368036448955535889e-01,2.954959273338317871e-01,2.695798575878143311e-01,2.304002642631530762e-01,2.026447504758834839e-01,2.407013028860092163e-01
9.165589809417724609e-01,7.512573003768920898e-01,6.656184792518615723e-01,1.000000000000000000e+00,8.200945258140563965e-01,4.038847088813781738e-01,9.998134970664978027e-01,6.485012769699096680e-01,3.405174911022186279e-01,9.995843172073364258e-01,4.463630616664886475e-01,3.498642742633819580e-01,9.719538092613220215e-01,8.382431864738464355e-01,7.654362916946411133e-01,9.342811703681945801e-01,7.133080959320068359e-01,4.848293066024780273e-01,8.939486742019653320e-01,4.910781681537628174e-01,3.534729778766632080e-01,8.614276647567749023e-01,5.957718491554260254e-01,4.955471456050872803e-01,7.433264255523681641e-01,6.148620843887329102e-01,4.738293290138244629e-01,6.776448488235473633e-01,5.366670489311218262e-01,3.993592262268066406e-01,6.199777722358703613e-01,6.313396096229553223e-01,4.960933923721313477e-01,6.119180917739868164e-01,5.708096623420715332e-01,4.217978417873382568e-01,5.944794416427612305e-01,4.285707771778106689e-01,2.733978629112243652e-01,5.771365761756896973e-01,4.810910820960998535e-01,4.048778414726257324e-01,4.675141572952270508e-01,5.103462338447570801e-01,4.450476467609405518e-01,4.498147070407867432e-01,3.664874136447906494e-01,2.962931692600250244e-01,4.000592231750488281e-01
7.112594842910766602e-01,6.699070334434509277e-01,5.819682478904724121e-01,8.200945258140563965e-01,1.000000000000000000e+00,5.664948225021362305e-01,8.235420584678649902e-01,6.944842338562011719e-01,4.016301631927490234e-01,8.256888389587402344e-01,5.726497173309326172e-01,5.257588624954223633e-01,8.001696467399597168e-01,6.293094158172607422e-01,6.446399688720703125e-01,8.320161700248718262e-01,7.635765671730041504e-01,5.916529893875122070e-01,8.380643129348754883e-01,5.644409060478210449e-01,4.577759504318237305e-01,8.197293281555175781e-01,6.541771292686462402e-01,5.599818825721740723e-01,7.290599942207336426e-01,6.125256419181823730e-01,4.985194504261016846e-01,6.802000403404235840e-01,5.584729313850402832e-01,4.460350871086120605e-01,6.349990963935852051e-01,6.486657261848449707e-01,5.376684069633483887e-01,6.313427686691284180e-01,5.727031826972961426e-01,4.310578405857086182e-01,6.138271093368530273e-01,4.478754997253417969e-01,2.937631011009216309e-01,6.002436876296997070e-01,4.904162287712097168e-01,3.865612149238586426e-01,4.340276122093200684e-01,4.831891953945159912e-01,4.255536794662475586e-01,4.211616516113281250e-01,3.479094207286834717e-01,2.884637415409088135e-01,3.706903159618377686e-01
4.537131190299987793e-01,4.765267968177795410e-01,4.265266358852386475e-01,4.038847088813781738e-01,5.664948225021362305e-01,1.000000000000000000e+00,4.179908931255340576e-01,5.841692090034484863e-01,5.294905304908752441e-01,4.208677411079406738e-01,7.265874147415161133e-01,6.717981696128845215e-01,3.579017519950866699e-01,1.903992891311645508e-01,2.418778389692306519e-01,4.151269793510437012e-01,5.211452841758728027e-01,5.143105387687683105e-01,4.495876729488372803e-01,3.222700655460357666e-01,3.133734762668609619e-01,4.477069377899169922e-01,4.052992463111877441e-01,3.483296632766723633e-01,4.013621211051940918e-01,3.377098143100738525e-01,2.950411140918731689e-01,3.977407813072204590e-01,3.585856854915618896e-01,3.109062910079956055e-01,3.919453024864196777e-01,3.803026676177978516e-01,3.292990326881408691e-01,3.996790945529937744e-01,3.582035005092620850e-01,2.672100961208343506e-01,3.975708782672882080e-01,3.009996712207794189e-01,2.007711529731750488e-01,3.973711729049682617e-01,3.200670778751373291e-01,2.166502028703689575e-01,2.283128499984741211e-01,2.618598341941833496e-01,2.264653742313385010e-01,2.193347364664077759e-01,1.835988461971282959e-01,1.530943512916564941e-01,1.876590698957443237e-01
9.164531826972961426e-01,7.511287331581115723e-01,6.646836400032043457e-01,9.998134970664978027e-01,8.235420584678649902e-01,4.179908931255340576e-01,9.999998807907104492e-01,6.544952988624572754e-01,3.475525975227355957e-01,9.998776316642761230e-01,4.582343697547912598e-01,3.618420362472534180e-01,9.722150564193725586e-01,8.376125097274780273e-01,7.659373283386230469e-01,9.357412457466125488e-01,7.172915935516357422e-01,4.912989437580108643e-01,8.962454795837402344e-01,4.939172863960266113e-01,3.573648035526275635e-01,8.639229536056518555e-01,5.993968248367309570e-01,4.985871016979217529e-01,7.453576326370239258e-01,6.165934801101684570e-01,4.761466085910797119e-01,6.802005171775817871e-01,5.396509766578674316e-01,4.026018977165222168e-01,6.230084896087646484e-01,6.341096758842468262e-01,4.986901581287384033e-01,6.151540875434875488e-01,5.734159946441650391e-01,4.239574074745178223e-01,5.978874564170837402e-01,4.314277172088623047e-01,2.755318582057952881e-01,5.806741118431091309e-01,4.838038682937622070e-01,4.057396948337554932e-01,4.678416550159454346e-01,5.107747316360473633e-01,4.452760219573974609e-01,4.500769674777984619e-01,3.670856952667236328e-01,2.967742085456848145e-01,4.001635909080505371e-01
5.740874409675598145e-01,6.247296929359436035e-01,5.207261443138122559e-01,6.485012769699096680e-01,6.944842338562011719e-01,5.841692090034484863e-01,6.544952988624572754e-01,1.000000119209289551e+00,6.863798499107360840e-01,6.600303053855895996e-01,7.212560772895812988e-01,6.490578055381774902e-01,6.222848296165466309e-01,4.265863895416259766e-01,4.787003695964813232e-01,6.714009046554565430e-01,7.607145905494689941e-01,6.742855310440063477e-01,7.123305201530456543e-01,6.149575710296630859e-01,5.246501564979553223e-01,7.122620344161987305e-01,6.328231692314147949e-01,5.569793581962585449e-01,6.585552096366882324e-01,5.883167386054992676e-01,5.034446716308593750e-01,6.416269540786743164e-01,5.755380988121032715e-01,4.897291958332061768e-01,6.184510588645935059e-01,5.669460296630859375e-01,4.695990085601806641e-01,6.097673773765563965e-01,5.441219210624694824e-01,4.147761166095733643e-01,6.004050970077514648e-01,4.739760160446166992e-01,3.286639153957366943e-01,5.908788442611694336e-01,5.008541941642761230e-01,3.656649887561798096e-01,3.694142997264862061e-01,4.047602415084838867e-01,3.507476150989532471e-01,3.500672876834869385e-01,2.836521565914154053e-01,2.361687421798706055e-01,3.082560300827026367e-01
3.915398120880126953e-01,4.258157908916473389e-01,3.565382063388824463e-01,3.405174911022186279e-01,4.016301631927490234e-01,5.294905304908752441e-01,3.475525975227355957e-01,6.863798499107360840e-01,1.000000000000000000e+00,3.550750911235809326e-01,7.285184264183044434e-01,7.030727863311767578e-01,3.039088249206542969e-01,1.474698483943939209e-01,2.146483659744262695e-01,3.602876663208007812e-01,5.046660900115966797e-01,5.056971907615661621e-01,4.030857384204864502e-01,3.591723144054412842e-01,3.598017692565917969e-01,4.124773740768432617e-01,3.946784734725952148e-01,3.397445976734161377e-01,3.644848167896270752e-01,3.171590566635131836e-01,2.941187322139739990e-01,3.763830065727233887e-01,3.662623763084411621e-01,3.289245665073394775e-01,3.826983273029327393e-01,3.424802720546722412e-01,2.875117659568786621e-01,3.853149116039276123e-01,3.407811820507049561e-01,2.579197287559509277e-01,3.869419395923614502e-01,3.132189214229583740e-01,2.168981879949569702e-01,3.869587182998657227e-01,3.177288472652435303e-01,1.828009337186813354e-01,1.534018218517303467e-01,1.863305121660232544e-01,1.576169580221176147e-01,1.373924911022186279e-01,1.212500259280204773e-01,1.061806827783584595e-01,1.150941848754882812e-01
9.141514897346496582e-01,7.500460147857666016e-01,6.624453663825988770e-01,9.995843172073364258e-01,8.256888389587402344e-01,4.208677411079406738e-01,9.998776316642761230e-01,6.600303053855895996e-01,3.550750911235809326e-01,1.000000000000000000e+00,4.670833945274353027e-01,3.723065257072448730e-01,9.730120301246643066e-01,8.379151225090026855e-01,7.676185369491577148e-01,9.377489686012268066e-01,7.212234139442443848e-01,4.965378046035766602e-01,8.991556763648986816e-01,4.992489516735076904e-01,3.630494177341461182e-01,8.673051595687866211e-01,6.046783328056335449e-01,5.032609701156616211e-01,7.489020228385925293e-01,6.202676892280578613e-01,4.803715050220489502e-01,6.842775940895080566e-01,5.442351698875427246e-01,4.073577523231506348e-01,6.274672746658325195e-01,6.376886963844299316e-01,5.018871426582336426e-01,6.196196079254150391e-01,5.771545767784118652e-01,4.271934032440185547e-01,6.024594902992248535e-01,4.354020357131958008e-01,2.786263823509216309e-01,5.852914452552795410e-01,4.875988662242889404e-01,4.076524376869201660e-01,4.690550863742828369e-01,5.120587944984436035e-01,4.463644623756408691e-01,4.511232078075408936e-01,3.683225214481353760e-01,2.979267835617065430e-01,4.010898768901824951e-01
4.280430376529693604e-01,4.677047431468963623e-01,3.792034983634948730e-01,4.463630616664886475e-01,5.726497173309326172e-01,7.265874147415161133e-01,4.582343697547912598e-01,7.212560772895812988e-01,7.285184264183044434e-01,4.670833945274353027e-01,1.000000119209289551e+00,9.188882708549499512e-01,4.194084405899047852e-01,2.347958236932754517e-01,3.348121643066406250e-01,5.066127181053161621e-01,7.046333551406860352e-01,7.785433530807495117e-01,5.686340332031250000e-01,4.704489111900329590e-01,4.724928736686706543e-01,5.721433758735656738e-01,5.824146270751953125e-01,5.074657797813415527e-01,5.261932611465454102e-01,4.627496898174285889e-01,4.410763978958129883e-01,5.406963825225830078e-01,5.220903754234313965e-01,4.734728634357452393e-01,5.456866025924682617e-01,4.943394660949707031e-01,4.263558387756347656e-01,5.499910116195678711e-01,4.983254075050354004e-01,3.912393152713775635e-01,5.535420775413513184e-01,4.473553001880645752e-01,3.131658434867858887e-01,5.516262054443359375e-01,4.491953551769256592e-01,2.747994959354400635e-01,2.474169731140136719e-01,2.823846340179443359e-01,2.481955438852310181e-01,2.258092761039733887e-01,2.034002244472503662e-01,1.724450886249542236e-01,1.948647350072860718e-01
2.800143957138061523e-01,3.823176622390747070e-01,3.008187711238861084e-01,3.498642742633819580e-01,5.257588624954223633e-01,6.717981696128845215e-01,3.618420362472534180e-01,6.490578055381774902e-01,7.030727863311767578e-01,3.723065257072448730e-01,9.188882708549499512e-01,1.000000000000000000e+00,3.547350466251373291e-01,1.741638779640197754e-01,2.907416224479675293e-01,4.643752574920654297e-01,6.517480015754699707e-01,7.076479792594909668e-01,5.422018170356750488e-01,5.614675283432006836e-01,5.586047768592834473e-01,5.651226639747619629e-01,6.408266425132751465e-01,5.623495578765869141e-01,5.418466925621032715e-01,5.024024248123168945e-01,4.962983429431915283e-01,5.637201666831970215e-01,5.567998290061950684e-01,5.183855295181274414e-01,5.729376673698425293e-01,5.033766031265258789e-01,4.360136091709136963e-01,5.733163952827453613e-01,5.087913870811462402e-01,4.067170023918151855e-01,5.763376355171203613e-01,4.661997854709625244e-01,3.310616314411163330e-01,5.755998492240905762e-01,4.697955250740051270e-01,2.838957011699676514e-01,2.455372512340545654e-01,2.781181335449218750e-01,2.483602315187454224e-01,2.259748280048370361e-01,2.175026237964630127e-01,1.926594823598861694e-01,2.009564191102981567e-01
8.377032876014709473e-01,6.143899559974670410e-01,5.154622197151184082e-01,9.719538092613220215e-01,8.001696467399597168e-01,3.579017519950866699e-01,9.722150564193725586e-01,6.222848296165466309e-01,3.039088249206542969e-01,9.730120301246643066e-01,4.194084405899047852e-01,3.547350466251373291e-01,1.000000119209289551e+00,9.109737873077392578e-01,8.288076519966125488e-01,9.600691795349121094e-01,6.782388091087341309e-01,4.486507475376129150e-01,9.149442911148071289e-01,5.164020061492919922e-01,3.738333582878112793e-01,8.841753005981445312e-01,6.158229708671569824e-01,5.091862082481384277e-01,7.626795172691345215e-01,6.422860026359558105e-01,4.942793548107147217e-01,6.962416172027587891e-01,5.487635731697082520e-01,4.060063362121582031e-01,6.368022561073303223e-01,6.477403640747070312e-01,5.034122467041015625e-01,6.279092431068420410e-01,5.843968391418457031e-01,4.333252608776092529e-01,6.110595464706420898e-01,4.370022416114807129e-01,2.788439691066741943e-01,5.924996137619018555e-01,4.943962693214416504e-01,4.168125092983245850e-01,4.835288226604461670e-01,5.180379748344421387e-01,4.512265920639038086e-01,4.647731482982635498e-01,3.785611093044281006e-01,3.022784590721130371e-01,4.137157797813415527e-01
6.957880854606628418e-01,3.226627409458160400e-01,2.199732065200805664e-01,8.382431864738464355e-01,6.293094158172607422e-01,1.903992891311645508e-01,8.376125097274780273e-01,4.265863895416259766e-01,1.474698483943939209e-01,8.379151225090026855e-01,2.347958236932754517e-01,1.741638779640197754e-01,9.109737873077392578e-01,1.000000119209289551e+00,8.855453729629516602e-01,8.384655117988586426e-01,4.226294755935668945e-01,2.195888608694076538e-01,7.629924416542053223e-01,3.201929032802581787e-01,2.104925662279129028e-01,7.246490716934204102e-01,4.211924970149993896e-01,3.258198201656341553e-01,5.838605165481567383e-01,4.572063684463500977e-01,3.177169561386108398e-01,5.140817761421203613e-01,3.656625449657440186e-01,2.390805631875991821e-01,4.590034782886505127e-01,5.117565393447875977e-01,3.711578547954559326e-01,4.548680186271667480e-01,4.145726263523101807e-01,2.967358231544494629e-01,4.416295588016510010e-01,2.945509850978851318e-01,1.768701821565628052e-01,4.257006645202636719e-01,3.529949486255645752e-01,3.173839449882507324e-01,3.948984146118164062e-01,4.118225574493408203e-01,3.541578054428100586e-01,3.794950246810913086e-01,2.981028258800506592e-01,2.275030314922332764e-01,3.360392749309539795e-01
6.151124835014343262e-01,3.503949940204620361e-01,2.446599602699279785e-01,7.654362916946411133e-01,6.446399688720703125e-01,2.418778389692306519e-01,7.659373283386230469e-01,4.787003695964813232e-01,2.146483659744262695e-01,7.676185369491577148e-01,3.348121643066406250e-01,2.907416224479675293e-01,8.288076519966125488e-01,8.855453729629516602e-01,9.999998807907104492e-01,8.687041401863098145e-01,5.399777889251708984e-01,3.550839424133300781e-01,8.290353417396545410e-01,4.484221637248992920e-01,3.524612486362457275e-01,8.024794459342956543e-01,5.638231039047241211e-01,4.555021524429321289e-01,6.745699644088745117e-01,5.413643121719360352e-01,4.130948483943939209e-01,6.194880008697509766e-01,4.917004704475402832e-01,3.665520250797271729e-01,5.755236744880676270e-01,6.139782667160034180e-01,4.771693646907806396e-01,5.760614275932312012e-01,5.202795267105102539e-01,3.868218064308166504e-01,5.655409097671508789e-01,4.139374494552612305e-01,2.746916711330413818e-01,5.512888431549072266e-01,4.575664401054382324e-01,3.586952090263366699e-01,3.973658382892608643e-01,4.279170930385589600e-01,3.724249005317687988e-01,3.746050298213958740e-01,3.128104209899902344e-01,2.507042288780212402e-01,3.336760699748992920e-01
7.860807776451110840e-01,6.450379490852355957e-01,5.436019897460937500e-01,9.342811703681945801e-01,8.320161700248718262e-01,4.151269793510437012e-01,9.357412457466125488e-01,6.714009046554565430e-01,3.602876663208007812e-01,9.377489686012268066e-01,5.066127181053161621e-01,4.643752574920654297e-01,9.600691795349121094e-01,8.384655117988586426e-01,8.687041401863098145e-01,1.000000119209289551e+00,7.850741147994995117e-01,5.660094022750854492e-01,9.840776324272155762e-01,6.364812850952148438e-01,4.985876977443695068e-01,9.646421670913696289e-01,7.490691542625427246e-01,6.335953474044799805e-01,8.565657138824462891e-01,7.423124313354492188e-01,5.984002947807312012e-01,7.998312711715698242e-01,6.598035693168640137e-01,5.149540901184082031e-01,7.460430264472961426e-01,7.453017830848693848e-01,5.978638529777526855e-01,7.392280101776123047e-01,6.812565326690673828e-01,5.096698999404907227e-01,7.228616476058959961e-01,5.367412567138671875e-01,3.562933504581451416e-01,7.049551010131835938e-01,5.847870707511901855e-01,4.601696729660034180e-01,5.055286884307861328e-01,5.486296415328979492e-01,4.795073270797729492e-01,4.829132556915283203e-01,4.049838781356811523e-01,3.288097977638244629e-01,4.289649128913879395e-01
6.020248532295227051e-01,7.340854406356811523e-01,6.382873654365539551e-01,7.133080959320068359e-01,7.635765671730041504e-01,5.211452841758728027e-01,7.172915935516357422e-01,7.607145905494689941e-01,5.046660900115966797e-01,7.212234139442443848e-01,7.046333551406860352e-01,6.517480015754699707e-01,6.782388091087341309e-01,4.226294755935668945e-01,5.399777889251708984e-01,7.850741147994995117e-01,1.000000119209289551e+00,8.679246902465820312e-01,8.495559692382812500e-01,7.581906914710998535e-01,6.513710021972656250e-01,8.516023159027099609e-01,8.361094594001770020e-01,7.437537908554077148e-01,8.179459571838378906e-01,7.471120357513427734e-01,6.681636571884155273e-01,8.036141991615295410e-01,7.392854690551757812e-01,6.342087388038635254e-01,7.767075896263122559e-01,7.128267884254455566e-01,6.026524901390075684e-01,7.647559046745300293e-01,6.953855752944946289e-01,5.382820367813110352e-01,7.522813677787780762e-01,6.042032837867736816e-01,4.215670824050903320e-01,7.383389472961425781e-01,6.087448596954345703e-01,4.216867685317993164e-01,4.095103442668914795e-01,4.705880880355834961e-01,4.122872650623321533e-01,3.824356198310852051e-01,3.417060375213623047e-01,2.975695729255676270e-01,3.415687084197998047e-01
4.194700717926025391e-01,5.521618723869323730e-01,4.613736867904663086e-01,4.848293066024780273e-01,5.916529893875122070e-01,5.143105387687683105e-01,4.912989437580108643e-01,6.742855310440063477e-01,5.056971907615661621e-01,4.965378046035766602e-01,7.785433530807495117e-01,7.076479792594909668e-01,4.486507475376129150e-01,2.195888608694076538e-01,3.550839424133300781e-01,5.660094022750854492e-01,8.679246902465820312e-01,1.000000000000000000e+00,6.710809469223022461e-01,6.418528556823730469e-01,6.390326023101806641e-01,6.830778717994689941e-01,7.333849072456359863e-01,6.646332740783691406e-01,6.521242260932922363e-01,5.887727737426757812e-01,5.655298829078674316e-01,6.751695275306701660e-01,6.642007231712341309e-01,6.052466630935668945e-01,6.795455813407897949e-01,6.046528220176696777e-01,5.261656045913696289e-01,6.759940981864929199e-01,6.112851500511169434e-01,4.789301455020904541e-01,6.730787158012390137e-01,5.652512311935424805e-01,4.051598608493804932e-01,6.675751805305480957e-01,5.511019825935363770e-01,3.388880789279937744e-01,2.938585281372070312e-01,3.395384252071380615e-01,2.983982861042022705e-01,2.663749754428863525e-01,2.458550930023193359e-01,2.182122915983200073e-01,2.351357638835906982e-01
7.389885187149047852e-01,6.600890755653381348e-01,5.549210309982299805e-01,8.939486742019653320e-01,8.380643129348754883e-01,4.495876729488372803e-01,8.962454795837402344e-01,7.123305201530456543e-01,4.030857384204864502e-01,8.991556763648986816e-01,5.686340332031250000e-01,5.422018170356750488e-01,9.149442911148071289e-01,7.629924416542053223e-01,8.290353417396545410e-01,9.840776324272155762e-01,8.495559692382812500e-01,6.710809469223022461e-01,1.000000000000000000e+00,7.259287834167480469e-01,6.009093523025512695e-01,9.923259615898132324e-01,8.314541578292846680e-01,7.204391360282897949e-01,9.038544297218322754e-01,8.002086281776428223e-01,6.706414222717285156e-01,8.608736395835876465e-01,7.373465895652770996e-01,5.982672572135925293e-01,8.145883679389953613e-01,7.931750416755676270e-01,6.464848518371582031e-01,8.065354824066162109e-01,7.393289208412170410e-01,5.597064495086669922e-01,7.908157706260681152e-01,6.055385470390319824e-01,4.120396971702575684e-01,7.737350463867187500e-01,6.431751251220703125e-01,4.882796406745910645e-01,5.160604715347290039e-01,5.623028278350830078e-01,4.936297833919525146e-01,4.901291728019714355e-01,4.171155393123626709e-01,3.445625305175781250e-01,4.364181458950042725e-01
2.767287194728851318e-01,4.599637091159820557e-01,3.720237314701080322e-01,4.910781681537628174e-01,5.644409060478210449e-01,3.222700655460357666e-01,4.939172863960266113e-01,6.149575710296630859e-01,3.591723144054412842e-01,4.992489516735076904e-01,4.704489111900329590e-01,5.614675283432006836e-01,5.164020061492919922e-01,3.201929032802581787e-01,4.484221637248992920e-01,6.364812850952148438e-01,7.581906914710998535e-01,6.418528556823730469e-01,7.259287834167480469e-01,1.000000000000000000e+00,8.845390677452087402e-01,7.705286741256713867e-01,8.784035444259643555e-01,8.253275752067565918e-01,8.070954680442810059e-01,8.009080290794372559e-01,7.754448056221008301e-01,8.225673437118530273e-01,8.098543882369995117e-01,7.399807572364807129e-01,8.117012977600097656e-01,7.020340561866760254e-01,6.013030409812927246e-01,7.872561216354370117e-01,6.981313824653625488e-01,5.575113296508789062e-01,7.717074155807495117e-01,6.696523427963256836e-01,5.047498941421508789e-01,7.578189969062805176e-01,6.434406638145446777e-01,4.520995616912841797e-01,4.079281985759735107e-01,4.440256059169769287e-01,3.982916474342346191e-01,3.792097568511962891e-01,3.507216274738311768e-01,3.203556835651397705e-01,3.537618815898895264e-01
1.965084969997406006e-01,3.589414954185485840e-01,2.772008478641510010e-01,3.534729778766632080e-01,4.577759504318237305e-01,3.133734762668609619e-01,3.573648035526275635e-01,5.246501564979553223e-01,3.598017692565917969e-01,3.630494177341461182e-01,4.724928736686706543e-01,5.586047768592834473e-01,3.738333582878112793e-01,2.104925662279129028e-01,3.524612486362457275e-01,4.985876977443695068e-01,6.513710021972656250e-01,6.390326023101806641e-01,6.009093523025512695e-01,8.845390677452087402e-01,1.000000000000000000e+00,6.735670566558837891e-01,8.069036006927490234e-01,7.648158073425292969e-01,6.911699175834655762e-01,6.715366244316101074e-01,6.827164888381958008e-01,7.385373115539550781e-01,7.574985623359680176e-01,7.218997478485107422e-01,7.535281181335449219e-01,6.505924463272094727e-01,5.632714629173278809e-01,7.393856644630432129e-01,6.559722423553466797e-01,5.234673619270324707e-01,7.316182255744934082e-01,6.630658507347106934e-01,5.108769536018371582e-01,7.243560552597045898e-01,6.033751964569091797e-01,3.843488395214080811e-01,3.208222389221191406e-01,3.547738790512084961e-01,3.162579238414764404e-01,2.920213937759399414e-01,2.753487527370452881e-01,2.488134056329727173e-01,2.648113667964935303e-01
7.007519006729125977e-01,6.480984687805175781e-01,5.439559817314147949e-01,8.614276647567749023e-01,8.197293281555175781e-01,4.477069377899169922e-01,8.639229536056518555e-01,7.122620344161987305e-01,4.124773740768432617e-01,8.673051595687866211e-01,5.721433758735656738e-01,5.651226639747619629e-01,8.841753005981445312e-01,7.246490716934204102e-01,8.024794459342956543e-01,9.646421670913696289e-01,8.516023159027099609e-01,6.830778717994689941e-01,9.923259615898132324e-01,7.705286741256713867e-01,6.735670566558837891e-01,9.999999403953552246e-01,8.750448822975158691e-01,7.723026275634765625e-01,9.289181232452392578e-01,8.335739374160766602e-01,7.160371541976928711e-01,8.964551091194152832e-01,7.851211428642272949e-01,6.528995037078857422e-01,8.565949797630310059e-01,8.239181637763977051e-01,6.771294474601745605e-01,8.479120135307312012e-01,7.740589380264282227e-01,5.896453857421875000e-01,8.324413299560546875e-01,6.526635885238647461e-01,4.535036385059356689e-01,8.160873651504516602e-01,6.805711984634399414e-01,5.107752680778503418e-01,5.284779667854309082e-01,5.743264555931091309e-01,5.054812431335449219e-01,5.006250143051147461e-01,4.276511669158935547e-01,3.546113669872283936e-01,4.456531107425689697e-01
4.054143130779266357e-01,5.221533775329589844e-01,4.289852380752563477e-01,5.957718491554260254e-01,6.541771292686462402e-01,4.052992463111877441e-01,5.993968248367309570e-01,6.328231692314147949e-01,3.946784734725952148e-01,6.046783328056335449e-01,5.824146270751953125e-01,6.408266425132751465e-01,6.158229708671569824e-01,4.211924970149993896e-01,5.638231039047241211e-01,7.490691542625427246e-01,8.361094594001770020e-01,7.333849072456359863e-01,8.314541578292846680e-01,8.784035444259643555e-01,8.069036006927490234e-01,8.750448822975158691e-01,1.000000000000000000e+00,9.502682685852050781e-01,9.383317232131958008e-01,9.031262397766113281e-01,8.563250899314880371e-01,9.431042075157165527e-01,9.003828763961791992e-01,8.076865077018737793e-01,9.280119538307189941e-01,8.410354256629943848e-01,7.251617908477783203e-01,9.126184582710266113e-01,8.227272629737854004e-01,6.519412398338317871e-01,9.004513025283813477e-01,7.673112154006958008e-01,5.668544769287109375e-01,8.872246742248535156e-01,7.591947317123413086e-01,5.578828454017639160e-01,5.263248682022094727e-01,5.611793994903564453e-01,5.081958174705505371e-01,4.915142357349395752e-01,4.351097047328948975e-01,3.766567707061767578e-01,4.444331526756286621e-01
3.210942447185516357e-01,4.532690346240997314e-01,3.763865828514099121e-01,4.955471456050872803e-01,5.599818825721740723e-01,3.483296632766723633e-01,4.985871016979217529e-01,5.569793581962585449e-01,3.397445976734161377e-01,5.032609701156616211e-01,5.074657797813415527e-01,5.623495578765869141e-01,5.091862082481384277e-01,3.258198201656341553e-01,4.555021524429321289e-01,6.335953474044799805e-01,7.437537908554077148e-01,6.646332740783691406e-01,7.204391360282897949e-01,8.253275752067565918e-01,7.648158073425292969e-01,7.723026275634765625e-01,9.502682685852050781e-01,1.000000000000000000e+00,9.140488505363464355e-01,8.975359201431274414e-01,8.782981634140014648e-01,9.321793913841247559e-01,9.125491380691528320e-01,8.413643836975097656e-01,9.262067675590515137e-01,8.312719464302062988e-01,7.375265359878540039e-01,9.094336628913879395e-01,8.228307962417602539e-01,6.633531451225280762e-01,8.961704373359680176e-01,8.036611676216125488e-01,6.166252493858337402e-01,8.840510249137878418e-01,7.802790999412536621e-01,5.997668504714965820e-01,5.510049462318420410e-01,5.776640176773071289e-01,5.330011248588562012e-01,5.132850408554077148e-01,4.514698088169097900e-01,3.954951763153076172e-01,4.673404693603515625e-01
5.683758258819580078e-01,5.923993587493896484e-01,5.030015707015991211e-01,7.433264255523681641e-01,7.290599942207336426e-01,4.013621211051940918e-01,7.453576326370239258e-01,6.585552096366882324e-01,3.644848167896270752e-01,7.489020228385925293e-01,5.261932611465454102e-01,5.418466925621032715e-01,7.626795172691345215e-01,5.838605165481567383e-01,6.745699644088745117e-01,8.565657138824462891e-01,8.179459571838378906e-01,6.521242260932922363e-01,9.038544297218322754e-01,8.070954680442810059e-01,6.911699175834655762e-01,9.289181232452392578e-01,9.383317232131958008e-01,9.140488505363464355e-01,1.000000119209289551e+00,9.436604976654052734e-01,8.524865508079528809e-01,9.801226854324340820e-01,8.972992897033691406e-01,7.755064964294433594e-01,9.462120532989501953e-01,8.932352662086486816e-01,7.652860879898071289e-01,9.334108233451843262e-01,8.560644984245300293e-01,6.701269745826721191e-01,9.161306619644165039e-01,7.611521482467651367e-01,5.528885722160339355e-01,8.989441394805908203e-01,7.846266031265258789e-01,6.271102428436279297e-01,6.234642863273620605e-01,6.600161194801330566e-01,5.982738733291625977e-01,5.895441770553588867e-01,5.037905573844909668e-01,4.279944896697998047e-01,5.329129099845886230e-01
4.249662756919860840e-01,5.093122720718383789e-01,4.370056092739105225e-01,6.148620843887329102e-01,6.125256419181823730e-01,3.377098143100738525e-01,6.165934801101684570e-01,5.883167386054992676e-01,3.171590566635131836e-01,6.202676892280578613e-01,4.627496898174285889e-01,5.024024248123168945e-01,6.422860026359558105e-01,4.572063684463500977e-01,5.413643121719360352e-01,7.423124313354492188e-01,7.471120357513427734e-01,5.887727737426757812e-01,8.002086281776428223e-01,8.009080290794372559e-01,6.715366244316101074e-01,8.335739374160766602e-01,9.031262397766113281e-01,8.975359201431274414e-01,9.436604976654052734e-01,1.000000000000000000e+00,9.317578673362731934e-01,9.446713924407958984e-01,8.839139342308044434e-01,7.708030939102172852e-01,9.125924706459045410e-01,8.192397952079772949e-01,7.097573280334472656e-01,8.929507732391357422e-01,8.316872715950012207e-01,6.559713482856750488e-01,8.765934705734252930e-01,7.482862472534179688e-01,5.551921725273132324e-01,8.590330481529235840e-01,7.493792772293090820e-01,5.942686796188354492e-01,5.674089789390563965e-01,6.011804938316345215e-01,5.540428757667541504e-01,5.343151688575744629e-01,4.668296277523040771e-01,4.059700667858123779e-01,4.882647097110748291e-01
2.922756373882293701e-01,4.198275208473205566e-01,3.523823320865631104e-01,4.738293290138244629e-01,4.985194504261016846e-01,2.950411140918731689e-01,4.761466085910797119e-01,5.034446716308593750e-01,2.941187322139739990e-01,4.803715050220489502e-01,4.410763978958129883e-01,4.962983429431915283e-01,4.942793548107147217e-01,3.177169561386108398e-01,4.130948483943939209e-01,5.984002947807312012e-01,6.681636571884155273e-01,5.655298829078674316e-01,6.706414222717285156e-01,7.754448056221008301e-01,6.827164888381958008e-01,7.160371541976928711e-01,8.563250899314880371e-01,8.782981634140014648e-01,8.524865508079528809e-01,9.317578673362731934e-01,1.000000119209289551e+00,9.056168794631958008e-01,8.892507553100585938e-01,8.240966796875000000e-01,8.974485993385314941e-01,7.751795053482055664e-01,6.897767186164855957e-01,8.754584789276123047e-01,8.057259917259216309e-01,6.590051054954528809e-01,8.638585209846496582e-01,7.783768773078918457e-01,6.088104248046875000e-01,8.497854471206665039e-01,7.397097349166870117e-01,5.643575787544250488e-01,5.040947198867797852e-01,5.370155572891235352e-01,5.051798820495605469e-01,4.685749411582946777e-01,4.254603981971740723e-01,3.829579651355743408e-01,4.312671124935150146e-01
5.095072388648986816e-01,5.582250952720642090e-01,4.691980481147766113e-01,6.776448488235473633e-01,6.802000403404235840e-01,3.977407813072204590e-01,6.802005171775817871e-01,6.416269540786743164e-01,3.763830065727233887e-01,6.842775940895080566e-01,5.406963825225830078e-01,5.637201666831970215e-01,6.962416172027587891e-01,5.140817761421203613e-01,6.194880008697509766e-01,7.998312711715698242e-01,8.036141991615295410e-01,6.751695275306701660e-01,8.608736395835876465e-01,8.225673437118530273e-01,7.385373115539550781e-01,8.964551091194152832e-01,9.431042075157165527e-01,9.321793913841247559e-01,9.801226854324340820e-01,9.446713924407958984e-01,9.056168794631958008e-01,1.000000000000000000e+00,9.479241967201232910e-01,8.473265171051025391e-01,9.832844138145446777e-01,9.104800820350646973e-01,7.892386913299560547e-01,9.700235724449157715e-01,8.912874460220336914e-01,7.096568942070007324e-01,9.557160735130310059e-01,8.204614520072937012e-01,6.142988801002502441e-01,9.405959844589233398e-01,8.227780461311340332e-01,6.369424462318420410e-01,6.082563996315002441e-01,6.465157866477966309e-01,5.890491008758544922e-01,5.702993869781494141e-01,4.961642920970916748e-01,4.274453222751617432e-01,5.166181921958923340e-01
3.810988664627075195e-01,4.806339144706726074e-01,3.973379433155059814e-01,5.366670489311218262e-01,5.584729313850402832e-01,3.585856854915618896e-01,5.396509766578674316e-01,5.755380988121032715e-01,3.662623763084411621e-01,5.442351698875427246e-01,5.220903754234313965e-01,5.567998290061950684e-01,5.487635731697082520e-01,3.656625449657440186e-01,4.917004704475402832e-01,6.598035693168640137e-01,7.392854690551757812e-01,6.642007231712341309e-01,7.373465895652770996e-01,8.098543882369995117e-01,7.574985623359680176e-01,7.851211428642272949e-01,9.003828763961791992e-01,9.125491380691528320e-01,8.972992897033691406e-01,8.839139342308044434e-01,8.892507553100585938e-01,9.479241967201232910e-01,1.000000000000000000e+00,9.346904158592224121e-01,9.658822417259216309e-01,8.661782741546630859e-01,7.594714760780334473e-01,9.485561251640319824e-01,8.740423917770385742e-01,7.132875919342041016e-01,9.369047880172729492e-01,8.476397991180419922e-01,6.589397192001342773e-01,9.243440032005310059e-01,8.101639747619628906e-01,5.981948971748352051e-01,5.322988629341125488e-01,5.717904567718505859e-01,5.251736640930175781e-01,4.909322857856750488e-01,4.427146017551422119e-01,3.929043710231781006e-01,4.463646113872528076e-01
2.622543573379516602e-01,3.858524858951568604e-01,3.148596286773681641e-01,3.993592262268066406e-01,4.460350871086120605e-01,3.109062910079956055e-01,4.026018977165222168e-01,4.897291958332061768e-01,3.289245665073394775e-01,4.073577523231506348e-01,4.734728634357452393e-01,5.183855295181274414e-01,4.060063362121582031e-01,2.390805631875991821e-01,3.665520250797271729e-01,5.149540901184082031e-01,6.342087388038635254e-01,6.052466630935668945e-01,5.982672572135925293e-01,7.399807572364807129e-01,7.218997478485107422e-01,6.528995037078857422e-01,8.076865077018737793e-01,8.413643836975097656e-01,7.755064964294433594e-01,7.708030939102172852e-01,8.240966796875000000e-01,8.473265171051025391e-01,9.346904158592224121e-01,1.000000000000000000e+00,9.105395078659057617e-01,7.978057265281677246e-01,7.244443893432617188e-01,8.935828208923339844e-01,8.147963881492614746e-01,6.929998397827148438e-01,8.865224719047546387e-01,8.387567996978759766e-01,6.870673894882202148e-01,8.787587285041809082e-01,7.748661637306213379e-01,5.626003742218017578e-01,4.749400019645690918e-01,5.060928463935852051e-01,4.733749926090240479e-01,4.336359798908233643e-01,4.059585928916931152e-01,3.723160922527313232e-01,3.966625928878784180e-01
4.617467820644378662e-01,5.223464369773864746e-01,4.335650205612182617e-01,6.199777722358703613e-01,6.349990963935852051e-01,3.919453024864196777e-01,6.230084896087646484e-01,6.184510588645935059e-01,3.826983273029327393e-01,6.274672746658325195e-01,5.456866025924682617e-01,5.729376673698425293e-01,6.368022561073303223e-01,4.590034782886505127e-01,5.755236744880676270e-01,7.460430264472961426e-01,7.767075896263122559e-01,6.795455813407897949e-01,8.145883679389953613e-01,8.117012977600097656e-01,7.535281181335449219e-01,8.565949797630310059e-01,9.280119538307189941e-01,9.262067675590515137e-01,9.462120532989501953e-01,9.125924706459045410e-01,8.974485993385314941e-01,9.832844138145446777e-01,9.658822417259216309e-01,9.105395078659057617e-01,1.000000000000000000e+00,9.214524626731872559e-01,8.086712360382080078e-01,9.896059036254882812e-01,9.107526540756225586e-01,7.400193810462951660e-01,9.799650311470031738e-01,8.684498667716979980e-01,6.704068183898925781e-01,9.690335392951965332e-01,8.582425713539123535e-01,6.541986465454101562e-01,6.043576598167419434e-01,6.424124836921691895e-01,5.879098773002624512e-01,5.634399652481079102e-01,5.021049380302429199e-01,4.399787783622741699e-01,5.120960474014282227e-01
5.012925267219543457e-01,4.909580051898956299e-01,4.012124836444854736e-01,6.313396096229553223e-01,6.486657261848449707e-01,3.803026676177978516e-01,6.341096758842468262e-01,5.669460296630859375e-01,3.424802720546722412e-01,6.376886963844299316e-01,4.943394660949707031e-01,5.033766031265258789e-01,6.477403640747070312e-01,5.117565393447875977e-01,6.139782667160034180e-01,7.453017830848693848e-01,7.128267884254455566e-01,6.046528220176696777e-01,7.931750416755676270e-01,7.020340561866760254e-01,6.505924463272094727e-01,8.239181637763977051e-01,8.410354256629943848e-01,8.312719464302062988e-01,8.932352662086486816e-01,8.192397952079772949e-01,7.751795053482055664e-01,9.104800820350646973e-01,8.661782741546630859e-01,7.978057265281677246e-01,9.214524626731872559e-01,1.000000000000000000e+00,9.036578536033630371e-01,9.369975328445434570e-01,8.542771339416503906e-01,6.791217327117919922e-01,9.224975109100341797e-01,7.953199744224548340e-01,5.992513895034790039e-01,9.107391238212585449e-01,8.168161511421203613e-01,6.420198678970336914e-01,6.139696836471557617e-01,6.503282785415649414e-01,5.889284014701843262e-01,5.795024037361145020e-01,5.024911165237426758e-01,4.327379763126373291e-01,5.188041329383850098e-01
