9.738070470501551945e-01,6.494553427527887113e-01,6.600785380594235141e-01,5.185252336151030539e-01,4.812778555811348946e-01,4.050282291468547680e-01,3.941789203435048239e-01
6.494553427527887113e-01,9.420237484046177778e-01,7.995319831267392319e-01,6.736640632807359141e-01,6.160696570518885418e-01,5.372604810772071415e-01,5.014719924173759447e-01
6.600785380594235141e-01,7.995319831267392319e-01,9.909820090044013652e-01,9.356608200611757908e-01,9.066734224835300004e-01,8.504326061958310534e-01,7.569224890501253800e-01
5.185252336151030539e-01,6.736640632807359141e-01,9.356608200611757908e-01,9.906412538173521298e-01,9.659577893684854200e-01,9.205865954128793494e-01,8.124540943982361263e-01
4.812778555811348946e-01,6.160696570518885418e-01,9.066734224835300004e-01,9.659577893684854200e-01,9.892328507557064388e-01,9.407546715442214325e-01,8.552079806651881055e-01
4.050282291468547680e-01,5.372604810772071415e-01,8.504326061958310534e-01,9.205865954128793494e-01,9.407546715442214325e-01,9.875367896516492605e-01,8.707159105891986162e-01
3.941789203435048239e-01,5.014719924173759447e-01,7.569224890501253800e-01,8.124540943982361263e-01,8.552079806651881055e-01,8.707159105891986162e-01,9.590375596155273907e-01
