1.511832792311906815e-02,1.574395038187503815e-02,1.712926104664802551e-02,1.522529963403940201e-02,1.661190763115882874e-02,1.625763066112995148e-02,1.524252351373434067e-02,1.531567238271236420e-02,1.685507781803607941e-02,1.534214150160551071e-02,1.368460617959499359e-02,1.447357796132564545e-02,1.517270691692829132e-02,1.483684033155441284e-02,1.360084116458892822e-02,1.515160221606492996e-02,1.295603252947330475e-02,1.245230436325073242e-02,1.508102938532829285e-02,1.584238000214099884e-02,1.321267336606979370e-02,1.505651604384183884e-02,1.470388378947973251e-02,1.571253500878810883e-02,1.485429611057043076e-02,1.265891268849372864e-02,1.091237179934978485e-02,1.480196882039308548e-02,1.417844742536544800e-02,1.268931571394205093e-02,1.472171116620302200e-02,1.447606179863214493e-02,1.440938096493482590e-02,1.467725634574890137e-02,1.508766692131757736e-02,1.545292604714632034e-02,1.462849788367748260e-02,1.391220930963754654e-02,1.351172290742397308e-02,1.455358415842056274e-02,1.373982895165681839e-02,1.266097370535135269e-02,1.290849223732948303e-02,1.282151229679584503e-02,1.245442777872085571e-02,1.280127000063657761e-02,1.247678231447935104e-02,1.190356351435184479e-02,1.272778771817684174e-02
1.574395038187503815e-02,1.605515554547309875e-02,1.752686128020286560e-02,1.553826034069061279e-02,1.694055087864398956e-02,1.664340496063232422e-02,1.555665675550699234e-02,1.569942757487297058e-02,1.727666147053241730e-02,1.565943472087383270e-02,1.394454948604106903e-02,1.475784741342067719e-02,1.549830846488475800e-02,1.513290125876665115e-02,1.388282328844070435e-02,1.547928526997566223e-02,1.328170765191316605e-02,1.278493180871009827e-02,1.540881581604480743e-02,1.618441008031368256e-02,1.348887756466865540e-02,1.538287103176116943e-02,1.505751814693212509e-02,1.605703122913837433e-02,1.518708653748035431e-02,1.297815050929784775e-02,1.120925229042768478e-02,1.513570267707109451e-02,1.451263669878244400e-02,1.296846009790897369e-02,1.505535654723644257e-02,1.481525320559740067e-02,1.472268812358379364e-02,1.500959601253271103e-02,1.545116771012544632e-02,1.581915095448493958e-02,1.496039889752864838e-02,1.423731911927461624e-02,1.381302718073129654e-02,1.488498412072658539e-02,1.406253594905138016e-02,1.296335272490978241e-02,1.318339351564645767e-02,1.309842616319656372e-02,1.274642255157232285e-02,1.307503785938024521e-02,1.274240855127573013e-02,1.217416021972894669e-02,1.300043985247612000e-02
1.712926104664802551e-02,1.752686128020286560e-02,2.061593346297740936e-02,1.818387210369110107e-02,1.992727071046829224e-02,1.984204724431037903e-02,1.821167208254337311e-02,1.864073053002357483e-02,2.050492540001869202e-02,1.833382807672023773e-02,1.642084680497646332e-02,1.739018782973289490e-02,1.818732731044292450e-02,1.786825247108936310e-02,1.647713407874107361e-02,1.817391254007816315e-02,1.572572439908981323e-02,1.520760077983140945e-02,1.809922046959400177e-02,1.899982802569866180e-02,1.607083715498447418e-02,1.807411946356296539e-02,1.781666278839111328e-02,1.895433105528354645e-02,1.791209168732166290e-02,1.543683372437953949e-02,1.346016395837068558e-02,1.786150410771369934e-02,1.720236241817474365e-02,1.547480840235948563e-02,1.777377352118492126e-02,1.755865104496479034e-02,1.747758872807025909e-02,1.772165112197399139e-02,1.823349669575691223e-02,1.879497990012168884e-02,1.766852661967277527e-02,1.691204495728015900e-02,1.651509478688240051e-02,1.758672669529914856e-02,1.668029651045799255e-02,1.549554150551557541e-02,1.551281008869409561e-02,1.545600313693284988e-02,1.518137846142053604e-02,1.539363153278827667e-02,1.504313480108976364e-02,1.450937800109386444e-02,1.531250216066837311e-02
1.522529963403940201e-02,1.553826034069061279e-02,1.818387210369110107e-02,1.624865457415580750e-02,1.773414202034473419e-02,1.743237487971782684e-02,1.626818254590034485e-02,1.642178557813167572e-02,1.811054348945617676e-02,1.637586019933223724e-02,1.457741670310497284e-02,1.546135544776916504e-02,1.622060127556324005e-02,1.589004322886466980e-02,1.459049247205257416e-02,1.620132662355899811e-02,1.390457712113857269e-02,1.341457944363355637e-02,1.612909696996212006e-02,1.696220040321350098e-02,1.413942594081163406e-02,1.610350422561168671e-02,1.576947979629039764e-02,1.686176285147666931e-02,1.590005122125148773e-02,1.355792488902807236e-02,1.170454826205968857e-02,1.584786362946033478e-02,1.520831044763326645e-02,1.362653169780969620e-02,1.576500013470649719e-02,1.553998608142137527e-02,1.547147985547780991e-02,1.571797952055931091e-02,1.618860661983489990e-02,1.660279184579849243e-02,1.566717773675918579e-02,1.489051803946495056e-02,1.451049093157052994e-02,1.558868959546089172e-02,1.470301859080791473e-02,1.357490662485361099e-02,1.380071416497230530e-02,1.374822296202182770e-02,1.340912654995918274e-02,1.368859596550464630e-02,1.335744932293891907e-02,1.278086937963962555e-02,1.361187361180782318e-02
1.661190763115882874e-02,1.694055087864398956e-02,1.992727071046829224e-02,1.773414202034473419e-02,1.938538625836372375e-02,1.921091042459011078e-02,1.770278997719287872e-02,1.801094226539134979e-02,1.989860087633132935e-02,1.782030053436756134e-02,1.592262648046016693e-02,1.691984571516513824e-02,1.768735982477664948e-02,1.741782203316688538e-02,1.605369150638580322e-02,1.767266169190406799e-02,1.526050455868244171e-02,1.477970555424690247e-02,1.759826205670833588e-02,1.848823763430118561e-02,1.554469577968120575e-02,1.757317967712879181e-02,1.729017123579978943e-02,1.847727224230766296e-02,1.739990711212158203e-02,1.489791274070739746e-02,1.295094657689332962e-02,1.734907366335391998e-02,1.670823991298675537e-02,1.505548600107431412e-02,1.726258546113967896e-02,1.705791242420673370e-02,1.702345721423625946e-02,1.721274666488170624e-02,1.772987470030784607e-02,1.826319284737110138e-02,1.716028898954391479e-02,1.636011712253093719e-02,1.604340039193630219e-02,1.707846485078334808e-02,1.614618301391601562e-02,1.500856690108776093e-02,1.517522428184747696e-02,1.512361224740743637e-02,1.483471877872943878e-02,1.505677402019500732e-02,1.470317319035530090e-02,1.414912287145853043e-02,1.497639808803796768e-02
1.625763066112995148e-02,1.664340496063232422e-02,1.984204724431037903e-02,1.743237487971782684e-02,1.921091042459011078e-02,2.017919346690177917e-02,1.856827922165393829e-02,1.892961561679840088e-02,2.091622352600097656e-02,1.869097352027893066e-02,1.669569686055183411e-02,1.774111762642860413e-02,1.856659166514873505e-02,1.828027702867984772e-02,1.684281788766384125e-02,1.855282858014106750e-02,1.605067960917949677e-02,1.553442236036062241e-02,1.847560144960880280e-02,1.941254921257495880e-02,1.635631918907165527e-02,1.844946481287479401e-02,1.816526241600513458e-02,1.939876750111579895e-02,1.826960593461990356e-02,1.565969549119472504e-02,1.364103332161903381e-02,1.821823418140411377e-02,1.756518892943859100e-02,1.581841707229614258e-02,1.812844909727573395e-02,1.792361028492450714e-02,1.786798983812332153e-02,1.807714439928531647e-02,1.862619817256927490e-02,1.916963048279285431e-02,1.802293583750724792e-02,1.719178631901741028e-02,1.687796413898468018e-02,1.793887838721275330e-02,1.696896553039550781e-02,1.580056361854076385e-02,1.591642014682292938e-02,1.585492864251136780e-02,1.556226611137390137e-02,1.579302735626697540e-02,1.540798414498567581e-02,1.484191790223121643e-02,1.570943184196949005e-02
1.524252351373434067e-02,1.555665675550699234e-02,1.821167208254337311e-02,1.626818254590034485e-02,1.770278997719287872e-02,1.856827922165393829e-02,1.629131287336349487e-02,1.644497178494930267e-02,1.813583634793758392e-02,1.639912649989128113e-02,1.459670625627040863e-02,1.548273209482431412e-02,1.624467410147190094e-02,1.591193675994873047e-02,1.461077108979225159e-02,1.622544415295124054e-02,1.392632536590099335e-02,1.343525573611259460e-02,1.615313626825809479e-02,1.698704436421394348e-02,1.415845472365617752e-02,1.612742245197296143e-02,1.579287648200988770e-02,1.688523776829242706e-02,1.592390611767768860e-02,1.357899885624647141e-02,1.172171253710985184e-02,1.587173528969287872e-02,1.523203961551189423e-02,1.364665571600198746e-02,1.578881219029426575e-02,1.556427776813507080e-02,1.549382135272026062e-02,1.574174501001834869e-02,1.621377654373645782e-02,1.662605069577693939e-02,1.569089293479919434e-02,1.491211634129285812e-02,1.453135535120964050e-02,1.561232376843690872e-02,1.472509745508432388e-02,1.359483413398265839e-02,1.382196508347988129e-02,1.376996561884880066e-02,1.342967618256807327e-02,1.370972022414207458e-02,1.337798964232206345e-02,1.279975753277540207e-02,1.363293267786502838e-02
1.531567238271236420e-02,1.569942757487297058e-02,1.864073053002357483e-02,1.642178557813167572e-02,1.801094226539134979e-02,1.892961561679840088e-02,1.644497178494930267e-02,1.715920120477676392e-02,1.891972310841083527e-02,1.707630977034568787e-02,1.520640961825847626e-02,1.612843759357929230e-02,1.693863980472087860e-02,1.659139990806579590e-02,1.523448619991540909e-02,1.692058518528938293e-02,1.456519961357116699e-02,1.405688188970088959e-02,1.684654131531715393e-02,1.769465580582618713e-02,1.477090083062648773e-02,1.681943610310554504e-02,1.648834533989429474e-02,1.759269833564758301e-02,1.660860329866409302e-02,1.419610995799303055e-02,1.226864848285913467e-02,1.655675657093524933e-02,1.592303998768329620e-02,1.427052356302738190e-02,1.647159829735755920e-02,1.626301556825637817e-02,1.616516150534152985e-02,1.642321795225143433e-02,1.691395044326782227e-02,1.733184047043323517e-02,1.637127995491027832e-02,1.555969007313251495e-02,1.517160981893539429e-02,1.629112102091312408e-02,1.538023632019758224e-02,1.418832968920469284e-02,1.442925352603197098e-02,1.438420452177524567e-02,1.401067804545164108e-02,1.431372761726379395e-02,1.397590339183807373e-02,1.335550937801599503e-02,1.423515379428863525e-02
1.685507781803607941e-02,1.727666147053241730e-02,2.050492540001869202e-02,1.811054348945617676e-02,1.989860087633132935e-02,2.091622352600097656e-02,1.813583634793758392e-02,1.891972310841083527e-02,2.058450877666473389e-02,1.828508265316486359e-02,1.633610017597675323e-02,1.738436333835124969e-02,1.817747391760349274e-02,1.791765354573726654e-02,1.656006835401058197e-02,1.816746965050697327e-02,1.578435115516185760e-02,1.536810677498579025e-02,1.809645444154739380e-02,1.899258419871330261e-02,1.600643247365951538e-02,1.807165145874023438e-02,1.784968376159667969e-02,1.906234771013259888e-02,1.785244047641754150e-02,1.534547191113233566e-02,1.337671279907226562e-02,1.780497282743453979e-02,1.719739288091659546e-02,1.555157266557216644e-02,1.771962828934192657e-02,1.755598373711109161e-02,1.755101978778839111e-02,1.766870915889739990e-02,1.819743961095809937e-02,1.881471462547779083e-02,1.761577092111110687e-02,1.682052575051784515e-02,1.654367521405220032e-02,1.753474771976470947e-02,1.658633351325988770e-02,1.543638482689857483e-02,1.540803536772727966e-02,1.541389618068933487e-02,1.522959955036640167e-02,1.529080793261528015e-02,1.494915597140789032e-02,1.447215676307678223e-02,1.521233748644590378e-02
1.534214150160551071e-02,1.565943472087383270e-02,1.833382807672023773e-02,1.637586019933223724e-02,1.782030053436756134e-02,1.869097352027893066e-02,1.639912649989128113e-02,1.707630977034568787e-02,1.828508265316486359e-02,1.644025184214115143e-02,1.463241968303918839e-02,1.552332099527120590e-02,1.628876850008964539e-02,1.595481485128402710e-02,1.465187408030033112e-02,1.626984588801860809e-02,1.397033128887414932e-02,1.347911171615123749e-02,1.619754172861576080e-02,1.703322306275367737e-02,1.419743895530700684e-02,1.617165096104145050e-02,1.583909243345260620e-02,1.693080365657806396e-02,1.596794277429580688e-02,1.362031698226928711e-02,1.175747346132993698e-02,1.591601222753524780e-02,1.527803856879472733e-02,1.368880830705165863e-02,1.583311334252357483e-02,1.561070047318935394e-02,1.553815882652997971e-02,1.578599959611892700e-02,1.625998690724372864e-02,1.667153090238571167e-02,1.573512703180313110e-02,1.495366450399160385e-02,1.457370258867740631e-02,1.565651595592498779e-02,1.476760022342205048e-02,1.363640185445547104e-02,1.385960169136524200e-02,1.380904205143451691e-02,1.346973422914743423e-02,1.374724227935075760e-02,1.341447513550519943e-02,1.283643487840890884e-02,1.367042399942874908e-02
1.368460617959499359e-02,1.394454948604106903e-02,1.642084680497646332e-02,1.457741670310497284e-02,1.592262648046016693e-02,1.669569686055183411e-02,1.459670625627040863e-02,1.520640961825847626e-02,1.633610017597675323e-02,1.463241968303918839e-02,1.465494185686111450e-02,1.553642377257347107e-02,1.630956120789051056e-02,1.597740687429904938e-02,1.468805037438869476e-02,1.629245840013027191e-02,1.402335055172443390e-02,1.353153027594089508e-02,1.622095517814159393e-02,1.704045012593269348e-02,1.425318699330091476e-02,1.619502902030944824e-02,1.588834635913372040e-02,1.694700308144092560e-02,1.600209437310695648e-02,1.368213351815938950e-02,1.184460986405611038e-02,1.595236919820308685e-02,1.533091440796852112e-02,1.374343037605285645e-02,1.587059721350669861e-02,1.565806381404399872e-02,1.556819770485162735e-02,1.582381688058376312e-02,1.629529148340225220e-02,1.671126112341880798e-02,1.577354036271572113e-02,1.501523796468973160e-02,1.462342962622642517e-02,1.569605804979801178e-02,1.483185309916734695e-02,1.369146443903446198e-02,1.392264850437641144e-02,1.387325674295425415e-02,1.355249620974063873e-02,1.381101738661527634e-02,1.347480714321136475e-02,1.291650906205177307e-02,1.373450178653001785e-02
1.447357796132564545e-02,1.475784741342067719e-02,1.739018782973289490e-02,1.546135544776916504e-02,1.691984571516513824e-02,1.774111762642860413e-02,1.548273209482431412e-02,1.612843759357929230e-02,1.738436333835124969e-02,1.552332099527120590e-02,1.553642377257347107e-02,1.601075753569602966e-02,1.679267920553684235e-02,1.649070903658866882e-02,1.521364599466323853e-02,1.678016781806945801e-02,1.453342102468013763e-02,1.406859513372182846e-02,1.670960523188114166e-02,1.752137392759323120e-02,1.472587417811155319e-02,1.668319664895534515e-02,1.643928140401840210e-02,1.750075817108154297e-02,1.648579724133014679e-02,1.414209231734275818e-02,1.229826547205448151e-02,1.643885299563407898e-02,1.583656296133995056e-02,1.424237992614507675e-02,1.635770499706268311e-02,1.616180501878261566e-02,1.609808392822742462e-02,1.630968786776065826e-02,1.679556630551815033e-02,1.727886870503425598e-02,1.625930145382881165e-02,1.550611574202775955e-02,1.516857277601957321e-02,1.618144102394580841e-02,1.531541440635919571e-02,1.420438289642333984e-02,1.430558506399393082e-02,1.425158046185970306e-02,1.400210987776517868e-02,1.419298909604549408e-02,1.383890584111213684e-02,1.333952695131301880e-02,1.411639899015426636e-02
1.517270691692829132e-02,1.549830846488475800e-02,1.818732731044292450e-02,1.622060127556324005e-02,1.768735982477664948e-02,1.856659166514873505e-02,1.624467410147190094e-02,1.693863980472087860e-02,1.817747391760349274e-02,1.628876850008964539e-02,1.630956120789051056e-02,1.679267920553684235e-02,1.624510996043682098e-02,1.587398350238800049e-02,1.456382218748331070e-02,1.622510701417922974e-02,1.390839926898479462e-02,1.340583525598049164e-02,1.615199446678161621e-02,1.700071990489959717e-02,1.411474775522947311e-02,1.612446270883083344e-02,1.576205343008041382e-02,1.684429123997688293e-02,1.593634672462940216e-02,1.358056347817182541e-02,1.168277766555547714e-02,1.588459126651287079e-02,1.524375379085540771e-02,1.362371817231178284e-02,1.580173522233963013e-02,1.558465510606765747e-02,1.547731552273035049e-02,1.575477235019207001e-02,1.623176038265228271e-02,1.658841781318187714e-02,1.570365577936172485e-02,1.489461958408355713e-02,1.449390500783920288e-02,1.562444400042295456e-02,1.472260430455207825e-02,1.356838084757328033e-02,1.384501345455646515e-02,1.380574330687522888e-02,1.343035418540239334e-02,1.373226195573806763e-02,1.340836100280284882e-02,1.279687229543924332e-02,1.365507580339908600e-02
1.483684033155441284e-02,1.513290125876665115e-02,1.786825247108936310e-02,1.589004322886466980e-02,1.741782203316688538e-02,1.828027702867984772e-02,1.591193675994873047e-02,1.659139990806579590e-02,1.791765354573726654e-02,1.595481485128402710e-02,1.597740687429904938e-02,1.649070903658866882e-02,1.587398350238800049e-02,1.591767929494380951e-02,1.459019724279642105e-02,1.629232987761497498e-02,1.394811179488897324e-02,1.341997832059860229e-02,1.621778309345245361e-02,1.708943024277687073e-02,1.412335224449634552e-02,1.618859916925430298e-02,1.580144837498664856e-02,1.688144169747829437e-02,1.600241288542747498e-02,1.361451204866170883e-02,1.167392637580633163e-02,1.595103181898593903e-02,1.531085092574357986e-02,1.364796888083219528e-02,1.586798578500747681e-02,1.566162891685962677e-02,1.551733724772930145e-02,1.582153327763080597e-02,1.631215400993824005e-02,1.662096194922924042e-02,1.577036455273628235e-02,1.491481345146894455e-02,1.451843045651912689e-02,1.569090969860553741e-02,1.476201973855495453e-02,1.360276434570550919e-02,1.390449795871973038e-02,1.387874875217676163e-02,1.347122434526681900e-02,1.379131805151700974e-02,1.347014307975769043e-02,1.282217446714639664e-02,1.371413189917802811e-02
1.360084116458892822e-02,1.388282328844070435e-02,1.647713407874107361e-02,1.459049247205257416e-02,1.605369150638580322e-02,1.684281788766384125e-02,1.461077108979225159e-02,1.523448619991540909e-02,1.656006835401058197e-02,1.465187408030033112e-02,1.468805037438869476e-02,1.521364599466323853e-02,1.456382218748331070e-02,1.459019724279642105e-02,1.527882646769285202e-02,1.700831018388271332e-02,1.461732108145952225e-02,1.410635467618703842e-02,1.693359017372131348e-02,1.782483421266078949e-02,1.477281190454959869e-02,1.690492033958435059e-02,1.655046455562114716e-02,1.767602562904357910e-02,1.668543368577957153e-02,1.422557886689901352e-02,1.223727408796548843e-02,1.663350872695446014e-02,1.598094403743743896e-02,1.428368035703897476e-02,1.654837839305400848e-02,1.634369976818561554e-02,1.622056029736995697e-02,1.649979688227176666e-02,1.702265813946723938e-02,1.737540774047374725e-02,1.644705049693584442e-02,1.559014338999986649e-02,1.522445306181907654e-02,1.636589504778385162e-02,1.540985330939292908e-02,1.424153055995702744e-02,1.445073727518320084e-02,1.442141178995370865e-02,1.403940096497535706e-02,1.433412358164787292e-02,1.399752125144004822e-02,1.335970591753721237e-02,1.425504032522439957e-02
1.515160221606492996e-02,1.547928526997566223e-02,1.817391254007816315e-02,1.620132662355899811e-02,1.767266169190406799e-02,1.855282858014106750e-02,1.622544415295124054e-02,1.692058518528938293e-02,1.816746965050697327e-02,1.626984588801860809e-02,1.629245840013027191e-02,1.678016781806945801e-02,1.622510701417922974e-02,1.629232987761497498e-02,1.700831018388271332e-02,1.617248542606830597e-02,1.386264432221651077e-02,1.335904002189636230e-02,1.609951443970203400e-02,1.694512739777565002e-02,1.406254339963197708e-02,1.607184670865535736e-02,1.570817828178405762e-02,1.678401231765747070e-02,1.588391885161399841e-02,1.353533100336790085e-02,1.164030563086271286e-02,1.583231799304485321e-02,1.519321743398904800e-02,1.357452571392059326e-02,1.574970409274101257e-02,1.553311105817556381e-02,1.542214211076498032e-02,1.570289768278598785e-02,1.617885380983352661e-02,1.652832329273223877e-02,1.565191149711608887e-02,1.484252605587244034e-02,1.444017235189676285e-02,1.557290088385343552e-02,1.467320416122674942e-02,1.352023798972368240e-02,1.380164362490177155e-02,1.376148592680692673e-02,1.338330376893281937e-02,1.368915010243654251e-02,1.336554903537034988e-02,1.275224145501852036e-02,1.361213531345129013e-02
1.295603252947330475e-02,1.328170765191316605e-02,1.572572439908981323e-02,1.390457712113857269e-02,1.526050455868244171e-02,1.605067960917949677e-02,1.392632536590099335e-02,1.456519961357116699e-02,1.578435115516185760e-02,1.397033128887414932e-02,1.402335055172443390e-02,1.453342102468013763e-02,1.390839926898479462e-02,1.394811179488897324e-02,1.461732108145952225e-02,1.386264432221651077e-02,1.313239987939596176e-02,1.261126063764095306e-02,1.527237053960561752e-02,1.608349941670894623e-02,1.331855636090040207e-02,1.524491794407367706e-02,1.486185006797313690e-02,1.586648076772689819e-02,1.505700312554836273e-02,1.281916070729494095e-02,1.100799534469842911e-02,1.500601042062044144e-02,1.438430696725845337e-02,1.281254831701517105e-02,1.492649689316749573e-02,1.470502652227878571e-02,1.457141060382127762e-02,1.488220784813165665e-02,1.533889397978782654e-02,1.560534723103046417e-02,1.483299490064382553e-02,1.404822710901498795e-02,1.361387409269809723e-02,1.475712005048990250e-02,1.390128210186958313e-02,1.277918368577957153e-02,1.311981398612260818e-02,1.306189876049757004e-02,1.266367547214031219e-02,1.301151607185602188e-02,1.268398016691207886e-02,1.207590568810701370e-02,1.293717138469219208e-02
1.245230436325073242e-02,1.278493180871009827e-02,1.520760077983140945e-02,1.341457944363355637e-02,1.477970555424690247e-02,1.553442236036062241e-02,1.343525573611259460e-02,1.405688188970088959e-02,1.536810677498579025e-02,1.347911171615123749e-02,1.353153027594089508e-02,1.406859513372182846e-02,1.340583525598049164e-02,1.341997832059860229e-02,1.410635467618703842e-02,1.335904002189636230e-02,1.261126063764095306e-02,1.186559256166219711e-02,1.434502191841602325e-02,1.507526729255914688e-02,1.245993934571743011e-02,1.431720796972513199e-02,1.397856790572404861e-02,1.488627679646015167e-02,1.411190815269947052e-02,1.203088555485010147e-02,1.032708771526813507e-02,1.406452432274818420e-02,1.349153555929660797e-02,1.200291048735380173e-02,1.399015542119741440e-02,1.377297658473253250e-02,1.363695692270994186e-02,1.394817605614662170e-02,1.437561586499214172e-02,1.460879202932119370e-02,1.390196010470390320e-02,1.315678283572196960e-02,1.275220420211553574e-02,1.383102964609861374e-02,1.303509064018726349e-02,1.199881453067064285e-02,1.227559428662061691e-02,1.220427360385656357e-02,1.184153184294700623e-02,1.217344123870134354e-02,1.184738613665103912e-02,1.127623021602630615e-02,1.210347842425107956e-02
1.508102938532829285e-02,1.540881581604480743e-02,1.809922046959400177e-02,1.612909696996212006e-02,1.759826205670833588e-02,1.847560144960880280e-02,1.615313626825809479e-02,1.684654131531715393e-02,1.809645444154739380e-02,1.619754172861576080e-02,1.622095517814159393e-02,1.670960523188114166e-02,1.615199446678161621e-02,1.621778309345245361e-02,1.693359017372131348e-02,1.609951443970203400e-02,1.527237053960561752e-02,1.434502191841602325e-02,1.604080386459827423e-02,1.688344776630401611e-02,1.400567311793565750e-02,1.601304300129413605e-02,1.564851216971874237e-02,1.671740785241127014e-02,1.582541875541210175e-02,1.348478905856609344e-02,1.159348897635936737e-02,1.577398739755153656e-02,1.513664703816175461e-02,1.351999957114458084e-02,1.569164171814918518e-02,1.547533832490444183e-02,1.536098867654800415e-02,1.564499549567699432e-02,1.611975580453872681e-02,1.646212488412857056e-02,1.559414435178041458e-02,1.478507462888956070e-02,1.438119262456893921e-02,1.551535166800022125e-02,1.461816020309925079e-02,1.346677448600530624e-02,1.375140715390443802e-02,1.371038239449262619e-02,1.333076972514390945e-02,1.363920792937278748e-02,1.331585366278886795e-02,1.270189136266708374e-02,1.356238778680562973e-02
1.584238000214099884e-02,1.618441008031368256e-02,1.899982802569866180e-02,1.696220040321350098e-02,1.848823763430118561e-02,1.941254921257495880e-02,1.698704436421394348e-02,1.769465580582618713e-02,1.899258419871330261e-02,1.703322306275367737e-02,1.704045012593269348e-02,1.752137392759323120e-02,1.700071990489959717e-02,1.708943024277687073e-02,1.782483421266078949e-02,1.694512739777565002e-02,1.608349941670894623e-02,1.507526729255914688e-02,1.688344776630401611e-02,1.683954522013664246e-02,1.396607886999845505e-02,1.597318984568119049e-02,1.559965778142213821e-02,1.664409786462783813e-02,1.578714512288570404e-02,1.346441172063350677e-02,1.156019791960716248e-02,1.573671959340572357e-02,1.511020679026842117e-02,1.348127238452434540e-02,1.565519720315933228e-02,1.544644311070442200e-02,1.530646905303001404e-02,1.560993865132331848e-02,1.608626358211040497e-02,1.638281345367431641e-02,1.555983815342187881e-02,1.473763212561607361e-02,1.433000620454549789e-02,1.548176538199186325e-02,1.459078118205070496e-02,1.344818063080310822e-02,1.374252326786518097e-02,1.369703467935323715e-02,1.328727230429649353e-02,1.363052520900964737e-02,1.329762954264879227e-02,1.266878936439752579e-02,1.355407666414976120e-02
1.321267336606979370e-02,1.348887756466865540e-02,1.607083715498447418e-02,1.413942594081163406e-02,1.554469577968120575e-02,1.635631918907165527e-02,1.415845472365617752e-02,1.477090083062648773e-02,1.600643247365951538e-02,1.419743895530700684e-02,1.425318699330091476e-02,1.472587417811155319e-02,1.411474775522947311e-02,1.412335224449634552e-02,1.477281190454959869e-02,1.406254339963197708e-02,1.331855636090040207e-02,1.245993934571743011e-02,1.400567311793565750e-02,1.396607886999845505e-02,1.402709819376468658e-02,1.608285866677761078e-02,1.571274735033512115e-02,1.675481162965297699e-02,1.586825586855411530e-02,1.353533100336790085e-02,1.163197867572307587e-02,1.581662707030773163e-02,1.518619526177644730e-02,1.356010697782039642e-02,1.573460921645164490e-02,1.552415732294321060e-02,1.537790801376104355e-02,1.568870060145854950e-02,1.617897488176822662e-02,1.646967604756355286e-02,1.563805900514125824e-02,1.480643916875123978e-02,1.440965291112661362e-02,1.556037552654743195e-02,1.465400680899620056e-02,1.352039072662591934e-02,1.377769559621810913e-02,1.372370310127735138e-02,1.329743303358554840e-02,1.366543397307395935e-02,1.331772003322839737e-02,1.267035026103258133e-02,1.358848065137863159e-02
1.505651604384183884e-02,1.538287103176116943e-02,1.807411946356296539e-02,1.610350422561168671e-02,1.757317967712879181e-02,1.844946481287479401e-02,1.612742245197296143e-02,1.681943610310554504e-02,1.807165145874023438e-02,1.617165096104145050e-02,1.619502902030944824e-02,1.668319664895534515e-02,1.612446270883083344e-02,1.618859916925430298e-02,1.690492033958435059e-02,1.607184670865535736e-02,1.524491794407367706e-02,1.431720796972513199e-02,1.601304300129413605e-02,1.597318984568119049e-02,1.608285866677761078e-02,1.602848805487155914e-02,1.566430553793907166e-02,1.673357933759689331e-02,1.584148034453392029e-02,1.349884830415248871e-02,1.160543505102396011e-02,1.579011790454387665e-02,1.515258010476827621e-02,1.353430654853582382e-02,1.570775918662548065e-02,1.549206487834453583e-02,1.537737343460321426e-02,1.566108129918575287e-02,1.613686420023441315e-02,1.647933945059776306e-02,1.561021897941827774e-02,1.480000745505094528e-02,1.439688075333833694e-02,1.553137600421905518e-02,1.463336683809757233e-02,1.348185632377862930e-02,1.376574859023094177e-02,1.372484583407640457e-02,1.334585435688495636e-02,1.365346927195787430e-02,1.333003863692283630e-02,1.271633990108966827e-02,1.357660349458456039e-02
1.470388378947973251e-02,1.505751814693212509e-02,1.781666278839111328e-02,1.576947979629039764e-02,1.729017123579978943e-02,1.816526241600513458e-02,1.579287648200988770e-02,1.648834533989429474e-02,1.784968376159667969e-02,1.583909243345260620e-02,1.588834635913372040e-02,1.643928140401840210e-02,1.576205343008041382e-02,1.580144837498664856e-02,1.655046455562114716e-02,1.570817828178405762e-02,1.486185006797313690e-02,1.397856790572404861e-02,1.564851216971874237e-02,1.559965778142213821e-02,1.571274735033512115e-02,1.566430553793907166e-02,1.485903095453977585e-02,1.583940349519252777e-02,1.506216917186975479e-02,1.281956955790519714e-02,1.097129937261343002e-02,1.501228380948305130e-02,1.439302600920200348e-02,1.279181893914937973e-02,1.493308972567319870e-02,1.472039148211479187e-02,1.455586031079292297e-02,1.488868705928325653e-02,1.535236556082963943e-02,1.559230685234069824e-02,1.483959238976240158e-02,1.402942277491092682e-02,1.359665393829345703e-02,1.476338692009449005e-02,1.389711443334817886e-02,1.276501268148422241e-02,1.312974840402603149e-02,1.307707652449607849e-02,1.265297178179025650e-02,1.302108447998762131e-02,1.270352955907583237e-02,1.206130068749189377e-02,1.294659357517957687e-02
1.571253500878810883e-02,1.605703122913837433e-02,1.895433105528354645e-02,1.686176285147666931e-02,1.847727224230766296e-02,1.939876750111579895e-02,1.688523776829242706e-02,1.759269833564758301e-02,1.906234771013259888e-02,1.693080365657806396e-02,1.694700308144092560e-02,1.750075817108154297e-02,1.684429123997688293e-02,1.688144169747829437e-02,1.767602562904357910e-02,1.678401231765747070e-02,1.586648076772689819e-02,1.488627679646015167e-02,1.671740785241127014e-02,1.664409786462783813e-02,1.675481162965297699e-02,1.673357933759689331e-02,1.583940349519252777e-02,1.493935007601976395e-02,1.417970657348632812e-02,1.207012124359607697e-02,1.033685915172100067e-02,1.413225103169679642e-02,1.355285476893186569e-02,1.202771626412868500e-02,1.405715849250555038e-02,1.384801510721445084e-02,1.368839573115110397e-02,1.401526201516389847e-02,1.445538364350795746e-02,1.467886567115783691e-02,1.396874897181987762e-02,1.320202741771936417e-02,1.278435718268156052e-02,1.389734819531440735e-02,1.308423001319169998e-02,1.202106941491365433e-02,1.237365137785673141e-02,1.230668555945158005e-02,1.188787352293729782e-02,1.227080915123224258e-02,1.195511966943740845e-02,1.132848672568798065e-02,1.220009941607713699e-02
1.485429611057043076e-02,1.518708653748035431e-02,1.791209168732166290e-02,1.590005122125148773e-02,1.739990711212158203e-02,1.826960593461990356e-02,1.592390611767768860e-02,1.660860329866409302e-02,1.785244047641754150e-02,1.596794277429580688e-02,1.600209437310695648e-02,1.648579724133014679e-02,1.593634672462940216e-02,1.600241288542747498e-02,1.668543368577957153e-02,1.588391885161399841e-02,1.505700312554836273e-02,1.411190815269947052e-02,1.582541875541210175e-02,1.578714512288570404e-02,1.586825586855411530e-02,1.584148034453392029e-02,1.506216917186975479e-02,1.417970657348632812e-02,1.551054790616035461e-02,1.322113163769245148e-02,1.131705101579427719e-02,1.545919850468635559e-02,1.481052208691835403e-02,1.318393461406230927e-02,1.537787355482578278e-02,1.515438966453075409e-02,1.495981123298406601e-02,1.533192209899425507e-02,1.580198109149932861e-02,1.602614670991897583e-02,1.528166234493255615e-02,1.445131190121173859e-02,1.400378998368978500e-02,1.520420797169208527e-02,1.431873161345720291e-02,1.313182432204484940e-02,1.350660715252161026e-02,1.346878241747617722e-02,1.300791185349225998e-02,1.339447032660245895e-02,1.307431329041719437e-02,1.240689866244792938e-02,1.331749744713306427e-02
1.265891268849372864e-02,1.297815050929784775e-02,1.543683372437953949e-02,1.355792488902807236e-02,1.489791274070739746e-02,1.565969549119472504e-02,1.357899885624647141e-02,1.419610995799303055e-02,1.534547191113233566e-02,1.362031698226928711e-02,1.368213351815938950e-02,1.414209231734275818e-02,1.358056347817182541e-02,1.361451204866170883e-02,1.422557886689901352e-02,1.353533100336790085e-02,1.281916070729494095e-02,1.203088555485010147e-02,1.348478905856609344e-02,1.346441172063350677e-02,1.353533100336790085e-02,1.349884830415248871e-02,1.281956955790519714e-02,1.207012124359607697e-02,1.322113163769245148e-02,1.327222958207130432e-02,1.135871745645999908e-02,1.549639832228422165e-02,1.484905928373336792e-02,1.321520097553730011e-02,1.541516650468111038e-02,1.519052498042583466e-02,1.498394832015037537e-02,1.536874845623970032e-02,1.584066264331340790e-02,1.605615206062793732e-02,1.531833503395318985e-02,1.449130475521087646e-02,1.404725946485996246e-02,1.524102035909891129e-02,1.435974333435297012e-02,1.317443139851093292e-02,1.350591890513896942e-02,1.346147712320089340e-02,1.300522405654191971e-02,1.339339278638362885e-02,1.306837238371372223e-02,1.240598689764738083e-02,1.331598032265901566e-02
1.091237179934978485e-02,1.120925229042768478e-02,1.346016395837068558e-02,1.170454826205968857e-02,1.295094657689332962e-02,1.364103332161903381e-02,1.172171253710985184e-02,1.226864848285913467e-02,1.337671279907226562e-02,1.175747346132993698e-02,1.184460986405611038e-02,1.229826547205448151e-02,1.168277766555547714e-02,1.167392637580633163e-02,1.223727408796548843e-02,1.164030563086271286e-02,1.100799534469842911e-02,1.032708771526813507e-02,1.159348897635936737e-02,1.156019791960716248e-02,1.163197867572307587e-02,1.160543505102396011e-02,1.097129937261343002e-02,1.033685915172100067e-02,1.131705101579427719e-02,1.135871745645999908e-02,1.175627019256353378e-02,1.589464209973812103e-02,1.525258459150791168e-02,1.361370738595724106e-02,1.581320166587829590e-02,1.558838598430156708e-02,1.541171036660671234e-02,1.576531864702701569e-02,1.625281386077404022e-02,1.653456687927246094e-02,1.571402885019779205e-02,1.491346955299377441e-02,1.450441591441631317e-02,1.563755981624126434e-02,1.475186459720134735e-02,1.360917836427688599e-02,1.377740502357482910e-02,1.372952479869127274e-02,1.332510914653539658e-02,1.366428565233945847e-02,1.332125719636678696e-02,1.269004959613084793e-02,1.358670089393854141e-02
1.480196882039308548e-02,1.513570267707109451e-02,1.786150410771369934e-02,1.584786362946033478e-02,1.734907366335391998e-02,1.821823418140411377e-02,1.587173528969287872e-02,1.655675657093524933e-02,1.780497282743453979e-02,1.591601222753524780e-02,1.595236919820308685e-02,1.643885299563407898e-02,1.588459126651287079e-02,1.595103181898593903e-02,1.663350872695446014e-02,1.583231799304485321e-02,1.500601042062044144e-02,1.406452432274818420e-02,1.577398739755153656e-02,1.573671959340572357e-02,1.581662707030773163e-02,1.579011790454387665e-02,1.501228380948305130e-02,1.413225103169679642e-02,1.545919850468635559e-02,1.549639832228422165e-02,1.589464209973812103e-02,1.544689014554023743e-02,1.479891128838062286e-02,1.317173708230257034e-02,1.536563970148563385e-02,1.514243893325328827e-02,1.494530588388442993e-02,1.531974971294403076e-02,1.578941568732261658e-02,1.600907370448112488e-02,1.526951137930154800e-02,1.443785708397626877e-02,1.398975774645805359e-02,1.519211754202842712e-02,1.430700067430734634e-02,1.312001235783100128e-02,1.349544990807771683e-02,1.345709804445505142e-02,1.299464609473943710e-02,1.338334381580352783e-02,1.306278817355632782e-02,1.239472255110740662e-02,1.330640353262424469e-02
1.417844742536544800e-02,1.451263669878244400e-02,1.720236241817474365e-02,1.520831044763326645e-02,1.670823991298675537e-02,1.756518892943859100e-02,1.523203961551189423e-02,1.592303998768329620e-02,1.719739288091659546e-02,1.527803856879472733e-02,1.533091440796852112e-02,1.583656296133995056e-02,1.524375379085540771e-02,1.531085092574357986e-02,1.598094403743743896e-02,1.519321743398904800e-02,1.438430696725845337e-02,1.349153555929660797e-02,1.513664703816175461e-02,1.511020679026842117e-02,1.518619526177644730e-02,1.515258010476827621e-02,1.439302600920200348e-02,1.355285476893186569e-02,1.481052208691835403e-02,1.484905928373336792e-02,1.525258459150791168e-02,1.479891128838062286e-02,1.481120288372039795e-02,1.318226102739572525e-02,1.536981947720050812e-02,1.516176573932170868e-02,1.495880167931318283e-02,1.532419864088296890e-02,1.580185815691947937e-02,1.603055559098720551e-02,1.527455169707536697e-02,1.444775052368640900e-02,1.401324570178985596e-02,1.519802398979663849e-02,1.431728806346654892e-02,1.313442457467317581e-02,1.351912040263414383e-02,1.349390577524900436e-02,1.303910929709672928e-02,1.340807694941759109e-02,1.309951767325401306e-02,1.243668328970670700e-02,1.333207916468381882e-02
1.268931571394205093e-02,1.296846009790897369e-02,1.547480840235948563e-02,1.362653169780969620e-02,1.505548600107431412e-02,1.581841707229614258e-02,1.364665571600198746e-02,1.427052356302738190e-02,1.555157266557216644e-02,1.368880830705165863e-02,1.374343037605285645e-02,1.424237992614507675e-02,1.362371817231178284e-02,1.364796888083219528e-02,1.428368035703897476e-02,1.357452571392059326e-02,1.281254831701517105e-02,1.200291048735380173e-02,1.351999957114458084e-02,1.348127238452434540e-02,1.356010697782039642e-02,1.353430654853582382e-02,1.279181893914937973e-02,1.202771626412868500e-02,1.318393461406230927e-02,1.321520097553730011e-02,1.361370738595724106e-02,1.317173708230257034e-02,1.318226102739572525e-02,1.269397512078285217e-02,1.476159691810607910e-02,1.456887088716030121e-02,1.438153069466352463e-02,1.471769809722900391e-02,1.518366672098636627e-02,1.543364394456148148e-02,1.467053033411502838e-02,1.389334816485643387e-02,1.349924225360155106e-02,1.459882501512765884e-02,1.376949250698089600e-02,1.268084254115819931e-02,1.298577245324850082e-02,1.296160370111465454e-02,1.254631299525499344e-02,1.288044266402721405e-02,1.257787086069583893e-02,1.195090636610984802e-02,1.280849892646074295e-02
1.472171116620302200e-02,1.505535654723644257e-02,1.777377352118492126e-02,1.576500013470649719e-02,1.726258546113967896e-02,1.812844909727573395e-02,1.578881219029426575e-02,1.647159829735755920e-02,1.771962828934192657e-02,1.583311334252357483e-02,1.587059721350669861e-02,1.635770499706268311e-02,1.580173522233963013e-02,1.586798578500747681e-02,1.654837839305400848e-02,1.574970409274101257e-02,1.492649689316749573e-02,1.399015542119741440e-02,1.569164171814918518e-02,1.565519720315933228e-02,1.573460921645164490e-02,1.570775918662548065e-02,1.493308972567319870e-02,1.405715849250555038e-02,1.537787355482578278e-02,1.541516650468111038e-02,1.581320166587829590e-02,1.536563970148563385e-02,1.536981947720050812e-02,1.476159691810607910e-02,1.532859634608030319e-02,1.510620489716529846e-02,1.490777730941772461e-02,1.528280507773160934e-02,1.575176976621150970e-02,1.596907153725624084e-02,1.523267477750778198e-02,1.440198440104722977e-02,1.395480148494243622e-02,1.515546999871730804e-02,1.427222881466150284e-02,1.308784820139408112e-02,1.346308644860982895e-02,1.342459209263324738e-02,1.296250894665718079e-02,1.335121598094701767e-02,1.303128246217966080e-02,1.236421521753072739e-02,1.327444147318601608e-02
1.447606179863214493e-02,1.481525320559740067e-02,1.755865104496479034e-02,1.553998608142137527e-02,1.705791242420673370e-02,1.792361028492450714e-02,1.556427776813507080e-02,1.626301556825637817e-02,1.755598373711109161e-02,1.561070047318935394e-02,1.565806381404399872e-02,1.616180501878261566e-02,1.558465510606765747e-02,1.566162891685962677e-02,1.634369976818561554e-02,1.553311105817556381e-02,1.470502652227878571e-02,1.377297658473253250e-02,1.547533832490444183e-02,1.544644311070442200e-02,1.552415732294321060e-02,1.549206487834453583e-02,1.472039148211479187e-02,1.384801510721445084e-02,1.515438966453075409e-02,1.519052498042583466e-02,1.558838598430156708e-02,1.514243893325328827e-02,1.516176573932170868e-02,1.456887088716030121e-02,1.510620489716529846e-02,1.524031814187765121e-02,1.503641344606876373e-02,1.541240792721509933e-02,1.588297449052333832e-02,1.609652489423751831e-02,1.536205969750881195e-02,1.451153587549924850e-02,1.407734211534261703e-02,1.528488006442785263e-02,1.438863296061754227e-02,1.320034451782703400e-02,1.354787312448024750e-02,1.350820437073707581e-02,1.304601132869720459e-02,1.343567762523889542e-02,1.311197597533464432e-02,1.243664883077144623e-02,1.335894223302602768e-02
