1.000000000000000000e+00,8.840438723564147949e-01,7.041943073272705078e-01,8.664456009864807129e-01,5.483712553977966309e-01,4.604895710945129395e-01,8.051474690437316895e-01,3.948083519935607910e-01,2.173234224319458008e-01,7.535198330879211426e-01,4.558794498443603516e-01,3.273410499095916748e-01,5.441823601722717285e-01,4.388050436973571777e-01,3.150532543659210205e-01,4.612925946712493896e-01,3.493393063545227051e-01,2.075504511594772339e-01,4.179284870624542236e-01,3.685321807861328125e-01,2.199079543352127075e-01,4.298090636730194092e-01,3.316838145256042480e-01,2.430730760097503662e-01,2.436672747135162354e-01,1.362998187541961670e-01,1.208107843995094299e-01,2.475817203521728516e-01,8.283206075429916382e-02,4.246018826961517334e-02,2.410747706890106201e-01,1.103514432907104492e-01,5.767272785305976868e-02,2.370231449604034424e-01,5.791252851486206055e-02,2.778221666812896729e-02,2.296780496835708618e-01,7.738634943962097168e-02,4.572096094489097595e-02,2.253087162971496582e-01,1.281464248895645142e-01,7.323738932609558105e-02,1.765930354595184326e-01,6.402069330215454102e-02,6.561074405908584595e-02,1.768601089715957642e-01,2.360613010762775409e-25,-4.829634048134190535e-24,1.768600791692733765e-01
8.840438723564147949e-01,1.000000000000000000e+00,8.697831630706787109e-01,8.853114247322082520e-01,5.134450793266296387e-01,4.774702489376068115e-01,8.490663766860961914e-01,4.834943115711212158e-01,2.884019315242767334e-01,8.056316375732421875e-01,5.394424796104431152e-01,4.177603423595428467e-01,6.269350647926330566e-01,5.219200849533081055e-01,3.896065652370452881e-01,5.454349517822265625e-01,4.313859641551971436e-01,2.694299221038818359e-01,4.965697526931762695e-01,4.296326339244842529e-01,2.575490772724151611e-01,5.074902176856994629e-01,3.954310417175292969e-01,3.007408380508422852e-01,2.961731553077697754e-01,1.444833874702453613e-01,1.203146949410438538e-01,2.967057228088378906e-01,9.333666414022445679e-02,4.915415123105049133e-02,2.892996072769165039e-01,1.212772578001022339e-01,6.473217159509658813e-02,2.842696309089660645e-01,7.105846703052520752e-02,3.463407233357429504e-02,2.758269011974334717e-01,9.726416319608688354e-02,6.368472427129745483e-02,2.720581293106079102e-01,1.712890565395355225e-01,1.013952493667602539e-01,2.177079617977142334e-01,7.376098632812500000e-02,7.508139312267303467e-02,2.179202288389205933e-01,-1.810162757653305759e-26,2.301386320074913369e-25,2.179202437400817871e-01
7.041943073272705078e-01,8.697831630706787109e-01,1.000000119209289551e+00,8.347550034523010254e-01,4.953321218490600586e-01,4.808139801025390625e-01,8.444271683692932129e-01,5.540979504585266113e-01,3.636385500431060791e-01,8.104625344276428223e-01,6.256015300750732422e-01,4.940394461154937744e-01,6.608096957206726074e-01,5.714479684829711914e-01,4.473358094692230225e-01,5.972723960876464844e-01,4.939409196376800537e-01,3.277699351310729980e-01,5.532257556915283203e-01,4.502140879631042480e-01,2.552379667758941650e-01,5.587642788887023926e-01,4.271080791950225830e-01,3.034361004829406738e-01,2.921617031097412109e-01,1.233568936586380005e-01,9.090360254049301147e-02,2.882728874683380127e-01,8.936265110969543457e-02,4.483216628432273865e-02,2.814135551452636719e-01,1.141933724284172058e-01,6.801158189773559570e-02,2.774644494056701660e-01,7.763612270355224609e-02,4.328886047005653381e-02,2.708654403686523438e-01,1.138705536723136902e-01,7.935374230146408081e-02,2.696804702281951904e-01,1.803512573242187500e-01,1.108303740620613098e-01,2.123098224401473999e-01,7.337076961994171143e-02,7.336723804473876953e-02,2.126240134239196777e-01,-2.621949624783512118e-26,3.368542808034958127e-25,2.126240432262420654e-01
8.664456009864807129e-01,8.853114247322082520e-01,8.347550034523010254e-01,9.999999403953552246e-01,7.891213893890380859e-01,7.072898745536804199e-01,9.655820131301879883e-01,6.402265429496765137e-01,4.314499497413635254e-01,9.343793988227844238e-01,6.973719000816345215e-01,5.512769818305969238e-01,7.555761933326721191e-01,6.535444259643554688e-01,5.193303227424621582e-01,6.719230413436889648e-01,5.459451079368591309e-01,3.526204228401184082e-01,6.183825731277465820e-01,5.171152949333190918e-01,3.116414248943328857e-01,6.271474957466125488e-01,4.818883836269378662e-01,3.442049622535705566e-01,3.408256471157073975e-01,1.603807657957077026e-01,1.307740807533264160e-01,3.398235142230987549e-01,1.091350167989730835e-01,5.422467738389968872e-02,3.313298225402832031e-01,1.416829675436019897e-01,8.306542038917541504e-02,3.267981708049774170e-01,9.440195560455322266e-02,5.029549449682235718e-02,3.185262680053710938e-01,1.378855705261230469e-01,9.427800774574279785e-02,3.170222342014312744e-01,1.966684460639953613e-01,1.192645654082298279e-01,2.483393251895904541e-01,9.452669322490692139e-02,9.501899033784866333e-02,2.489220798015594482e-01,-8.517590654953372311e-26,1.359778573598796506e-24,2.489220947027206421e-01
5.483712553977966309e-01,5.134450793266296387e-01,4.953321218490600586e-01,7.891213893890380859e-01,1.000000000000000000e+00,8.549382090568542480e-01,7.523140907287597656e-01,5.229457020759582520e-01,3.583291471004486084e-01,7.350860834121704102e-01,5.760280489921569824e-01,4.582554996013641357e-01,6.087281703948974609e-01,5.249406695365905762e-01,4.308792352676391602e-01,5.402490496635437012e-01,4.522910416126251221e-01,2.908182144165039062e-01,4.983777999877929688e-01,4.144645035266876221e-01,2.607731223106384277e-01,5.042819380760192871e-01,3.876838386058807373e-01,2.638558149337768555e-01,2.622043490409851074e-01,1.135709732770919800e-01,9.133166074752807617e-02,2.593464851379394531e-01,7.676418125629425049e-02,3.060008212924003601e-02,2.514371573925018311e-01,9.969324618577957153e-02,5.913949012756347656e-02,2.476356625556945801e-01,8.094005286693572998e-02,4.204182699322700500e-02,2.420962303876876831e-01,1.356917917728424072e-01,9.932827949523925781e-02,2.452624589204788208e-01,1.557458937168121338e-01,9.630589187145233154e-02,1.870973557233810425e-01,7.676070183515548706e-02,7.611706107854843140e-02,1.877547502517700195e-01,-5.592894395524710878e-26,1.715541480521890649e-25,1.877547651529312134e-01
4.604895710945129395e-01,4.774702489376068115e-01,4.808139801025390625e-01,7.072898745536804199e-01,8.549382090568542480e-01,1.000000000000000000e+00,7.348818778991699219e-01,5.916366577148437500e-01,4.381533265113830566e-01,7.328574061393737793e-01,6.220535039901733398e-01,5.159903168678283691e-01,6.207249164581298828e-01,5.510616898536682129e-01,4.684534072875976562e-01,5.731865763664245605e-01,5.021669268608093262e-01,3.398757576942443848e-01,5.392094254493713379e-01,4.664143919944763184e-01,3.149401247501373291e-01,5.469444990158081055e-01,4.153433740139007568e-01,2.835124433040618896e-01,2.828466594219207764e-01,1.332910358905792236e-01,1.064752712845802307e-01,2.806767225265502930e-01,7.671584933996200562e-02,2.995068393647670746e-02,2.715564370155334473e-01,9.766259789466857910e-02,6.352010369300842285e-02,2.675721347332000732e-01,8.190815895795822144e-02,4.502941668033599854e-02,2.616571187973022461e-01,1.360381245613098145e-01,9.949779510498046875e-02,2.639530897140502930e-01,1.702326685190200806e-01,1.081734299659729004e-01,2.013664841651916504e-01,7.510964572429656982e-02,7.429601252079010010e-02,2.018966972827911377e-01,-2.870398285394958766e-26,1.724970587010577674e-25,2.018966972827911377e-01
8.051474690437316895e-01,8.490663766860961914e-01,8.444271683692932129e-01,9.655820131301879883e-01,7.523140907287597656e-01,7.348818778991699219e-01,1.000000000000000000e+00,7.469596266746520996e-01,5.364601612091064453e-01,9.814742207527160645e-01,7.992751598358154297e-01,6.498265862464904785e-01,8.316923975944519043e-01,7.358191609382629395e-01,6.041362285614013672e-01,7.546831965446472168e-01,6.290917396545410156e-01,4.229746758937835693e-01,7.009134292602539062e-01,5.717442631721496582e-01,3.353823125362396240e-01,7.056768536567687988e-01,5.388574004173278809e-01,3.801998794078826904e-01,3.734690248966217041e-01,1.663514822721481323e-01,1.301952898502349854e-01,3.703326582908630371e-01,1.200821474194526672e-01,6.016996875405311584e-02,3.615870773792266846e-01,1.503647565841674805e-01,9.081128239631652832e-02,3.568919003009796143e-01,1.100018396973609924e-01,5.928352102637290955e-02,3.485327661037445068e-01,1.511823832988739014e-01,1.040376052260398865e-01,3.470773994922637939e-01,2.239739596843719482e-01,1.398765295743942261e-01,2.732049226760864258e-01,1.033623516559600830e-01,1.034535318613052368e-01,2.738376855850219727e-01,-8.601681994854767762e-26,9.963774716570933394e-25,2.738376855850219727e-01
3.948083519935607910e-01,4.834943115711212158e-01,5.540979504585266113e-01,6.402265429496765137e-01,5.229457020759582520e-01,5.916366577148437500e-01,7.469596266746520996e-01,9.999999403953552246e-01,8.606297969818115234e-01,8.050509691238403320e-01,8.414442539215087891e-01,7.558680176734924316e-01,8.002499341964721680e-01,7.889570593833923340e-01,7.135711312294006348e-01,7.688386440277099609e-01,6.822358965873718262e-01,4.892001152038574219e-01,7.216617465019226074e-01,5.503557920455932617e-01,3.145564794540405273e-01,7.098211646080017090e-01,5.210579633712768555e-01,3.614118099212646484e-01,3.531188070774078369e-01,1.413852572441101074e-01,1.054394394159317017e-01,3.471615910530090332e-01,1.172720417380332947e-01,6.280118227005004883e-02,3.405774533748626709e-01,1.257091909646987915e-01,7.809271663427352905e-02,3.358718752861022949e-01,1.120819821953773499e-01,6.308563798666000366e-02,3.295293748378753662e-01,1.563538014888763428e-01,1.185541078448295593e-01,3.307723999023437500e-01,2.259584665298461914e-01,1.447246521711349487e-01,2.643990218639373779e-01,1.220719590783119202e-01,1.213504299521446228e-01,2.656280994415283203e-01,-2.345965712645567832e-26,2.334170886257832857e-25,2.656280994415283203e-01
2.173234224319458008e-01,2.884019315242767334e-01,3.636385500431060791e-01,4.314499497413635254e-01,3.583291471004486084e-01,4.381533265113830566e-01,5.364601612091064453e-01,8.606297969818115234e-01,1.000000000000000000e+00,6.520250439643859863e-01,7.591099739074707031e-01,6.819771528244018555e-01,6.669175624847412109e-01,6.822859644889831543e-01,6.434309482574462891e-01,6.780043244361877441e-01,6.204346418380737305e-01,4.674946665763854980e-01,6.472124457359313965e-01,4.763634800910949707e-01,2.607886493206024170e-01,6.313890218734741211e-01,4.620302617549896240e-01,3.108504712581634521e-01,2.987011075019836426e-01,1.109319776296615601e-01,7.798822969198226929e-02,2.919854819774627686e-01,9.896618127822875977e-02,5.694634094834327698e-02,2.874928712844848633e-01,9.038403630256652832e-02,5.884918943047523499e-02,2.828042507171630859e-01,1.063683703541755676e-01,6.143680214881896973e-02,2.787923812866210938e-01,1.325121223926544189e-01,1.009793803095817566e-01,2.800005674362182617e-01,1.985584050416946411e-01,1.305305808782577515e-01,2.199226021766662598e-01,1.066911071538925171e-01,1.057658344507217407e-01,2.210558056831359863e-01,-3.489793379247031119e-26,1.089321507244492137e-25,2.210558205842971802e-01
7.535198330879211426e-01,8.056316375732421875e-01,8.104625344276428223e-01,9.343793988227844238e-01,7.350860834121704102e-01,7.328574061393737793e-01,9.814742207527160645e-01,8.050509691238403320e-01,6.520250439643859863e-01,1.000000000000000000e+00,8.670872449874877930e-01,7.188186049461364746e-01,8.750973939895629883e-01,7.873548865318298340e-01,6.609635353088378906e-01,8.107697367668151855e-01,6.883964538574218750e-01,4.753098487854003906e-01,7.595254778861999512e-01,6.013700962066650391e-01,3.471045494079589844e-01,7.616287469863891602e-01,5.838391184806823730e-01,4.111185669898986816e-01,4.019517600536346436e-01,1.720129251480102539e-01,1.320102661848068237e-01,3.973579704761505127e-01,1.293032467365264893e-01,6.673140078783035278e-02,3.886188864707946777e-01,1.572986096143722534e-01,9.631530195474624634e-02,3.836495876312255859e-01,1.247285902500152588e-01,6.874176859855651855e-02,3.754457831382751465e-01,1.628152877092361450e-01,1.128337904810905457e-01,3.740262687206268311e-01,2.463570684194564819e-01,1.562051475048065186e-01,2.937541604042053223e-01,1.112824827432632446e-01,1.110946312546730042e-01,2.944426536560058594e-01,-1.256997467175194979e-25,9.617090070248929231e-25,2.944426834583282471e-01
4.558794498443603516e-01,5.394424796104431152e-01,6.256015300750732422e-01,6.973719000816345215e-01,5.760280489921569824e-01,6.220535039901733398e-01,7.992751598358154297e-01,8.414442539215087891e-01,7.591099739074707031e-01,8.670872449874877930e-01,1.000000000000000000e+00,8.841538429260253906e-01,9.120637178421020508e-01,8.673965930938720703e-01,7.628656029701232910e-01,8.847951889038085938e-01,7.955124974250793457e-01,5.834436416625976562e-01,8.468422889709472656e-01,6.241385936737060547e-01,3.432266414165496826e-01,8.406493067741394043e-01,6.631153225898742676e-01,4.758683145046234131e-01,4.575761854648590088e-01,1.678042709827423096e-01,1.133382245898246765e-01,4.468876123428344727e-01,1.390503942966461182e-01,7.406178116798400879e-02,4.381780922412872314e-01,1.649159044027328491e-01,1.134837865829467773e-01,4.341227710247039795e-01,1.595746427774429321e-01,9.153082221746444702e-02,4.269520044326782227e-01,1.983875334262847900e-01,1.425380706787109375e-01,4.275774955749511719e-01,3.019039928913116455e-01,2.037240117788314819e-01,3.429718911647796631e-01,1.262364983558654785e-01,1.245001479983329773e-01,3.437435925006866455e-01,-3.829264878666920655e-26,2.806294030752260278e-25,3.437436521053314209e-01
3.273410499095916748e-01,4.177603423595428467e-01,4.940394461154937744e-01,5.512769818305969238e-01,4.582554996013641357e-01,5.159903168678283691e-01,6.498265862464904785e-01,7.558680176734924316e-01,6.819771528244018555e-01,7.188186049461364746e-01,8.841538429260253906e-01,1.000000119209289551e+00,9.199683666229248047e-01,8.831262588500976562e-01,8.040367960929870605e-01,9.082327485084533691e-01,8.328319787979125977e-01,6.449763178825378418e-01,8.766182065010070801e-01,6.228975653648376465e-01,3.441457450389862061e-01,8.647765517234802246e-01,7.197715640068054199e-01,5.677585005760192871e-01,5.418837070465087891e-01,1.958957463502883911e-01,1.278046667575836182e-01,5.286199450492858887e-01,1.665160059928894043e-01,9.565139561891555786e-02,5.199894905090332031e-01,1.790924668312072754e-01,1.274113804101943970e-01,5.144038796424865723e-01,2.058442085981369019e-01,1.255553811788558960e-01,5.081422924995422363e-01,2.435380518436431885e-01,1.795244365930557251e-01,5.099424123764038086e-01,3.702242374420166016e-01,2.623376250267028809e-01,4.279863536357879639e-01,1.564047038555145264e-01,1.532667279243469238e-01,4.288806617259979248e-01,-6.637645138364699407e-27,1.755107415520832700e-25,4.288807511329650879e-01
5.441823601722717285e-01,6.269350647926330566e-01,6.608096957206726074e-01,7.555761933326721191e-01,6.087281703948974609e-01,6.207249164581298828e-01,8.316923975944519043e-01,8.002499341964721680e-01,6.669175624847412109e-01,8.750973939895629883e-01,9.120637178421020508e-01,9.199683666229248047e-01,1.000000000000000000e+00,9.354538917541503906e-01,8.211575746536254883e-01,9.581471681594848633e-01,8.478456139564514160e-01,6.271179318428039551e-01,9.135096669197082520e-01,6.833820939064025879e-01,3.834822475910186768e-01,9.088242053985595703e-01,7.487959265708923340e-01,5.790001749992370605e-01,5.578115582466125488e-01,2.113206535577774048e-01,1.463184207677841187e-01,5.465862751007080078e-01,1.752021908760070801e-01,9.854464977979660034e-02,5.370746850967407227e-01,2.001089602708816528e-01,1.335218548774719238e-01,5.311436057090759277e-01,1.987069249153137207e-01,1.188639998435974121e-01,5.232083797454833984e-01,2.398458123207092285e-01,1.716957390308380127e-01,5.234882831573486328e-01,3.682202696800231934e-01,2.519667446613311768e-01,4.307565093040466309e-01,1.553183943033218384e-01,1.529972404241561890e-01,4.315608143806457520e-01,-6.298965581337941902e-26,7.814023239697602914e-25,4.315609037876129150e-01
4.388050436973571777e-01,5.219200849533081055e-01,5.714479684829711914e-01,6.535444259643554688e-01,5.249406695365905762e-01,5.510616898536682129e-01,7.358191609382629395e-01,7.889570593833923340e-01,6.822859644889831543e-01,7.873548865318298340e-01,8.673965930938720703e-01,8.831262588500976562e-01,9.354538917541503906e-01,1.000000000000000000e+00,8.904582858085632324e-01,9.260742664337158203e-01,8.114768266677856445e-01,5.981024503707885742e-01,8.736671209335327148e-01,6.470198035240173340e-01,3.543677330017089844e-01,8.610007166862487793e-01,6.868212223052978516e-01,5.198127031326293945e-01,4.972223341464996338e-01,1.797247231006622314e-01,1.210253462195396423e-01,4.857608079910278320e-01,1.512513607740402222e-01,8.769647032022476196e-02,4.776411652565002441e-01,1.734462678432464600e-01,1.181013882160186768e-01,4.728351831436157227e-01,1.944586038589477539e-01,1.211384758353233337e-01,4.679830372333526611e-01,2.159367650747299194e-01,1.572998315095901489e-01,4.685412347316741943e-01,3.310180604457855225e-01,2.251643687486648560e-01,3.847022354602813721e-01,1.560475677251815796e-01,1.541469544172286987e-01,3.859343528747558594e-01,-8.474044762613194705e-27,1.566481775137788600e-25,3.859344124794006348e-01
3.150532543659210205e-01,3.896065652370452881e-01,4.473358094692230225e-01,5.193303227424621582e-01,4.308792352676391602e-01,4.684534072875976562e-01,6.041362285614013672e-01,7.135711312294006348e-01,6.434309482574462891e-01,6.609635353088378906e-01,7.628656029701232910e-01,8.040367960929870605e-01,8.211575746536254883e-01,8.904582858085632324e-01,9.999998807907104492e-01,8.864796757698059082e-01,7.703461647033691406e-01,5.935627818107604980e-01,8.357166051864624023e-01,5.915955305099487305e-01,3.184618353843688965e-01,8.159445524215698242e-01,6.396286487579345703e-01,4.957446157932281494e-01,4.677280187606811523e-01,1.667875349521636963e-01,1.104107499122619629e-01,4.567968845367431641e-01,1.475125998258590698e-01,9.263613820075988770e-02,4.507625699043273926e-01,1.628175824880599976e-01,1.120051965117454529e-01,4.466504752635955811e-01,1.815013289451599121e-01,1.148004829883575439e-01,4.422447979450225830e-01,1.985958516597747803e-01,1.473937779664993286e-01,4.429260790348052979e-01,3.130256831645965576e-01,2.196909040212631226e-01,3.622702062129974365e-01,1.460637003183364868e-01,1.437118500471115112e-01,3.633303940296173096e-01,-6.106043406953123651e-27,9.268459895719423748e-26,3.633304238319396973e-01
4.612925946712493896e-01,5.454349517822265625e-01,5.972723960876464844e-01,6.719230413436889648e-01,5.402490496635437012e-01,5.731865763664245605e-01,7.546831965446472168e-01,7.688386440277099609e-01,6.780043244361877441e-01,8.107697367668151855e-01,8.847951889038085938e-01,9.082327485084533691e-01,9.581471681594848633e-01,9.260742664337158203e-01,8.864796757698059082e-01,1.000000000000000000e+00,8.945367932319641113e-01,6.842650771141052246e-01,9.669599533081054688e-01,7.047495841979980469e-01,3.883570730686187744e-01,9.589966535568237305e-01,8.073791265487670898e-01,6.378037929534912109e-01,6.089510917663574219e-01,2.243153154850006104e-01,1.516430228948593140e-01,5.958358645439147949e-01,1.982922852039337158e-01,1.209635436534881592e-01,5.875474214553833008e-01,2.035456299781799316e-01,1.399645656347274780e-01,5.807034373283386230e-01,2.178285419940948486e-01,1.345923990011215210e-01,5.727954506874084473e-01,2.522732913494110107e-01,1.816503852605819702e-01,5.724406838417053223e-01,4.158627390861511230e-01,2.968880236148834229e-01,4.767538011074066162e-01,1.659884899854660034e-01,1.630719453096389771e-01,4.774099588394165039e-01,-4.848701506466674458e-26,5.488090526480606236e-25,4.774100184440612793e-01
3.493393063545227051e-01,4.313859641551971436e-01,4.939409196376800537e-01,5.459451079368591309e-01,4.522910416126251221e-01,5.021669268608093262e-01,6.290917396545410156e-01,6.822358965873718262e-01,6.204346418380737305e-01,6.883964538574218750e-01,7.955124974250793457e-01,8.328319787979125977e-01,8.478456139564514160e-01,8.114768266677856445e-01,7.703461647033691406e-01,8.945367932319641113e-01,1.000000000000000000e+00,8.248884677886962891e-01,9.111526012420654297e-01,6.578795909881591797e-01,3.536171913146972656e-01,8.940081000328063965e-01,7.620578408241271973e-01,6.000859737396240234e-01,5.737064480781555176e-01,2.022697627544403076e-01,1.362807899713516235e-01,5.600801706314086914e-01,2.003932297229766846e-01,1.328500062227249146e-01,5.545353293418884277e-01,1.908831745386123657e-01,1.390216648578643799e-01,5.484607219696044922e-01,2.074142545461654663e-01,1.351262778043746948e-01,5.412778258323669434e-01,2.464554309844970703e-01,1.758267730474472046e-01,5.414970517158508301e-01,3.958247303962707520e-01,2.919519841670989990e-01,4.510509073734283447e-01,1.494901776313781738e-01,1.461915522813796997e-01,4.513721764087677002e-01,-6.896444670943656367e-27,6.702698429654233705e-26,4.513722658157348633e-01
2.075504511594772339e-01,2.694299221038818359e-01,3.277699351310729980e-01,3.526204228401184082e-01,2.908182144165039062e-01,3.398757576942443848e-01,4.229746758937835693e-01,4.892001152038574219e-01,4.674946665763854980e-01,4.753098487854003906e-01,5.834436416625976562e-01,6.449763178825378418e-01,6.271179318428039551e-01,5.981024503707885742e-01,5.935627818107604980e-01,6.842650771141052246e-01,8.248884677886962891e-01,1.000000119209289551e+00,7.894348502159118652e-01,5.218456387519836426e-01,2.560473382472991943e-01,7.593970894813537598e-01,6.544660329818725586e-01,5.390270352363586426e-01,5.138234496116638184e-01,1.860725432634353638e-01,1.272563040256500244e-01,5.023021697998046875e-01,1.945343613624572754e-01,1.321284919977188110e-01,4.988811910152435303e-01,1.832796335220336914e-01,1.440117061138153076e-01,4.951639473438262939e-01,1.997439265251159668e-01,1.329013705253601074e-01,4.898595809936523438e-01,1.906613260507583618e-01,1.266255974769592285e-01,4.848626852035522461e-01,3.642957210540771484e-01,2.736511528491973877e-01,3.979089260101318359e-01,1.320911645889282227e-01,1.298688054084777832e-01,3.981219828128814697e-01,4.594623660776575021e-27,8.785898272556175728e-26,3.981221616268157959e-01
4.179284870624542236e-01,4.965697526931762695e-01,5.532257556915283203e-01,6.183825731277465820e-01,4.983777999877929688e-01,5.392094254493713379e-01,7.009134292602539062e-01,7.216617465019226074e-01,6.472124457359313965e-01,7.595254778861999512e-01,8.468422889709472656e-01,8.766182065010070801e-01,9.135096669197082520e-01,8.736671209335327148e-01,8.357166051864624023e-01,9.669599533081054688e-01,9.111526012420654297e-01,7.894348502159118652e-01,1.000000119209289551e+00,7.167449593544006348e-01,3.925734758377075195e-01,9.900594949722290039e-01,8.659516572952270508e-01,6.999830603599548340e-01,6.737186312675476074e-01,2.501321732997894287e-01,1.724296212196350098e-01,6.598874330520629883e-01,2.284488230943679810e-01,1.471175998449325562e-01,6.523473858833312988e-01,2.230847626924514771e-01,1.596564352512359619e-01,6.452746391296386719e-01,2.498420327901840210e-01,1.620145738124847412e-01,6.379570960998535156e-01,2.652169466018676758e-01,1.867693066596984863e-01,6.354523301124572754e-01,4.691918194293975830e-01,3.411140739917755127e-01,5.239771604537963867e-01,1.749965250492095947e-01,1.718889027833938599e-01,5.244208574295043945e-01,-1.460388919700504469e-26,4.657364279981449571e-25,5.244209766387939453e-01
3.685321807861328125e-01,4.296326339244842529e-01,4.502140879631042480e-01,5.171152949333190918e-01,4.144645035266876221e-01,4.664143919944763184e-01,5.717442631721496582e-01,5.503557920455932617e-01,4.763634800910949707e-01,6.013700962066650391e-01,6.241385936737060547e-01,6.228975653648376465e-01,6.833820939064025879e-01,6.470198035240173340e-01,5.915955305099487305e-01,7.047495841979980469e-01,6.578795909881591797e-01,5.218456387519836426e-01,7.167449593544006348e-01,1.000000000000000000e+00,7.027806043624877930e-01,7.552105188369750977e-01,6.519414186477661133e-01,5.205109119415283203e-01,5.215157270431518555e-01,2.506588697433471680e-01,2.032590359449386597e-01,5.202314853668212891e-01,1.754613071680068970e-01,1.153867766261100769e-01,5.124328732490539551e-01,1.786794513463973999e-01,1.351301521062850952e-01,5.077112317085266113e-01,1.686782538890838623e-01,1.155531406402587891e-01,5.006725788116455078e-01,2.291844338178634644e-01,1.754615455865859985e-01,5.030753016471862793e-01,3.334131836891174316e-01,2.294897884130477905e-01,4.069707095623016357e-01,1.855425387620925903e-01,1.835778951644897461e-01,4.086069166660308838e-01,-1.800649164469818354e-27,-3.075070712444879095e-27,4.086068868637084961e-01
2.199079543352127075e-01,2.575490772724151611e-01,2.552379667758941650e-01,3.116414248943328857e-01,2.607731223106384277e-01,3.149401247501373291e-01,3.353823125362396240e-01,3.145564794540405273e-01,2.607886493206024170e-01,3.471045494079589844e-01,3.432266414165496826e-01,3.441457450389862061e-01,3.834822475910186768e-01,3.543677330017089844e-01,3.184618353843688965e-01,3.883570730686187744e-01,3.536171913146972656e-01,2.560473382472991943e-01,3.925734758377075195e-01,7.027806043624877930e-01,1.000000119209289551e+00,4.802058339118957520e-01,4.261380732059478760e-01,3.500631153583526611e-01,3.730822205543518066e-01,1.759093999862670898e-01,1.691250056028366089e-01,3.742654919624328613e-01,9.634615480899810791e-02,6.424203515052795410e-02,3.666632771492004395e-01,1.362004280090332031e-01,1.251010596752166748e-01,3.670526742935180664e-01,9.015959501266479492e-02,5.661624297499656677e-02,3.600436747074127197e-01,1.917952895164489746e-01,1.521354466676712036e-01,3.658981025218963623e-01,2.422828078269958496e-01,1.623410731554031372e-01,3.010805845260620117e-01,1.827939897775650024e-01,1.841480731964111328e-01,3.034906983375549316e-01,-1.605253653072519683e-27,3.270307767956003307e-28,3.034904897212982178e-01
4.298090636730194092e-01,5.074902176856994629e-01,5.587642788887023926e-01,6.271474957466125488e-01,5.042819380760192871e-01,5.469444990158081055e-01,7.056768536567687988e-01,7.098211646080017090e-01,6.313890218734741211e-01,7.616287469863891602e-01,8.406493067741394043e-01,8.647765517234802246e-01,9.088242053985595703e-01,8.610007166862487793e-01,8.159445524215698242e-01,9.589966535568237305e-01,8.940081000328063965e-01,7.593970894813537598e-01,9.900594949722290039e-01,7.552105188369750977e-01,4.802058339118957520e-01,1.000000000000000000e+00,8.834423422813415527e-01,7.176576852798461914e-01,6.967743039131164551e-01,2.633770406246185303e-01,1.876975744962692261e-01,6.839770674705505371e-01,2.286754250526428223e-01,1.465466171503067017e-01,6.754576563835144043e-01,2.315471917390823364e-01,1.691133677959442139e-01,6.687792539596557617e-01,2.491620332002639771e-01,1.598613560199737549e-01,6.604203581809997559e-01,2.748233377933502197e-01,1.942609995603561401e-01,6.581304073333740234e-01,4.836183488368988037e-01,3.487246036529541016e-01,5.404999852180480957e-01,1.853104680776596069e-01,1.823420375585556030e-01,5.410994887351989746e-01,-1.790880347050100754e-26,3.454399963768884237e-25,5.410996675491333008e-01
3.316838145256042480e-01,3.954310417175292969e-01,4.271080791950225830e-01,4.818883836269378662e-01,3.876838386058807373e-01,4.153433740139007568e-01,5.388574004173278809e-01,5.210579633712768555e-01,4.620302617549896240e-01,5.838391184806823730e-01,6.631153225898742676e-01,7.197715640068054199e-01,7.487959265708923340e-01,6.868212223052978516e-01,6.396286487579345703e-01,8.073791265487670898e-01,7.620578408241271973e-01,6.544660329818725586e-01,8.659516572952270508e-01,6.519414186477661133e-01,4.261380732059478760e-01,8.834423422813415527e-01,1.000000000000000000e+00,8.751696348190307617e-01,8.508979082107543945e-01,3.059447407722473145e-01,2.126346081495285034e-01,8.341654539108276367e-01,3.068832457065582275e-01,2.228396534919738770e-01,8.304185271263122559e-01,2.932071685791015625e-01,2.289623618125915527e-01,8.250216245651245117e-01,3.215129375457763672e-01,2.237910926342010498e-01,8.176037073135375977e-01,3.277237117290496826e-01,2.374366670846939087e-01,8.148390054702758789e-01,6.331567168235778809e-01,4.872016906738281250e-01,6.953122019767761230e-01,2.067657709121704102e-01,2.001408636569976807e-01,6.951875686645507812e-01,-1.743947090605135989e-27,1.731369111768535166e-25,6.951876878738403320e-01
2.430730760097503662e-01,3.007408380508422852e-01,3.034361004829406738e-01,3.442049622535705566e-01,2.638558149337768555e-01,2.835124433040618896e-01,3.801998794078826904e-01,3.614118099212646484e-01,3.108504712581634521e-01,4.111185669898986816e-01,4.758683145046234131e-01,5.677585005760192871e-01,5.790001749992370605e-01,5.198127031326293945e-01,4.957446157932281494e-01,6.378037929534912109e-01,6.000859737396240234e-01,5.390270352363586426e-01,6.999830603599548340e-01,5.205109119415283203e-01,3.500631153583526611e-01,7.176576852798461914e-01,8.751696348190307617e-01,1.000000000000000000e+00,9.419316053390502930e-01,3.568484485149383545e-01,2.406112551689147949e-01,9.257541894912719727e-01,3.308408558368682861e-01,2.154568135738372803e-01,9.183526635169982910e-01,3.249492645263671875e-01,2.400524616241455078e-01,9.118308424949645996e-01,3.790491521358489990e-01,2.628108859062194824e-01,9.064338803291320801e-01,3.778682053089141846e-01,2.656635344028472900e-01,9.039809703826904297e-01,7.283420562744140625e-01,5.511178374290466309e-01,7.911041975021362305e-01,2.487566620111465454e-01,2.412706315517425537e-01,7.914108037948608398e-01,3.985241322630976357e-27,1.016971683989971023e-25,7.914109826087951660e-01
2.436672747135162354e-01,2.961731553077697754e-01,2.921617031097412109e-01,3.408256471157073975e-01,2.622043490409851074e-01,2.828466594219207764e-01,3.734690248966217041e-01,3.531188070774078369e-01,2.987011075019836426e-01,4.019517600536346436e-01,4.575761854648590088e-01,5.418837070465087891e-01,5.578115582466125488e-01,4.972223341464996338e-01,4.677280187606811523e-01,6.089510917663574219e-01,5.737064480781555176e-01,5.138234496116638184e-01,6.737186312675476074e-01,5.215157270431518555e-01,3.730822205543518066e-01,6.967743039131164551e-01,8.508979082107543945e-01,9.419316053390502930e-01,9.999998807907104492e-01,4.259528517723083496e-01,3.016787171363830566e-01,9.888780117034912109e-01,3.979076445102691650e-01,2.749926447868347168e-01,9.850189089775085449e-01,3.741669654846191406e-01,2.782238125801086426e-01,9.794804453849792480e-01,4.448234736919403076e-01,3.221245706081390381e-01,9.772222638130187988e-01,4.071340262889862061e-01,2.843453288078308105e-01,9.737511873245239258e-01,7.740840315818786621e-01,5.877036452293395996e-01,8.656308054924011230e-01,2.862875163555145264e-01,2.782160639762878418e-01,8.661350011825561523e-01,7.888714593171070475e-27,1.233119387131253596e-25,8.661351799964904785e-01
1.362998187541961670e-01,1.444833874702453613e-01,1.233568936586380005e-01,1.603807657957077026e-01,1.135709732770919800e-01,1.332910358905792236e-01,1.663514822721481323e-01,1.413852572441101074e-01,1.109319776296615601e-01,1.720129251480102539e-01,1.678042709827423096e-01,1.958957463502883911e-01,2.113206535577774048e-01,1.797247231006622314e-01,1.667875349521636963e-01,2.243153154850006104e-01,2.022697627544403076e-01,1.860725432634353638e-01,2.501321732997894287e-01,2.506588697433471680e-01,1.759093999862670898e-01,2.633770406246185303e-01,3.059447407722473145e-01,3.568484485149383545e-01,4.259528517723083496e-01,1.000000000000000000e+00,8.399243950843811035e-01,5.202817320823669434e-01,9.720267355442047119e-02,3.559905663132667542e-02,4.858967065811157227e-01,8.385539054870605469e-02,3.278943896293640137e-02,4.602064788341522217e-01,8.426419645547866821e-02,4.149534180760383606e-02,4.428389668464660645e-01,9.856257587671279907e-02,5.274086445569992065e-02,4.301726520061492920e-01,1.692427843809127808e-01,1.098660528659820557e-01,4.156467020511627197e-01,5.480804294347763062e-02,4.684903472661972046e-02,4.142179489135742188e-01,-7.360064541992262596e-28,8.127454409821267741e-27,4.142181277275085449e-01
1.208107843995094299e-01,1.203146949410438538e-01,9.090360254049301147e-02,1.307740807533264160e-01,9.133166074752807617e-02,1.064752712845802307e-01,1.301952898502349854e-01,1.054394394159317017e-01,7.798822969198226929e-02,1.320102661848068237e-01,1.133382245898246765e-01,1.278046667575836182e-01,1.463184207677841187e-01,1.210253462195396423e-01,1.104107499122619629e-01,1.516430228948593140e-01,1.362807899713516235e-01,1.272563040256500244e-01,1.724296212196350098e-01,2.032590359449386597e-01,1.691250056028366089e-01,1.876975744962692261e-01,2.126346081495285034e-01,2.406112551689147949e-01,3.016787171363830566e-01,8.399243950843811035e-01,9.999999403953552246e-01,4.314543902873992920e-01,5.933229625225067139e-02,1.278461050242185593e-02,3.999725580215454102e-01,4.300542548298835754e-02,1.063389470800757408e-03,3.751806318759918213e-01,4.342689737677574158e-02,1.119929179549217224e-02,3.575207293033599854e-01,4.202264547348022461e-02,4.621704574674367905e-03,3.425627648830413818e-01,8.632455766201019287e-02,4.848306998610496521e-02,3.625155389308929443e-01,1.132687181234359741e-02,5.472831428050994873e-03,3.603194057941436768e-01,3.184176088241874297e-29,-2.325524970736610567e-27,3.603195548057556152e-01
2.475817203521728516e-01,2.967057228088378906e-01,2.882728874683380127e-01,3.398235142230987549e-01,2.593464851379394531e-01,2.806767225265502930e-01,3.703326582908630371e-01,3.471615910530090332e-01,2.919854819774627686e-01,3.973579704761505127e-01,4.468876123428344727e-01,5.286199450492858887e-01,5.465862751007080078e-01,4.857608079910278320e-01,4.567968845367431641e-01,5.958358645439147949e-01,5.600801706314086914e-01,5.023021697998046875e-01,6.598874330520629883e-01,5.202314853668212891e-01,3.742654919624328613e-01,6.839770674705505371e-01,8.341654539108276367e-01,9.257541894912719727e-01,9.888780117034912109e-01,5.202817320823669434e-01,4.314543902873992920e-01,9.999998807907104492e-01,3.819827735424041748e-01,2.594422399997711182e-01,9.917395114898681641e-01,3.614715635776519775e-01,2.651464045047760010e-01,9.832937717437744141e-01,4.279608428478240967e-01,3.074254095554351807e-01,9.787238836288452148e-01,3.895763754844665527e-01,2.686291635036468506e-01,9.730343818664550781e-01,7.468140125274658203e-01,5.643192529678344727e-01,8.750740885734558105e-01,2.728861570358276367e-01,2.640666663646697998e-01,8.752337098121643066e-01,8.848927796660147919e-27,1.127745566083126774e-25,8.752338886260986328e-01
8.283206075429916382e-02,9.333666414022445679e-02,8.936265110969543457e-02,1.091350167989730835e-01,7.676418125629425049e-02,7.671584933996200562e-02,1.200821474194526672e-01,1.172720417380332947e-01,9.896618127822875977e-02,1.293032467365264893e-01,1.390503942966461182e-01,1.665160059928894043e-01,1.752021908760070801e-01,1.512513607740402222e-01,1.475125998258590698e-01,1.982922852039337158e-01,2.003932297229766846e-01,1.945343613624572754e-01,2.284488230943679810e-01,1.754613071680068970e-01,9.634615480899810791e-02,2.286754250526428223e-01,3.068832457065582275e-01,3.308408558368682861e-01,3.979076445102691650e-01,9.720267355442047119e-02,5.933229625225067139e-02,3.819827735424041748e-01,1.000000000000000000e+00,8.434693217277526855e-01,4.650223851203918457e-01,1.194682195782661438e-01,7.849366962909698486e-02,4.471129179000854492e-01,1.098600178956985474e-01,6.122331321239471436e-02,4.318093359470367432e-01,9.411238878965377808e-02,4.810222610831260681e-02,4.176292121410369873e-01,2.390371561050415039e-01,1.772852391004562378e-01,4.185862541198730469e-01,3.516827821731567383e-01,3.547240197658538818e-01,4.210851788520812988e-01,2.304212244786032538e-27,7.461563361177403190e-27,4.210848212242126465e-01
4.246018826961517334e-02,4.915415123105049133e-02,4.483216628432273865e-02,5.422467738389968872e-02,3.060008212924003601e-02,2.995068393647670746e-02,6.016996875405311584e-02,6.280118227005004883e-02,5.694634094834327698e-02,6.673140078783035278e-02,7.406178116798400879e-02,9.565139561891555786e-02,9.854464977979660034e-02,8.769647032022476196e-02,9.263613820075988770e-02,1.209635436534881592e-01,1.328500062227249146e-01,1.321284919977188110e-01,1.471175998449325562e-01,1.153867766261100769e-01,6.424203515052795410e-02,1.465466171503067017e-01,2.228396534919738770e-01,2.154568135738372803e-01,2.749926447868347168e-01,3.559905663132667542e-02,1.278461050242185593e-02,2.594422399997711182e-01,8.434693217277526855e-01,1.000000000000000000e+00,3.699119389057159424e-01,1.009172722697257996e-01,8.471082895994186401e-02,3.579201698303222656e-01,6.829087436199188232e-02,4.087529703974723816e-02,3.444511294364929199e-01,5.178125947713851929e-02,2.279591001570224762e-02,3.305809199810028076e-01,1.513330042362213135e-01,1.162423789501190186e-01,3.491641879081726074e-01,3.574137389659881592e-01,3.594217300415039062e-01,3.521508872509002686e-01,9.010475763360321456e-28,6.295265638803180696e-27,3.521504104137420654e-01
2.410747706890106201e-01,2.892996072769165039e-01,2.814135551452636719e-01,3.313298225402832031e-01,2.514371573925018311e-01,2.715564370155334473e-01,3.615870773792266846e-01,3.405774533748626709e-01,2.874928712844848633e-01,3.886188864707946777e-01,4.381780922412872314e-01,5.199894905090332031e-01,5.370746850967407227e-01,4.776411652565002441e-01,4.507625699043273926e-01,5.875474214553833008e-01,5.545353293418884277e-01,4.988811910152435303e-01,6.523473858833312988e-01,5.124328732490539551e-01,3.666632771492004395e-01,6.754576563835144043e-01,8.304185271263122559e-01,9.183526635169982910e-01,9.850189089775085449e-01,4.858967065811157227e-01,3.999725580215454102e-01,9.917395114898681641e-01,4.650223851203918457e-01,3.699119389057159424e-01,1.000000000000000000e+00,3.639057874679565430e-01,2.693975865840911865e-01,9.914732575416564941e-01,4.239585995674133301e-01,3.043366372585296631e-01,9.859528541564941406e-01,3.842957019805908203e-01,2.646430134773254395e-01,9.791969060897827148e-01,7.439332008361816406e-01,5.630645155906677246e-01,8.873258233070373535e-01,3.111071586608886719e-01,3.028056025505065918e-01,8.879283666610717773e-01,1.089038426357546324e-26,1.173191103275810619e-25,8.879284262657165527e-01
1.103514432907104492e-01,1.212772578001022339e-01,1.141933724284172058e-01,1.416829675436019897e-01,9.969324618577957153e-02,9.766259789466857910e-02,1.503647565841674805e-01,1.257091909646987915e-01,9.038403630256652832e-02,1.572986096143722534e-01,1.649159044027328491e-01,1.790924668312072754e-01,2.001089602708816528e-01,1.734462678432464600e-01,1.628175824880599976e-01,2.035456299781799316e-01,1.908831745386123657e-01,1.832796335220336914e-01,2.230847626924514771e-01,1.786794513463973999e-01,1.362004280090332031e-01,2.315471917390823364e-01,2.932071685791015625e-01,3.249492645263671875e-01,3.741669654846191406e-01,8.385539054870605469e-02,4.300542548298835754e-02,3.614715635776519775e-01,1.194682195782661438e-01,1.009172722697257996e-01,3.639057874679565430e-01,1.000000000000000000e+00,8.506796360015869141e-01,4.531573057174682617e-01,7.640347629785537720e-02,3.260713070631027222e-02,4.307149350643157959e-01,8.715626597404479980e-02,1.735264994204044342e-02,4.122591316699981689e-01,1.356118619441986084e-01,6.402920186519622803e-02,3.445912301540374756e-01,6.227060407400131226e-02,6.265449523925781250e-02,3.437542021274566650e-01,-2.899838291266105102e-28,-3.163365211486554971e-28,3.437544703483581543e-01
