9.978633522987365723e-01,8.873067498207092285e-01,8.555394411087036133e-01,9.678571820259094238e-01,8.152251243591308594e-01,6.809391975402832031e-01,9.597305059432983398e-01,6.990623474121093750e-01,5.083871483802795410e-01,9.582890272140502930e-01,8.227932453155517578e-01,7.134200930595397949e-01,9.159922003746032715e-01,8.729496002197265625e-01,7.856341600418090820e-01,8.811387419700622559e-01,7.798606157302856445e-01,6.037840247154235840e-01,8.550177812576293945e-01,7.720590233802795410e-01,7.021003365516662598e-01,8.384052515029907227e-01,7.444284558296203613e-01,5.872633457183837891e-01,5.813549757003784180e-01,3.582901954650878906e-01,2.424957454204559326e-01,5.366909503936767578e-01,2.951228022575378418e-01,1.340196728706359863e-01,4.937508404254913330e-01,1.963498294353485107e-01,1.086792796850204468e-01,4.799187779426574707e-01,2.248572111129760742e-01,7.590276747941970825e-02,4.186439514160156250e-01,3.283504247665405273e-01,2.688956260681152344e-01,4.318653941154479980e-01,4.758156836032867432e-01,5.408282876014709473e-01,4.657449126243591309e-01,1.001898571848869324e-01,-4.256423278014114507e-19,4.657449126243591309e-01,3.696431576827308163e-06,-4.043153972456790056e-22,4.657449126243591309e-01
8.873067498207092285e-01,5.801343321800231934e-01,6.351320147514343262e-01,8.652087450027465820e-01,8.174889683723449707e-01,6.565457582473754883e-01,8.557943105697631836e-01,6.781778335571289062e-01,5.325459837913513184e-01,8.490483760833740234e-01,8.136069774627685547e-01,7.073116302490234375e-01,7.797560095787048340e-01,7.912126183509826660e-01,6.585961580276489258e-01,7.492118477821350098e-01,6.567208170890808105e-01,4.616646766662597656e-01,7.101762890815734863e-01,5.780490040779113770e-01,4.737280011177062988e-01,6.804344058036804199e-01,6.159256100654602051e-01,4.875625967979431152e-01,4.968866109848022461e-01,2.498251944780349731e-01,1.375377029180526733e-01,4.361349344253540039e-01,2.849045395851135254e-01,1.135924533009529114e-01,3.989951014518737793e-01,1.762961894273757935e-01,1.215552166104316711e-01,3.917463123798370361e-01,2.296763360500335693e-01,9.619771689176559448e-02,3.512721657752990723e-01,3.170396387577056885e-01,2.857611477375030518e-01,3.810159862041473389e-01,4.407317042350769043e-01,4.851624667644500732e-01,3.988315463066101074e-01,9.004656970500946045e-02,-2.040060842896613732e-20,3.988315463066101074e-01,2.110997456838958897e-07,-6.328964147183414973e-23,3.988315463066101074e-01
8.555394411087036133e-01,6.351320147514343262e-01,5.753439664840698242e-01,7.635682225227355957e-01,8.186739087104797363e-01,6.974386572837829590e-01,7.706016302108764648e-01,7.294145822525024414e-01,6.624183058738708496e-01,7.643484473228454590e-01,7.608174681663513184e-01,6.861664652824401855e-01,6.874344944953918457e-01,6.593263149261474609e-01,5.531351566314697266e-01,6.705531477928161621e-01,6.480864286422729492e-01,4.888816177845001221e-01,6.464028358459472656e-01,5.406185984611511230e-01,4.508747458457946777e-01,6.200082898139953613e-01,5.491166710853576660e-01,4.277470409870147705e-01,4.451359212398529053e-01,2.027806639671325684e-01,1.104076281189918518e-01,3.837551176548004150e-01,2.682896554470062256e-01,1.174722239375114441e-01,3.549968600273132324e-01,1.811373233795166016e-01,1.401344835758209229e-01,3.537881672382354736e-01,2.201615571975708008e-01,1.103824377059936523e-01,3.250735998153686523e-01,2.858905196189880371e-01,2.562825977802276611e-01,3.487304151058197021e-01,3.662701547145843506e-01,3.916873037815093994e-01,3.452688753604888916e-01,9.787082672119140625e-02,-2.499233324568774293e-20,3.452688753604888916e-01,1.597645251649737475e-07,-1.570298944868255978e-22,3.452688753604888916e-01
9.678571820259094238e-01,8.652087450027465820e-01,7.635682225227355957e-01,9.371878504753112793e-01,7.961524724960327148e-01,7.211802005767822266e-01,9.393324851989746094e-01,7.131092548370361328e-01,5.507436990737915039e-01,9.416769146919250488e-01,7.550558447837829590e-01,6.741863489151000977e-01,9.066454768180847168e-01,8.243096470832824707e-01,7.625162005424499512e-01,8.801795840263366699e-01,8.297135233879089355e-01,6.891044378280639648e-01,8.717109560966491699e-01,8.307706713676452637e-01,7.778955698013305664e-01,8.598515987396240234e-01,7.345494627952575684e-01,5.715271234512329102e-01,5.781015157699584961e-01,3.540914356708526611e-01,2.507591247558593750e-01,5.343250632286071777e-01,2.921074628829956055e-01,1.510812789201736450e-01,4.984021484851837158e-01,2.150202095508575439e-01,1.169176250696182251e-01,4.865920841693878174e-01,2.307836413383483887e-01,9.265802055597305298e-02,4.292109012603759766e-01,2.875970005989074707e-01,2.118547260761260986e-01,4.233736693859100342e-01,4.385828971862792969e-01,5.049041509628295898e-01,4.532185196876525879e-01,1.101660728454589844e-01,-5.348651687380797537e-19,4.532185196876525879e-01,4.627017460734350607e-06,-8.882258753297483866e-22,4.532185196876525879e-01
8.152251243591308594e-01,8.174889683723449707e-01,8.186739087104797363e-01,7.961524724960327148e-01,4.573091864585876465e-01,5.118570327758789062e-01,6.205721497535705566e-01,4.053073823451995850e-01,3.570888638496398926e-01,6.246323585510253906e-01,3.752653896808624268e-01,3.638535439968109131e-01,5.729508996009826660e-01,4.757747948169708252e-01,4.392200708389282227e-01,5.549552440643310547e-01,6.300597190856933594e-01,6.122151017189025879e-01,5.661660432815551758e-01,6.246756315231323242e-01,6.599749326705932617e-01,5.626769065856933594e-01,4.264783263206481934e-01,2.598830163478851318e-01,2.948379814624786377e-01,1.369270384311676025e-01,9.631056338548660278e-02,2.591083347797393799e-01,1.057223305106163025e-01,5.550179257988929749e-02,2.415283769369125366e-01,1.533680856227874756e-01,6.441422551870346069e-02,2.406037002801895142e-01,9.735280275344848633e-02,3.953658789396286011e-02,2.103031724691390991e-01,1.008373275399208069e-01,4.887212067842483521e-02,1.914675682783126831e-01,1.972395181655883789e-01,2.541709840297698975e-01,2.198916226625442505e-01,2.945527434349060059e-02,-9.675249220401760281e-20,2.198916226625442505e-01,3.199560865141393151e-07,-1.868427656306532632e-22,2.198916226625442505e-01
6.809391975402832031e-01,6.565457582473754883e-01,6.974386572837829590e-01,7.211802005767822266e-01,5.118570327758789062e-01,5.316165685653686523e-01,6.630191802978515625e-01,4.636773467063903809e-01,4.425588548183441162e-01,6.654389500617980957e-01,4.603697955608367920e-01,4.164180457592010498e-01,5.808187723159790039e-01,4.907993078231811523e-01,4.344090223312377930e-01,5.489850044250488281e-01,6.015798449516296387e-01,5.520681738853454590e-01,5.467821955680847168e-01,5.903428792953491211e-01,6.283009052276611328e-01,5.433904528617858887e-01,4.206126034259796143e-01,2.754937112331390381e-01,3.224490880966186523e-01,1.212235763669013977e-01,6.445901840925216675e-02,2.730764448642730713e-01,1.496404558420181274e-01,7.545396685600280762e-02,2.569382786750793457e-01,1.816785335540771484e-01,9.782887250185012817e-02,2.598931491374969482e-01,1.315188854932785034e-01,5.179043114185333252e-02,2.289891093969345093e-01,1.183487176895141602e-01,6.973647326231002808e-02,2.133101075887680054e-01,2.253440767526626587e-01,2.783331871032714844e-01,2.355163991451263428e-01,3.426908701658248901e-02,-4.263119886684099467e-20,2.355163991451263428e-01,1.298563887530690408e-07,-1.230351265340147882e-22,2.355163991451263428e-01
9.597305059432983398e-01,8.557943105697631836e-01,7.706016302108764648e-01,9.393324851989746094e-01,6.205721497535705566e-01,6.630191802978515625e-01,9.798567295074462891e-01,7.853284478187561035e-01,6.063687205314636230e-01,9.809463620185852051e-01,8.500565290451049805e-01,7.529191374778747559e-01,9.535952806472778320e-01,8.863870501518249512e-01,8.177902698516845703e-01,9.270164370536804199e-01,8.346844315528869629e-01,6.634992361068725586e-01,9.121838808059692383e-01,8.226780295372009277e-01,7.392570972442626953e-01,8.960611224174499512e-01,7.901587486267089844e-01,6.394563913345336914e-01,6.363546252250671387e-01,4.054944515228271484e-01,2.819895744323730469e-01,5.914740562438964844e-01,3.428616821765899658e-01,1.794002205133438110e-01,5.529377460479736328e-01,2.255606502294540405e-01,1.352027356624603271e-01,5.392158031463623047e-01,2.702755928039550781e-01,1.132096722722053528e-01,4.788193702697753906e-01,3.397879898548126221e-01,2.635807693004608154e-01,4.800192117691040039e-01,4.975385665893554688e-01,5.527159571647644043e-01,4.997517764568328857e-01,1.352697014808654785e-01,-3.205199504081392172e-19,4.997517764568328857e-01,3.712677198564051650e-06,-5.918961958957080803e-22,4.997517764568328857e-01
6.990623474121093750e-01,6.781778335571289062e-01,7.294145822525024414e-01,7.131092548370361328e-01,4.053073823451995850e-01,4.636773467063903809e-01,7.853284478187561035e-01,8.553103208541870117e-01,7.456678152084350586e-01,8.280577659606933594e-01,7.634482979774475098e-01,7.354340553283691406e-01,8.251879215240478516e-01,7.402678132057189941e-01,6.717239618301391602e-01,8.027176260948181152e-01,7.815244793891906738e-01,6.806068420410156250e-01,8.074017763137817383e-01,7.239468097686767578e-01,6.712670922279357910e-01,7.962426543235778809e-01,6.982599496841430664e-01,6.044498682022094727e-01,6.190376877784729004e-01,3.557740151882171631e-01,2.414908707141876221e-01,5.615481138229370117e-01,3.640082478523254395e-01,2.366675287485122681e-01,5.408486723899841309e-01,2.797290384769439697e-01,2.275040596723556519e-01,5.435680150985717773e-01,3.521815240383148193e-01,2.446174472570419312e-01,5.240861773490905762e-01,4.105756580829620361e-01,3.240866661071777344e-01,5.301389694213867188e-01,4.335570931434631348e-01,4.439946711063385010e-01,5.018991231918334961e-01,1.844462901353836060e-01,-1.607977718491997880e-20,5.018991231918334961e-01,2.245180468207763624e-07,-1.240984984124782286e-22,5.018991231918334961e-01
5.083871483802795410e-01,5.325459837913513184e-01,6.624183058738708496e-01,5.507436990737915039e-01,3.570888638496398926e-01,4.425588548183441162e-01,6.063687205314636230e-01,7.456678152084350586e-01,6.434134840965270996e-01,4.730909764766693115e-01,5.372450947761535645e-01,5.773958563804626465e-01,5.063170790672302246e-01,4.461941719055175781e-01,3.723723590373992920e-01,4.946016073226928711e-01,5.441834926605224609e-01,5.490006208419799805e-01,5.097535848617553711e-01,4.465635120868682861e-01,4.737233221530914307e-01,5.141549706459045410e-01,4.715249538421630859e-01,4.633881449699401855e-01,4.927979111671447754e-01,2.227249592542648315e-01,1.428203880786895752e-01,4.294289648532867432e-01,2.193544805049896240e-01,1.473011672496795654e-01,4.059019088745117188e-01,4.039556980133056641e-01,3.787967264652252197e-01,4.493724405765533447e-01,3.148740231990814209e-01,2.803240716457366943e-01,4.609796702861785889e-01,5.163752436637878418e-01,4.513526558876037598e-01,5.078348517417907715e-01,3.385813534259796143e-01,2.918917834758758545e-01,4.518218636512756348e-01,1.769805997610092163e-01,4.413422562173462632e-21,4.518218636512756348e-01,7.865491369329902227e-08,-1.395707365800527798e-22,4.518218636512756348e-01
9.582890272140502930e-01,8.490483760833740234e-01,7.643484473228454590e-01,9.416769146919250488e-01,6.246323585510253906e-01,6.654389500617980957e-01,9.809463620185852051e-01,8.280577659606933594e-01,4.730909764766693115e-01,9.830332994461059570e-01,8.715556859970092773e-01,7.777610421180725098e-01,9.573087692260742188e-01,8.944587707519531250e-01,8.258556723594665527e-01,9.302195906639099121e-01,8.323994874954223633e-01,6.615261435508728027e-01,9.149023890495300293e-01,8.033464550971984863e-01,7.183308601379394531e-01,8.972656130790710449e-01,8.013002276420593262e-01,6.537082791328430176e-01,6.509388685226440430e-01,4.117244482040405273e-01,2.803177237510681152e-01,6.028344035148620605e-01,3.585257530212402344e-01,1.902585625648498535e-01,5.654743909835815430e-01,2.366969883441925049e-01,1.494885087013244629e-01,5.532159805297851562e-01,2.881256043910980225e-01,1.246643289923667908e-01,4.935598969459533691e-01,3.544551432132720947e-01,2.788077294826507568e-01,4.963048100471496582e-01,5.141056180000305176e-01,5.590754151344299316e-01,5.053958892822265625e-01,1.453760415315628052e-01,-3.269996697365733595e-19,5.053958892822265625e-01,3.205922212146106176e-06,-6.126872876959682321e-22,5.053958892822265625e-01
8.227932453155517578e-01,8.136069774627685547e-01,7.608174681663513184e-01,7.550558447837829590e-01,3.752653896808624268e-01,4.603697955608367920e-01,8.500565290451049805e-01,7.634482979774475098e-01,5.372450947761535645e-01,8.715556859970092773e-01,8.991270661354064941e-01,8.626254796981811523e-01,8.694810867309570312e-01,8.125497698783874512e-01,7.159828543663024902e-01,8.481357693672180176e-01,8.272290825843811035e-01,6.859574317932128906e-01,8.324266672134399414e-01,7.390908002853393555e-01,6.762164235115051270e-01,8.098326325416564941e-01,7.140617966651916504e-01,5.682321786880493164e-01,5.852210521697998047e-01,2.933642566204071045e-01,1.773769408464431763e-01,5.157340764999389648e-01,2.998682558536529541e-01,1.615162491798400879e-01,4.810186326503753662e-01,2.629531323909759521e-01,1.983855366706848145e-01,4.842903017997741699e-01,2.987837791442871094e-01,1.856015026569366455e-01,4.570712745189666748e-01,3.974328935146331787e-01,3.461150228977203369e-01,4.844163060188293457e-01,4.772926867008209229e-01,5.004447102546691895e-01,4.809332489967346191e-01,1.577554643154144287e-01,-5.705113798627102210e-20,4.809332489967346191e-01,3.832971628980885725e-07,-2.211813002332976644e-22,4.809332489967346191e-01
7.134200930595397949e-01,7.073116302490234375e-01,6.861664652824401855e-01,6.741863489151000977e-01,3.638535439968109131e-01,4.164180457592010498e-01,7.529191374778747559e-01,7.354340553283691406e-01,5.773958563804626465e-01,7.777610421180725098e-01,8.626254796981811523e-01,8.511503338813781738e-01,7.742963433265686035e-01,7.163066864013671875e-01,6.199240684509277344e-01,7.536286711692810059e-01,7.757452726364135742e-01,6.630996465682983398e-01,7.434706091880798340e-01,6.569856405258178711e-01,6.216313242912292480e-01,7.221580147743225098e-01,6.430037021636962891e-01,5.379773974418640137e-01,5.583063960075378418e-01,2.857992351055145264e-01,1.790340989828109741e-01,4.942534267902374268e-01,2.699688971042633057e-01,1.485389918088912964e-01,4.593767523765563965e-01,2.799308001995086670e-01,2.267754077911376953e-01,4.718787074089050293e-01,3.122845292091369629e-01,2.267534881830215454e-01,4.603416323661804199e-01,4.264675974845886230e-01,3.835217356681823730e-01,4.972205758094787598e-01,4.562813639640808105e-01,4.542231857776641846e-01,4.800705015659332275e-01,1.831571459770202637e-01,-2.328303074891940084e-20,4.800705015659332275e-01,1.187765406029939186e-07,-7.655658426898353268e-23,4.800705015659332275e-01
9.159922003746032715e-01,7.797560095787048340e-01,6.874344944953918457e-01,9.066454768180847168e-01,5.729508996009826660e-01,5.808187723159790039e-01,9.535952806472778320e-01,8.251879215240478516e-01,5.063170790672302246e-01,9.573087692260742188e-01,8.694810867309570312e-01,7.742963433265686035e-01,9.664313793182373047e-01,8.924453258514404297e-01,8.549110293388366699e-01,9.499600529670715332e-01,8.479967713356018066e-01,6.867481470108032227e-01,9.428195953369140625e-01,8.402369022369384766e-01,7.578619718551635742e-01,9.331119656562805176e-01,8.527205586433410645e-01,7.281253337860107422e-01,7.151396274566650391e-01,4.862296879291534424e-01,3.479190170764923096e-01,6.758518815040588379e-01,3.907865583896636963e-01,2.189766466617584229e-01,6.367986798286437988e-01,2.556355595588684082e-01,1.677875071763992310e-01,6.239383220672607422e-01,3.391298353672027588e-01,1.722173243761062622e-01,5.670014023780822754e-01,4.007737934589385986e-01,3.144576847553253174e-01,5.673407316207885742e-01,5.563453435897827148e-01,5.901882648468017578e-01,5.715471506118774414e-01,1.984056085348129272e-01,-1.689516271892588315e-19,5.715471506118774414e-01,1.938132072609732859e-06,-1.987468786388300679e-22,5.715471506118774414e-01
8.729496002197265625e-01,7.912126183509826660e-01,6.593263149261474609e-01,8.243096470832824707e-01,4.757747948169708252e-01,4.907993078231811523e-01,8.863870501518249512e-01,7.402678132057189941e-01,4.461941719055175781e-01,8.944587707519531250e-01,8.125497698783874512e-01,7.163066864013671875e-01,8.924453258514404297e-01,8.514358401298522949e-01,8.291640281677246094e-01,8.802607059478759766e-01,6.976458430290222168e-01,5.122262835502624512e-01,8.602900505065917969e-01,7.212442755699157715e-01,6.239251494407653809e-01,8.549533486366271973e-01,8.449777960777282715e-01,7.577846646308898926e-01,7.119361758232116699e-01,5.568713545799255371e-01,4.067576527595520020e-01,6.957226395606994629e-01,3.904790282249450684e-01,2.186626493930816650e-01,6.536849737167358398e-01,2.407517284154891968e-01,1.623760908842086792e-01,6.367853879928588867e-01,3.336301743984222412e-01,1.587150692939758301e-01,5.741857886314392090e-01,4.314589500427246094e-01,3.448659777641296387e-01,5.807940363883972168e-01,5.853724479675292969e-01,6.021561026573181152e-01,5.817435383796691895e-01,1.726855337619781494e-01,-1.148210054519711273e-20,5.817435383796691895e-01,3.456621868735965108e-07,2.263987410634516726e-24,5.817435383796691895e-01
7.856341600418090820e-01,6.585961580276489258e-01,5.531351566314697266e-01,7.625162005424499512e-01,4.392200708389282227e-01,4.344090223312377930e-01,8.177902698516845703e-01,6.717239618301391602e-01,3.723723590373992920e-01,8.258556723594665527e-01,7.159828543663024902e-01,6.199240684509277344e-01,8.549110293388366699e-01,8.291640281677246094e-01,7.383816242218017578e-01,7.951381206512451172e-01,6.181641817092895508e-01,4.581009149551391602e-01,7.739874720573425293e-01,6.046267151832580566e-01,5.375418066978454590e-01,7.682664394378662109e-01,7.925795316696166992e-01,7.236170768737792969e-01,6.778978705406188965e-01,5.646569728851318359e-01,4.186156094074249268e-01,6.713414788246154785e-01,3.586099147796630859e-01,2.038454115390777588e-01,6.286223530769348145e-01,2.624311447143554688e-01,1.919205188751220703e-01,6.181046366691589355e-01,3.362622559070587158e-01,1.875217258930206299e-01,5.690559148788452148e-01,4.468414187431335449e-01,3.540741205215454102e-01,5.759929418563842773e-01,5.683460235595703125e-01,5.548711419105529785e-01,5.479753613471984863e-01,1.550333350896835327e-01,-1.951893890914831284e-20,5.479753613471984863e-01,2.220969577138021123e-07,-2.908461053334573166e-23,5.479753613471984863e-01
8.811387419700622559e-01,7.492118477821350098e-01,6.705531477928161621e-01,8.801795840263366699e-01,5.549552440643310547e-01,5.489850044250488281e-01,9.270164370536804199e-01,8.027176260948181152e-01,4.946016073226928711e-01,9.302195906639099121e-01,8.481357693672180176e-01,7.536286711692810059e-01,9.499600529670715332e-01,8.802607059478759766e-01,7.951381206512451172e-01,9.452013969421386719e-01,8.547102212905883789e-01,6.956948041915893555e-01,9.324703216552734375e-01,8.153851628303527832e-01,7.411267757415771484e-01,9.197543263435363770e-01,8.600239753723144531e-01,7.291787266731262207e-01,7.223556637763977051e-01,4.848873019218444824e-01,3.389272093772888184e-01,6.790193319320678711e-01,3.923179507255554199e-01,2.173455953598022461e-01,6.393006443977355957e-01,2.751681208610534668e-01,1.852354854345321655e-01,6.293957233428955078e-01,3.566398322582244873e-01,1.960048526525497437e-01,5.794876813888549805e-01,4.312291145324707031e-01,3.482047319412231445e-01,5.872908234596252441e-01,5.855065584182739258e-01,6.059291958808898926e-01,5.820336937904357910e-01,2.053353637456893921e-01,-1.407768086252399464e-19,5.820336937904357910e-01,1.278071749766240828e-06,-2.226741279885634236e-22,5.820336937904357910e-01
7.798606157302856445e-01,6.567208170890808105e-01,6.480864286422729492e-01,8.297135233879089355e-01,6.300597190856933594e-01,6.015798449516296387e-01,8.346844315528869629e-01,7.815244793891906738e-01,5.441834926605224609e-01,8.323994874954223633e-01,8.272290825843811035e-01,7.757452726364135742e-01,8.479967713356018066e-01,6.976458430290222168e-01,6.181641817092895508e-01,8.547102212905883789e-01,8.293278813362121582e-01,7.137581706047058105e-01,8.520380258560180664e-01,7.488510608673095703e-01,6.909711956977844238e-01,8.444108366966247559e-01,8.088054656982421875e-01,7.038031816482543945e-01,7.048500180244445801e-01,5.002112388610839844e-01,3.565355241298675537e-01,6.700156927108764648e-01,3.797564208507537842e-01,2.181383222341537476e-01,6.324348449707031250e-01,2.505112290382385254e-01,1.769585758447647095e-01,6.212492585182189941e-01,3.760222494602203369e-01,2.386297732591629028e-01,5.863663554191589355e-01,4.508575499057769775e-01,3.661017119884490967e-01,5.964082479476928711e-01,5.689672231674194336e-01,5.698769688606262207e-01,5.685524940490722656e-01,1.877878755331039429e-01,-1.770345841035341306e-20,5.685524940490722656e-01,1.188863976153697877e-07,-2.172040938965576474e-23,5.685524940490722656e-01
6.037840247154235840e-01,4.616646766662597656e-01,4.888816177845001221e-01,6.891044378280639648e-01,6.122151017189025879e-01,5.520681738853454590e-01,6.634992361068725586e-01,6.806068420410156250e-01,5.490006208419799805e-01,6.615261435508728027e-01,6.859574317932128906e-01,6.630996465682983398e-01,6.867481470108032227e-01,5.122262835502624512e-01,4.581009149551391602e-01,6.956948041915893555e-01,7.137581706047058105e-01,6.951510310173034668e-01,7.788771986961364746e-01,6.595118641853332520e-01,6.112503409385681152e-01,7.767390608787536621e-01,7.574199438095092773e-01,6.822054982185363770e-01,6.883667707443237305e-01,4.761648178100585938e-01,3.290920555591583252e-01,6.497607231140136719e-01,3.857743442058563232e-01,2.418003529310226440e-01,6.226445436477661133e-01,2.325677573680877686e-01,1.763401031494140625e-01,6.107926964759826660e-01,4.091217219829559326e-01,2.860268056392669678e-01,5.915101766586303711e-01,4.794412255287170410e-01,3.987151086330413818e-01,6.086100339889526367e-01,5.530763268470764160e-01,5.230885148048400879e-01,5.551936626434326172e-01,1.949537992477416992e-01,-1.088436480960594973e-20,5.551936626434326172e-01,1.002515119807867450e-07,-2.159659767058132694e-23,5.551936626434326172e-01
8.550177812576293945e-01,7.101762890815734863e-01,6.464028358459472656e-01,8.717109560966491699e-01,5.661660432815551758e-01,5.467821955680847168e-01,9.121838808059692383e-01,8.074017763137817383e-01,5.097535848617553711e-01,9.149023890495300293e-01,8.324266672134399414e-01,7.434706091880798340e-01,9.428195953369140625e-01,8.602900505065917969e-01,7.739874720573425293e-01,9.324703216552734375e-01,8.520380258560180664e-01,7.788771986961364746e-01,9.260748624801635742e-01,8.064541816711425781e-01,7.392464280128479004e-01,9.133540987968444824e-01,8.615857958793640137e-01,7.196013331413269043e-01,7.191069722175598145e-01,4.727220535278320312e-01,3.248910903930664062e-01,6.724610328674316406e-01,3.989298343658447266e-01,2.261780053377151489e-01,6.374285817146301270e-01,2.630538940429687500e-01,1.720639169216156006e-01,6.250150203704833984e-01,3.716120421886444092e-01,2.089187502861022949e-01,5.790427923202514648e-01,4.241394400596618652e-01,3.440006375312805176e-01,5.861251950263977051e-01,5.978785157203674316e-01,6.087690591812133789e-01,5.744483470916748047e-01,2.121738046407699585e-01,-1.241713775480881252e-19,5.744483470916748047e-01,9.682003110356163234e-07,-1.760272680499069712e-22,5.744483470916748047e-01
7.720590233802795410e-01,5.780490040779113770e-01,5.406185984611511230e-01,8.307706713676452637e-01,6.246756315231323242e-01,5.903428792953491211e-01,8.226780295372009277e-01,7.239468097686767578e-01,4.465635120868682861e-01,8.033464550971984863e-01,7.390908002853393555e-01,6.569856405258178711e-01,8.402369022369384766e-01,7.212442755699157715e-01,6.046267151832580566e-01,8.153851628303527832e-01,7.488510608673095703e-01,6.595118641853332520e-01,8.064541816711425781e-01,7.630903720855712891e-01,7.135089635848999023e-01,8.513233661651611328e-01,8.064823746681213379e-01,6.753184795379638672e-01,6.756016612052917480e-01,4.318072497844696045e-01,2.960442900657653809e-01,6.277002096176147461e-01,3.513196408748626709e-01,2.010763883590698242e-01,5.922862291336059570e-01,2.906562685966491699e-01,2.023023515939712524e-01,5.890080928802490234e-01,3.673767447471618652e-01,2.241663336753845215e-01,5.548649430274963379e-01,4.371434152126312256e-01,3.649332821369171143e-01,5.713320970535278320e-01,5.616405606269836426e-01,5.527427792549133301e-01,5.516811609268188477e-01,1.757148802280426025e-01,-1.400064902174514038e-20,5.516811609268188477e-01,9.517039245565683814e-08,-3.369467895357749493e-23,5.516811609268188477e-01
7.021003365516662598e-01,4.737280011177062988e-01,4.508747458457946777e-01,7.778955698013305664e-01,6.599749326705932617e-01,6.283009052276611328e-01,7.392570972442626953e-01,6.712670922279357910e-01,4.737233221530914307e-01,7.183308601379394531e-01,6.762164235115051270e-01,6.216313242912292480e-01,7.578619718551635742e-01,6.239251494407653809e-01,5.375418066978454590e-01,7.411267757415771484e-01,6.909711956977844238e-01,6.112503409385681152e-01,7.392464280128479004e-01,7.135089635848999023e-01,6.784073114395141602e-01,7.586160898208618164e-01,6.993190646171569824e-01,6.006561517715454102e-01,6.027272343635559082e-01,3.668286502361297607e-01,2.578365504741668701e-01,5.541082024574279785e-01,2.945581972599029541e-01,1.727544963359832764e-01,5.195408463478088379e-01,2.969371080398559570e-01,2.279741615056991577e-01,5.262372493743896484e-01,3.465507030487060547e-01,2.435230165719985962e-01,5.103957056999206543e-01,4.161894321441650391e-01,3.460836708545684814e-01,5.271916389465332031e-01,4.615117907524108887e-01,4.511721134185791016e-01,5.041499733924865723e-01,1.312920898199081421e-01,-3.280288318603992110e-21,5.041499733924865723e-01,3.373011736584885512e-08,-1.578447878019189030e-23,5.041499733924865723e-01
8.384052515029907227e-01,6.804344058036804199e-01,6.200082898139953613e-01,8.598515987396240234e-01,5.626769065856933594e-01,5.433904528617858887e-01,8.960611224174499512e-01,7.962426543235778809e-01,5.141549706459045410e-01,8.972656130790710449e-01,8.098326325416564941e-01,7.221580147743225098e-01,9.331119656562805176e-01,8.549533486366271973e-01,7.682664394378662109e-01,9.197543263435363770e-01,8.444108366966247559e-01,7.767390608787536621e-01,9.133540987968444824e-01,8.513233661651611328e-01,7.586160898208618164e-01,9.174770116806030273e-01,8.671855926513671875e-01,7.233870625495910645e-01,7.203066945075988770e-01,4.779677987098693848e-01,3.314944505691528320e-01,6.750389933586120605e-01,3.882091641426086426e-01,2.182395011186599731e-01,6.372632980346679688e-01,2.706554532051086426e-01,1.780536770820617676e-01,6.262052655220031738e-01,3.675835430622100830e-01,2.077105939388275146e-01,5.799769759178161621e-01,4.290651381015777588e-01,3.477317690849304199e-01,5.880117416381835938e-01,5.982437133789062500e-01,6.095286011695861816e-01,5.779852867126464844e-01,2.077812403440475464e-01,-9.079737340500400490e-20,5.779852867126464844e-01,7.303919460355245974e-07,-1.468852568416537378e-22,5.779852867126464844e-01
7.444284558296203613e-01,6.159256100654602051e-01,5.491166710853576660e-01,7.345494627952575684e-01,4.264783263206481934e-01,4.206126034259796143e-01,7.901587486267089844e-01,6.982599496841430664e-01,4.715249538421630859e-01,8.013002276420593262e-01,7.140617966651916504e-01,6.430037021636962891e-01,8.527205586433410645e-01,8.449777960777282715e-01,7.925795316696166992e-01,8.600239753723144531e-01,8.088054656982421875e-01,7.574199438095092773e-01,8.615857958793640137e-01,8.064823746681213379e-01,6.993190646171569824e-01,8.671855926513671875e-01,7.565498948097229004e-01,6.067242622375488281e-01,6.231424212455749512e-01,3.506411314010620117e-01,2.062609940767288208e-01,5.592510104179382324e-01,3.182313740253448486e-01,1.686253994703292847e-01,5.215529203414916992e-01,2.677855193614959717e-01,1.901566833257675171e-01,5.218256711959838867e-01,3.113224804401397705e-01,2.042250037193298340e-01,4.952868521213531494e-01,4.307071268558502197e-01,3.798181712627410889e-01,5.285159349441528320e-01,4.961576759815216064e-01,5.209444761276245117e-01,5.332824587821960449e-01,1.415061950683593750e-01,-1.035122347880208195e-20,5.332824587821960449e-01,7.895193476770145935e-08,-3.207019031323034885e-23,5.332824587821960449e-01
5.872633457183837891e-01,4.875625967979431152e-01,4.277470409870147705e-01,5.715271234512329102e-01,2.598830163478851318e-01,2.754937112331390381e-01,6.394563913345336914e-01,6.044498682022094727e-01,4.633881449699401855e-01,6.537082791328430176e-01,5.682321786880493164e-01,5.379773974418640137e-01,7.281253337860107422e-01,7.577846646308898926e-01,7.236170768737792969e-01,7.291787266731262207e-01,7.038031816482543945e-01,6.822054982185363770e-01,7.196013331413269043e-01,6.753184795379638672e-01,6.006561517715454102e-01,7.233870625495910645e-01,6.067242622375488281e-01,6.204665899276733398e-01,6.479807496070861816e-01,3.530503809452056885e-01,2.167616635560989380e-01,5.830579996109008789e-01,3.299051821231842041e-01,1.765773892402648926e-01,5.447309017181396484e-01,3.065551817417144775e-01,2.250798344612121582e-01,5.512914061546325684e-01,3.494915962219238281e-01,2.502801120281219482e-01,5.336928963661193848e-01,4.493858814239501953e-01,3.902912437915802002e-01,5.637116432189941406e-01,5.039185881614685059e-01,5.305592417716979980e-01,5.732376575469970703e-01,1.075888574123382568e-01,-2.065942548781573699e-21,5.732377171516418457e-01,2.810292798471891729e-08,-5.427737342420088591e-24,5.732376575469970703e-01
5.813549757003784180e-01,4.968866109848022461e-01,4.451359212398529053e-01,5.781015157699584961e-01,2.948379814624786377e-01,3.224490880966186523e-01,6.363546252250671387e-01,6.190376877784729004e-01,4.927979111671447754e-01,6.509388685226440430e-01,5.852210521697998047e-01,5.583063960075378418e-01,7.151396274566650391e-01,7.119361758232116699e-01,6.778978705406188965e-01,7.223556637763977051e-01,7.048500180244445801e-01,6.883667707443237305e-01,7.191069722175598145e-01,6.756016612052917480e-01,6.027272343635559082e-01,7.203066945075988770e-01,6.231424212455749512e-01,6.479807496070861816e-01,6.826627254486083984e-01,4.034920334815979004e-01,2.561846971511840820e-01,6.232185363769531250e-01,3.665608167648315430e-01,2.000299096107482910e-01,5.871970057487487793e-01,3.094151616096496582e-01,2.223914414644241333e-01,5.898680686950683594e-01,3.731356263160705566e-01,2.428270578384399414e-01,5.615980625152587891e-01,4.444902539253234863e-01,3.844219446182250977e-01,5.849270820617675781e-01,5.678070783615112305e-01,5.703802704811096191e-01,5.753704309463500977e-01,1.704027056694030762e-01,-9.034221888853383531e-21,5.753704309463500977e-01,6.422099119163249270e-08,-1.779983537730156419e-23,5.753704309463500977e-01
3.582901954650878906e-01,2.498251944780349731e-01,2.027806639671325684e-01,3.540914356708526611e-01,1.369270384311676025e-01,1.212235763669013977e-01,4.054944515228271484e-01,3.557740151882171631e-01,2.227249592542648315e-01,4.117244482040405273e-01,2.933642566204071045e-01,2.857992351055145264e-01,4.862296879291534424e-01,5.568713545799255371e-01,5.646569728851318359e-01,4.848873019218444824e-01,5.002112388610839844e-01,4.761648178100585938e-01,4.727220535278320312e-01,4.318072497844696045e-01,3.668286502361297607e-01,4.779677987098693848e-01,3.506411314010620117e-01,3.530503809452056885e-01,4.034920334815979004e-01,3.538149893283843994e-01,2.435739785432815552e-01,5.745364427566528320e-01,3.610977530479431152e-01,2.007926106452941895e-01,5.447609424591064453e-01,2.776018679141998291e-01,2.021863311529159546e-01,5.468410849571228027e-01,3.913920223712921143e-01,2.777765095233917236e-01,5.369497537612915039e-01,4.161537289619445801e-01,3.674512207508087158e-01,5.597766041755676270e-01,5.330802798271179199e-01,5.256848335266113281e-01,5.542458891868591309e-01,7.866915315389633179e-02,-1.520001123064266331e-21,5.542458891868591309e-01,1.045469755212025120e-08,-4.597147667465148314e-24,5.542458891868591309e-01
2.424957454204559326e-01,1.375377029180526733e-01,1.104076281189918518e-01,2.507591247558593750e-01,9.631056338548660278e-02,6.445901840925216675e-02,2.819895744323730469e-01,2.414908707141876221e-01,1.428203880786895752e-01,2.803177237510681152e-01,1.773769408464431763e-01,1.790340989828109741e-01,3.479190170764923096e-01,4.067576527595520020e-01,4.186156094074249268e-01,3.389272093772888184e-01,3.565355241298675537e-01,3.290920555591583252e-01,3.248910903930664062e-01,2.960442900657653809e-01,2.578365504741668701e-01,3.314944505691528320e-01,2.062609940767288208e-01,2.167616635560989380e-01,2.561846971511840820e-01,2.435739785432815552e-01,2.198150753974914551e-01,5.248462557792663574e-01,3.808879554271697998e-01,2.187487035989761353e-01,5.046058297157287598e-01,2.265962213277816772e-01,1.637424230575561523e-01,5.013073086738586426e-01,3.691763579845428467e-01,2.565425932407379150e-01,4.916084706783294678e-01,3.268192708492279053e-01,2.762047350406646729e-01,4.947530925273895264e-01,4.683473408222198486e-01,4.559341073036193848e-01,4.704323709011077881e-01,9.116327017545700073e-02,-3.322305700988704741e-21,4.704323709011077881e-01,1.233985091886324881e-08,-5.178987410898557381e-24,4.704323709011077881e-01
5.366909503936767578e-01,4.361349344253540039e-01,3.837551176548004150e-01,5.343250632286071777e-01,2.591083347797393799e-01,2.730764448642730713e-01,5.914740562438964844e-01,5.615481138229370117e-01,4.294289648532867432e-01,6.028344035148620605e-01,5.157340764999389648e-01,4.942534267902374268e-01,6.758518815040588379e-01,6.957226395606994629e-01,6.713414788246154785e-01,6.790193319320678711e-01,6.700156927108764648e-01,6.497607231140136719e-01,6.724610328674316406e-01,6.277002096176147461e-01,5.541082024574279785e-01,6.750389933586120605e-01,5.592510104179382324e-01,5.830579996109008789e-01,6.232185363769531250e-01,5.745364427566528320e-01,5.248462557792663574e-01,6.190666556358337402e-01,3.904622793197631836e-01,2.281707525253295898e-01,5.883797407150268555e-01,2.989107370376586914e-01,2.181653529405593872e-01,5.902100205421447754e-01,4.017338752746582031e-01,2.748791277408599854e-01,5.717635154724121094e-01,4.319992363452911377e-01,3.723317384719848633e-01,5.904492139816284180e-01,5.595870018005371094e-01,5.491669178009033203e-01,5.757324099540710449e-01,2.014958858489990234e-01,-1.060541511168734702e-20,5.757324099540710449e-01,7.178015692943517934e-08,-2.535755672281672884e-23,5.757324099540710449e-01
2.951228022575378418e-01,2.849045395851135254e-01,2.682896554470062256e-01,2.921074628829956055e-01,1.057223305106163025e-01,1.496404558420181274e-01,3.428616821765899658e-01,3.640082478523254395e-01,2.193544805049896240e-01,3.585257530212402344e-01,2.998682558536529541e-01,2.699688971042633057e-01,3.907865583896636963e-01,3.904790282249450684e-01,3.586099147796630859e-01,3.923179507255554199e-01,3.797564208507537842e-01,3.857743442058563232e-01,3.989298343658447266e-01,3.513196408748626709e-01,2.945581972599029541e-01,3.882091641426086426e-01,3.182313740253448486e-01,3.299051821231842041e-01,3.665608167648315430e-01,3.610977530479431152e-01,3.808879554271697998e-01,3.904622793197631836e-01,3.508149981498718262e-01,2.573170065879821777e-01,5.145103931427001953e-01,3.654760718345642090e-01,3.133529424667358398e-01,5.412238240242004395e-01,4.858691096305847168e-01,4.522571563720703125e-01,5.869270563125610352e-01,4.987873136997222900e-01,4.539659917354583740e-01,6.258525848388671875e-01,4.541572034358978271e-01,3.926528692245483398e-01,5.824673175811767578e-01,3.276431933045387268e-02,-2.462116421857941488e-22,5.824673175811767578e-01,1.535183313805532634e-09,-1.260919215209791375e-24,5.824673175811767578e-01
1.340196728706359863e-01,1.135924533009529114e-01,1.174722239375114441e-01,1.510812789201736450e-01,5.550179257988929749e-02,7.545396685600280762e-02,1.794002205133438110e-01,2.366675287485122681e-01,1.473011672496795654e-01,1.902585625648498535e-01,1.615162491798400879e-01,1.485389918088912964e-01,2.189766466617584229e-01,2.186626493930816650e-01,2.038454115390777588e-01,2.173455953598022461e-01,2.181383222341537476e-01,2.418003529310226440e-01,2.261780053377151489e-01,2.010763883590698242e-01,1.727544963359832764e-01,2.182395011186599731e-01,1.686253994703292847e-01,1.765773892402648926e-01,2.000299096107482910e-01,2.007926106452941895e-01,2.187487035989761353e-01,2.281707525253295898e-01,2.573170065879821777e-01,2.493877559900283813e-01,4.168550372123718262e-01,3.529528677463531494e-01,3.192622959613800049e-01,4.563825130462646484e-01,4.921250045299530029e-01,5.243078470230102539e-01,5.395327210426330566e-01,4.539431929588317871e-01,4.219622313976287842e-01,5.768170952796936035e-01,3.506265878677368164e-01,2.628847360610961914e-01,5.200687050819396973e-01,6.339937448501586914e-02,-3.594711160298887740e-22,5.200687050819396973e-01,1.430168428129263702e-09,-1.354933291311315899e-24,5.200687050819396973e-01
4.937508404254913330e-01,3.989951014518737793e-01,3.549968600273132324e-01,4.984021484851837158e-01,2.415283769369125366e-01,2.569382786750793457e-01,5.529377460479736328e-01,5.408486723899841309e-01,4.059019088745117188e-01,5.654743909835815430e-01,4.810186326503753662e-01,4.593767523765563965e-01,6.367986798286437988e-01,6.536849737167358398e-01,6.286223530769348145e-01,6.393006443977355957e-01,6.324348449707031250e-01,6.226445436477661133e-01,6.374285817146301270e-01,5.922862291336059570e-01,5.195408463478088379e-01,6.372632980346679688e-01,5.215529203414916992e-01,5.447309017181396484e-01,5.871970057487487793e-01,5.447609424591064453e-01,5.046058297157287598e-01,5.883797407150268555e-01,5.145103931427001953e-01,4.168550372123718262e-01,6.054219603538513184e-01,3.238864839076995850e-01,2.495856434106826782e-01,6.138600111007690430e-01,4.687452018260955811e-01,3.705173730850219727e-01,6.208865046501159668e-01,4.739118516445159912e-01,4.142519831657409668e-01,6.438571810722351074e-01,5.637106895446777344e-01,5.306785106658935547e-01,6.163579821586608887e-01,2.536700963973999023e-01,-7.878926030723132563e-21,6.163579821586608887e-01,6.485417003432303318e-08,-2.391508038140941638e-23,6.163579821586608887e-01
1.963498294353485107e-01,1.762961894273757935e-01,1.811373233795166016e-01,2.150202095508575439e-01,1.533680856227874756e-01,1.816785335540771484e-01,2.255606502294540405e-01,2.797290384769439697e-01,4.039556980133056641e-01,2.366969883441925049e-01,2.629531323909759521e-01,2.799308001995086670e-01,2.556355595588684082e-01,2.407517284154891968e-01,2.624311447143554688e-01,2.751681208610534668e-01,2.505112290382385254e-01,2.325677573680877686e-01,2.630538940429687500e-01,2.906562685966491699e-01,2.969371080398559570e-01,2.706554532051086426e-01,2.677855193614959717e-01,3.065551817417144775e-01,3.094151616096496582e-01,2.776018679141998291e-01,2.265962213277816772e-01,2.989107370376586914e-01,3.654760718345642090e-01,3.529528677463531494e-01,3.238864839076995850e-01,1.891021877527236938e-01,1.243889778852462769e-01,4.347432553768157959e-01,2.334984838962554932e-01,1.318609565496444702e-01,3.991310298442840576e-01,2.819999158382415771e-01,2.214312404394149780e-01,4.036760926246643066e-01,3.867577016353607178e-01,4.362416863441467285e-01,4.308111071586608887e-01,9.148360230028629303e-03,-3.177983585756746148e-22,4.308111071586608887e-01,2.294556544768511230e-09,-7.181717204536424296e-25,4.308111071586608887e-01
