9.987755084811172912e-01,6.843842170768623667e-01,6.336423938024590141e-01,4.047233884469192411e-01,3.871275762515469232e-01,2.834533037871652672e-01,2.692455917896996453e-01
6.843842170768623667e-01,9.858413728616507443e-01,9.408170048608082148e-01,6.795544066369142433e-01,6.288527832924094563e-01,4.825384574061198917e-01,4.482051617265296328e-01
6.336423938024590141e-01,9.408170048608082148e-01,9.834584684626285211e-01,7.799662751277380845e-01,7.469998063340499428e-01,5.931460115407677369e-01,5.422118907586775949e-01
4.047233884469192411e-01,6.795544066369142433e-01,7.799662751277380845e-01,9.396606611349770377e-01,8.561892978308892621e-01,7.279653240664197833e-01,6.251796803478404385e-01
3.871275762515469232e-01,6.288527832924094563e-01,7.469998063340499428e-01,8.561892978308892621e-01,9.220817846166321496e-01,8.163511652129810114e-01,7.311417831464908090e-01
2.834533037871652672e-01,4.825384574061198917e-01,5.931460115407677369e-01,7.279653240664197833e-01,8.163511652129810114e-01,8.428335958629931124e-01,7.377707804328160757e-01
2.692455917896996453e-01,4.482051617265296328e-01,5.422118907586775949e-01,6.251796803478404385e-01,7.311417831464908090e-01,7.377707804328160757e-01,8.548796732386506614e-01
