9.957496523857116699e-01,9.025068283081054688e-01,7.834427952766418457e-01,9.515560269355773926e-01,6.078604459762573242e-01,4.061070680618286133e-01,9.362041354179382324e-01,5.671731233596801758e-01,5.489246249198913574e-01,9.232369661331176758e-01,6.038872003555297852e-01,3.899752497673034668e-01,8.668376207351684570e-01,6.984692215919494629e-01,5.104344487190246582e-01,8.297501802444458008e-01,7.655308246612548828e-01,7.160391211509704590e-01,8.284240365028381348e-01,6.971837282180786133e-01,4.248647987842559814e-01,8.329399228096008301e-01,7.179236412048339844e-01,6.510858535766601562e-01,7.222797274589538574e-01,6.185147762298583984e-01,4.998819530010223389e-01,6.954674720764160156e-01,5.716208815574645996e-01,3.480441272258758545e-01,6.565262079238891602e-01,5.992074012756347656e-01,5.617625117301940918e-01,6.474903225898742676e-01,6.876829266548156738e-01,6.164289116859436035e-01,6.424261927604675293e-01,4.755729436874389648e-01,3.549158573150634766e-01,6.363715529441833496e-01,5.081434249877929688e-01,4.294140934944152832e-01,4.668931663036346436e-01,3.970979750156402588e-01,3.538436889648437500e-01,4.526991844177246094e-01,3.803082406520843506e-01,3.162967264652252197e-01,4.522846043109893799e-01
9.025068283081054688e-01,9.218060970306396484e-01,8.823764324188232422e-01,9.028112888336181641e-01,6.140400171279907227e-01,4.270773828029632568e-01,8.824449777603149414e-01,4.344615042209625244e-01,5.114691853523254395e-01,8.798498511314392090e-01,6.292192339897155762e-01,4.335108995437622070e-01,8.475765585899353027e-01,6.928973793983459473e-01,5.128229856491088867e-01,8.220399618148803711e-01,7.849242687225341797e-01,7.538648247718811035e-01,8.220889568328857422e-01,6.955417990684509277e-01,4.377593994140625000e-01,8.210952877998352051e-01,7.263582944869995117e-01,6.679034829139709473e-01,7.284927964210510254e-01,6.357834935188293457e-01,5.136082768440246582e-01,7.068508267402648926e-01,5.633605122566223145e-01,3.280421793460845947e-01,6.690635681152343750e-01,6.114969253540039062e-01,5.662657022476196289e-01,6.622613668441772461e-01,7.337919473648071289e-01,6.762905120849609375e-01,6.611811518669128418e-01,4.967886805534362793e-01,3.757023215293884277e-01,6.529238224029541016e-01,5.121440291404724121e-01,4.290384352207183838e-01,4.663244783878326416e-01,3.981346189975738525e-01,3.572663068771362305e-01,4.517049789428710938e-01,3.969457447528839111e-01,3.285186588764190674e-01,4.523440897464752197e-01
7.834427952766418457e-01,8.823764324188232422e-01,9.357041716575622559e-01,8.077536821365356445e-01,5.164852142333984375e-01,3.707553744316101074e-01,7.781350016593933105e-01,2.971917390823364258e-01,3.938595950603485107e-01,7.774547934532165527e-01,5.765855908393859863e-01,4.130205214023590088e-01,7.476787567138671875e-01,5.565820336341857910e-01,3.939985334873199463e-01,7.217912673950195312e-01,7.065619230270385742e-01,6.607164740562438965e-01,7.087759375572204590e-01,5.709720253944396973e-01,3.577178418636322021e-01,7.050567269325256348e-01,6.399223208427429199e-01,5.992103815078735352e-01,6.342446208000183105e-01,6.157349348068237305e-01,5.394366383552551270e-01,6.276898384094238281e-01,4.756060838699340820e-01,2.833997011184692383e-01,5.980268716812133789e-01,5.150404572486877441e-01,4.895114898681640625e-01,5.896717309951782227e-01,7.054498791694641113e-01,6.941449046134948730e-01,5.950086712837219238e-01,4.556791782379150391e-01,3.607783615589141846e-01,5.817626714706420898e-01,4.374320507049560547e-01,3.792282044887542725e-01,4.061951935291290283e-01,3.060804605484008789e-01,2.539348602294921875e-01,3.672266304492950439e-01,3.941437304019927979e-01,3.149295747280120850e-01,3.694694340229034424e-01
9.515560269355773926e-01,9.028112888336181641e-01,8.077536821365356445e-01,9.844384193420410156e-01,7.100981473922729492e-01,5.244138240814208984e-01,9.772365689277648926e-01,6.099911332130432129e-01,6.444047689437866211e-01,9.732900857925415039e-01,7.294961810111999512e-01,5.273274183273315430e-01,9.286434054374694824e-01,7.646594643592834473e-01,6.043748855590820312e-01,8.986530303955078125e-01,8.175039887428283691e-01,7.371060252189636230e-01,8.942700624465942383e-01,7.777656316757202148e-01,5.236665606498718262e-01,8.984934687614440918e-01,8.103182911872863770e-01,7.302678823471069336e-01,7.873975634574890137e-01,6.834203004837036133e-01,5.565599799156188965e-01,7.673413157463073730e-01,6.544105410575866699e-01,4.277425110340118408e-01,7.333093285560607910e-01,6.620211005210876465e-01,6.248841881752014160e-01,7.245863676071166992e-01,7.409921884536743164e-01,6.447141766548156738e-01,7.197071909904479980e-01,5.544887781143188477e-01,4.171355366706848145e-01,7.138612866401672363e-01,5.747477412223815918e-01,4.666972458362579346e-01,4.946434199810028076e-01,4.154013693332672119e-01,3.622550070285797119e-01,4.728283286094665527e-01,3.960448205471038818e-01,3.292131721973419189e-01,4.728872478008270264e-01
6.078604459762573242e-01,6.140400171279907227e-01,5.164852142333984375e-01,7.100981473922729492e-01,7.424506545066833496e-01,6.037375330924987793e-01,8.035121560096740723e-01,6.300123929977416992e-01,6.828076839447021484e-01,8.101280927658081055e-01,7.506546974182128906e-01,6.253887414932250977e-01,7.704766392707824707e-01,6.633067727088928223e-01,6.126294732093811035e-01,7.543580532073974609e-01,6.711506843566894531e-01,5.790023803710937500e-01,7.465547919273376465e-01,6.722438335418701172e-01,5.320374369621276855e-01,7.442516684532165527e-01,7.111843228340148926e-01,6.467086672782897949e-01,6.554684638977050781e-01,5.921561717987060547e-01,4.682503640651702881e-01,6.484991908073425293e-01,6.103331446647644043e-01,4.609602987766265869e-01,6.317430138587951660e-01,5.475018620491027832e-01,5.106311440467834473e-01,6.159678697586059570e-01,5.757359266281127930e-01,4.662015736103057861e-01,6.098394393920898438e-01,5.323804616928100586e-01,4.062268435955047607e-01,6.068369746208190918e-01,5.047421455383300781e-01,4.029918611049652100e-01,4.036794900894165039e-01,3.098452985286712646e-01,2.531012892723083496e-01,3.671472668647766113e-01,2.693715989589691162e-01,2.253135293722152710e-01,3.674561381340026855e-01
4.061070680618286133e-01,4.270773828029632568e-01,3.707553744316101074e-01,5.244138240814208984e-01,6.037375330924987793e-01,5.595763921737670898e-01,6.079681515693664551e-01,5.133213400840759277e-01,5.723682641983032227e-01,6.182759404182434082e-01,6.169777512550354004e-01,5.299750566482543945e-01,5.901066064834594727e-01,5.363560318946838379e-01,5.339144468307495117e-01,5.848981142044067383e-01,4.990520179271697998e-01,4.273155629634857178e-01,5.766842961311340332e-01,5.352705121040344238e-01,4.634129106998443604e-01,5.743190050125122070e-01,5.574036836624145508e-01,5.027280449867248535e-01,5.013532638549804688e-01,4.620485305786132812e-01,3.678043782711029053e-01,4.997260570526123047e-01,4.836029708385467529e-01,3.778771162033081055e-01,4.898429512977600098e-01,4.041782319545745850e-01,3.811161220073699951e-01,4.762142002582550049e-01,4.237050712108612061e-01,3.342378437519073486e-01,4.700172245502471924e-01,4.172607362270355225e-01,3.208322525024414062e-01,4.684513211250305176e-01,3.821438848972320557e-01,2.977524101734161377e-01,2.915851473808288574e-01,2.220896780490875244e-01,1.780611723661422729e-01,2.630755603313446045e-01,1.765286922454833984e-01,1.524561792612075806e-01,2.641168236732482910e-01
9.362041354179382324e-01,8.824449777603149414e-01,7.781350016593933105e-01,9.772365689277648926e-01,8.035121560096740723e-01,6.079681515693664551e-01,9.804237484931945801e-01,5.995018482208251953e-01,6.669434905052185059e-01,9.814026951789855957e-01,7.828018069267272949e-01,5.936131477355957031e-01,9.485529065132141113e-01,7.976302504539489746e-01,6.551247239112854004e-01,9.244281053543090820e-01,8.491767048835754395e-01,7.665920853614807129e-01,9.180747866630554199e-01,8.089643120765686035e-01,5.664900541305541992e-01,9.197707176208496094e-01,8.313730359077453613e-01,7.498697042465209961e-01,7.997955083847045898e-01,7.021970748901367188e-01,5.738677382469177246e-01,7.830356359481811523e-01,6.660781502723693848e-01,4.379230737686157227e-01,7.523781061172485352e-01,6.701122522354125977e-01,6.329834461212158203e-01,7.434293627738952637e-01,7.671509981155395508e-01,6.702399253845214844e-01,7.406013011932373047e-01,5.878211259841918945e-01,4.514265358448028564e-01,7.347837686538696289e-01,5.931461453437805176e-01,4.790042638778686523e-01,5.058749318122863770e-01,4.207936525344848633e-01,3.660857975482940674e-01,4.806382060050964355e-01,4.136509895324707031e-01,3.440151810646057129e-01,4.812604784965515137e-01
5.671731233596801758e-01,4.344615042209625244e-01,2.971917390823364258e-01,6.099911332130432129e-01,6.300123929977416992e-01,5.133213400840759277e-01,5.995018482208251953e-01,4.799373447895050049e-01,6.791943907737731934e-01,8.217353820800781250e-01,9.079822897911071777e-01,8.117179870605468750e-01,8.225979208946228027e-01,7.431250214576721191e-01,7.222514748573303223e-01,8.298646211624145508e-01,7.911146283149719238e-01,7.018395662307739258e-01,8.151980042457580566e-01,7.763950228691101074e-01,6.597707867622375488e-01,8.057127594947814941e-01,7.680324912071228027e-01,6.712455153465270996e-01,6.805908083915710449e-01,6.388702392578125000e-01,5.360828042030334473e-01,6.863173842430114746e-01,6.283009648323059082e-01,4.616627991199493408e-01,6.769071817398071289e-01,5.669403672218322754e-01,5.361855030059814453e-01,6.663125753402709961e-01,6.683570742607116699e-01,5.625073313713073730e-01,6.639270186424255371e-01,5.855173468589782715e-01,4.641318321228027344e-01,6.550133824348449707e-01,5.309026241302490234e-01,3.891517817974090576e-01,3.822102844715118408e-01,2.999169230461120605e-01,2.440876066684722900e-01,3.453124165534973145e-01,3.188312351703643799e-01,2.639896273612976074e-01,3.482068479061126709e-01
5.489246249198913574e-01,5.114691853523254395e-01,3.938595950603485107e-01,6.444047689437866211e-01,6.828076839447021484e-01,5.723682641983032227e-01,6.669434905052185059e-01,6.791943907737731934e-01,6.362813711166381836e-01,6.896516084671020508e-01,8.104144334793090820e-01,7.275897264480590820e-01,6.685897707939147949e-01,5.869712829589843750e-01,5.749056935310363770e-01,6.830771565437316895e-01,6.794658899307250977e-01,6.491612195968627930e-01,6.815158724784851074e-01,6.431579589843750000e-01,5.463684201240539551e-01,6.688781380653381348e-01,6.616972684860229492e-01,5.555244684219360352e-01,5.557565093040466309e-01,5.152870416641235352e-01,4.234368205070495605e-01,5.587385892868041992e-01,5.108076333999633789e-01,3.695373237133026123e-01,5.502787828445434570e-01,4.876184165477752686e-01,4.636467397212982178e-01,5.425121784210205078e-01,5.510808825492858887e-01,4.662396013736724854e-01,5.388965010643005371e-01,4.781491458415985107e-01,3.761422038078308105e-01,5.303381681442260742e-01,4.344718456268310547e-01,3.030064702033996582e-01,2.941540777683258057e-01,2.322260290384292603e-01,1.878638416528701782e-01,2.653196156024932861e-01,2.260186821222305298e-01,1.842934340238571167e-01,2.669566869735717773e-01
9.232369661331176758e-01,8.798498511314392090e-01,7.774547934532165527e-01,9.732900857925415039e-01,8.101280927658081055e-01,6.182759404182434082e-01,9.814026951789855957e-01,8.217353820800781250e-01,6.896516084671020508e-01,9.833129048347473145e-01,7.966857552528381348e-01,6.113909482955932617e-01,9.522072076797485352e-01,8.036483526229858398e-01,6.657952070236206055e-01,9.297409057617187500e-01,8.571152091026306152e-01,7.736480236053466797e-01,9.231016635894775391e-01,8.154197335243225098e-01,5.756824016571044922e-01,9.240118861198425293e-01,8.370380997657775879e-01,7.534103989601135254e-01,8.020046353340148926e-01,7.048724889755249023e-01,5.765262246131896973e-01,7.859262228012084961e-01,6.712764501571655273e-01,4.445334374904632568e-01,7.563071846961975098e-01,6.724973917007446289e-01,6.364886760711669922e-01,7.471143603324890137e-01,7.698740363121032715e-01,6.727040410041809082e-01,7.443993687629699707e-01,5.940667986869812012e-01,4.576624929904937744e-01,7.384733557701110840e-01,5.978931784629821777e-01,4.821055531501770020e-01,5.079398751258850098e-01,4.210952818393707275e-01,3.653413355350494385e-01,4.814509153366088867e-01,4.163710474967956543e-01,3.464965820312500000e-01,4.821655750274658203e-01
6.038872003555297852e-01,6.292192339897155762e-01,5.765855908393859863e-01,7.294961810111999512e-01,7.506546974182128906e-01,6.169777512550354004e-01,7.828018069267272949e-01,9.079822897911071777e-01,8.104144334793090820e-01,7.966857552528381348e-01,9.390432834625244141e-01,9.146697521209716797e-01,7.520945072174072266e-01,7.187964320182800293e-01,7.675518393516540527e-01,7.794064879417419434e-01,7.521144151687622070e-01,6.447091102600097656e-01,7.592425346374511719e-01,7.579422593116760254e-01,6.949035525321960449e-01,7.433980703353881836e-01,7.582095861434936523e-01,6.651943325996398926e-01,6.521943211555480957e-01,6.346893310546875000e-01,5.371623635292053223e-01,6.668179631233215332e-01,6.539167165756225586e-01,5.169963240623474121e-01,6.672550439834594727e-01,5.662212967872619629e-01,5.359068512916564941e-01,6.551929712295532227e-01,6.267374753952026367e-01,5.109694600105285645e-01,6.508644223213195801e-01,6.062054038047790527e-01,4.964235424995422363e-01,6.413393020629882812e-01,5.325086712837219238e-01,3.706662356853485107e-01,3.554405272006988525e-01,2.742662429809570312e-01,2.102645188570022583e-01,3.122878372669219971e-01,3.069404661655426025e-01,2.589908540248870850e-01,3.166996538639068604e-01
3.899752497673034668e-01,4.335108995437622070e-01,4.130205214023590088e-01,5.273274183273315430e-01,6.253887414932250977e-01,5.299750566482543945e-01,5.936131477355957031e-01,8.117179870605468750e-01,7.275897264480590820e-01,6.113909482955932617e-01,9.146697521209716797e-01,9.258630871772766113e-01,6.316729784011840820e-01,6.522516012191772461e-01,7.467032074928283691e-01,6.684902310371398926e-01,6.527429223060607910e-01,5.505496263504028320e-01,6.452423930168151855e-01,6.690213680267333984e-01,6.578351855278015137e-01,6.256315112113952637e-01,6.699129939079284668e-01,6.168593764305114746e-01,5.859960317611694336e-01,5.922641158103942871e-01,5.072765350341796875e-01,6.067535877227783203e-01,6.252866983413696289e-01,5.471574664115905762e-01,6.190919280052185059e-01,5.283168554306030273e-01,5.009574890136718750e-01,6.077697277069091797e-01,5.372646450996398926e-01,4.178088605403900146e-01,6.015332341194152832e-01,5.919812917709350586e-01,4.935666620731353760e-01,5.916456580162048340e-01,5.090731382369995117e-01,3.471615910530090332e-01,3.230063021183013916e-01,2.463231533765792847e-01,1.751238703727722168e-01,2.753919363021850586e-01,2.752583920955657959e-01,2.378511577844619751e-01,2.806662321090698242e-01
8.668376207351684570e-01,8.475765585899353027e-01,7.476787567138671875e-01,9.286434054374694824e-01,7.704766392707824707e-01,5.901066064834594727e-01,9.485529065132141113e-01,8.225979208946228027e-01,6.685897707939147949e-01,9.522072076797485352e-01,7.520945072174072266e-01,6.316729784011840820e-01,9.779757857322692871e-01,8.724075555801391602e-01,7.710656523704528809e-01,9.670181274414062500e-01,8.795889019966125488e-01,7.770352363586425781e-01,9.568141698837280273e-01,8.651499152183532715e-01,6.406968832015991211e-01,9.557821154594421387e-01,9.017254710197448730e-01,8.395249843597412109e-01,8.776195049285888672e-01,7.888073921203613281e-01,6.577033400535583496e-01,8.666774034500122070e-01,7.662584781646728516e-01,5.483353734016418457e-01,8.418123722076416016e-01,7.489665746688842773e-01,7.078974246978759766e-01,8.329947590827941895e-01,8.213049769401550293e-01,7.006804347038269043e-01,8.280820846557617188e-01,6.796918511390686035e-01,5.275352001190185547e-01,8.215835094451904297e-01,6.716279983520507812e-01,5.285732746124267578e-01,5.446697473526000977e-01,4.584585130214691162e-01,3.890528082847595215e-01,5.134802460670471191e-01,4.384151399135589600e-01,3.710253238677978516e-01,5.152872800827026367e-01
6.984692215919494629e-01,6.928973793983459473e-01,5.565820336341857910e-01,7.646594643592834473e-01,6.633067727088928223e-01,5.363560318946838379e-01,7.976302504539489746e-01,7.431250214576721191e-01,5.869712829589843750e-01,8.036483526229858398e-01,7.187964320182800293e-01,6.522516012191772461e-01,8.724075555801391602e-01,8.158005475997924805e-01,8.152919411659240723e-01,8.522548675537109375e-01,7.640288472175598145e-01,6.582989692687988281e-01,8.369210362434387207e-01,7.961724400520324707e-01,6.799418926239013672e-01,8.317902088165283203e-01,8.203877210617065430e-01,7.634624242782592773e-01,7.663466334342956543e-01,7.230058312416076660e-01,6.243308782577514648e-01,7.719363570213317871e-01,7.411482930183410645e-01,5.995267033576965332e-01,7.673929333686828613e-01,6.557602286338806152e-01,6.240419149398803711e-01,7.555598616600036621e-01,6.851586699485778809e-01,5.416330099105834961e-01,7.464272379875183105e-01,6.441255211830139160e-01,4.984355568885803223e-01,7.383134961128234863e-01,6.047133207321166992e-01,4.590452313423156738e-01,4.466161727905273438e-01,3.595239222049713135e-01,2.911624610424041748e-01,4.064322412014007568e-01,3.465370237827301025e-01,2.999718487262725830e-01,4.094998240470886230e-01
5.104344487190246582e-01,5.128229856491088867e-01,3.939985334873199463e-01,6.043748855590820312e-01,6.126294732093811035e-01,5.339144468307495117e-01,6.551247239112854004e-01,7.222514748573303223e-01,5.749056935310363770e-01,6.657952070236206055e-01,7.675518393516540527e-01,7.467032074928283691e-01,7.710656523704528809e-01,8.152919411659240723e-01,7.457681298255920410e-01,7.266577482223510742e-01,6.337999701499938965e-01,5.329180359840393066e-01,7.070872783660888672e-01,6.863192915916442871e-01,6.322448849678039551e-01,7.032083868980407715e-01,6.970010995864868164e-01,6.314970254898071289e-01,6.324481368064880371e-01,6.136597394943237305e-01,5.593355894088745117e-01,6.434186100959777832e-01,6.320378780364990234e-01,5.327911972999572754e-01,6.454749107360839844e-01,5.385578870773315430e-01,5.221688151359558105e-01,6.340479850769042969e-01,5.739655494689941406e-01,4.561046361923217773e-01,6.254683136940002441e-01,5.339241027832031250e-01,4.116392731666564941e-01,6.153520345687866211e-01,5.006043314933776855e-01,3.678507208824157715e-01,3.470500707626342773e-01,2.704389095306396484e-01,2.132416814565658569e-01,3.094935119152069092e-01,2.678263187408447266e-01,2.315354347229003906e-01,3.123271167278289795e-01
8.297501802444458008e-01,8.220399618148803711e-01,7.217912673950195312e-01,8.986530303955078125e-01,7.543580532073974609e-01,5.848981142044067383e-01,9.244281053543090820e-01,8.298646211624145508e-01,6.830771565437316895e-01,9.297409057617187500e-01,7.794064879417419434e-01,6.684902310371398926e-01,9.670181274414062500e-01,8.522548675537109375e-01,7.266577482223510742e-01,9.611425995826721191e-01,8.836740851402282715e-01,7.746495604515075684e-01,9.492964744567871094e-01,8.765202760696411133e-01,6.895406842231750488e-01,9.464212059974670410e-01,9.127265810966491699e-01,8.413573503494262695e-01,8.679038882255554199e-01,8.020476102828979492e-01,6.821931600570678711e-01,8.641011118888854980e-01,7.712459564208984375e-01,5.668399930000305176e-01,8.454720973968505859e-01,7.438210844993591309e-01,7.061555981636047363e-01,8.369563817977905273e-01,8.269379138946533203e-01,7.033883929252624512e-01,8.318877816200256348e-01,6.900947093963623047e-01,5.387488007545471191e-01,8.234961628913879395e-01,6.683738827705383301e-01,5.135911703109741211e-01,5.222864747047424316e-01,4.347794651985168457e-01,3.638308644294738770e-01,4.873787462711334229e-01,4.204684197902679443e-01,3.534033000469207764e-01,4.895103573799133301e-01
7.655308246612548828e-01,7.849242687225341797e-01,7.065619230270385742e-01,8.175039887428283691e-01,6.711506843566894531e-01,4.990520179271697998e-01,8.491767048835754395e-01,7.911146283149719238e-01,6.794658899307250977e-01,8.571152091026306152e-01,7.521144151687622070e-01,6.527429223060607910e-01,8.795889019966125488e-01,7.640288472175598145e-01,6.337999701499938965e-01,8.836740851402282715e-01,8.279387950897216797e-01,7.175368666648864746e-01,8.268764615058898926e-01,7.936174869537353516e-01,6.752161383628845215e-01,8.120991587638854980e-01,8.162838220596313477e-01,7.475162744522094727e-01,7.409980297088623047e-01,7.202594280242919922e-01,6.203644275665283203e-01,7.477151155471801758e-01,6.955390572547912598e-01,5.334796309471130371e-01,7.406685948371887207e-01,6.316887140274047852e-01,6.135053038597106934e-01,7.350310087203979492e-01,7.224802970886230469e-01,6.042470335960388184e-01,7.301052808761596680e-01,6.400181055068969727e-01,5.291372537612915039e-01,7.216836214065551758e-01,5.885220766067504883e-01,4.280169308185577393e-01,4.189087152481079102e-01,3.290718793869018555e-01,2.616933882236480713e-01,3.755561411380767822e-01,3.567674160003662109e-01,2.955451309680938721e-01,3.790542483329772949e-01
7.160391211509704590e-01,7.538648247718811035e-01,6.607164740562438965e-01,7.371060252189636230e-01,5.790023803710937500e-01,4.273155629634857178e-01,7.665920853614807129e-01,7.018395662307739258e-01,6.491612195968627930e-01,7.736480236053466797e-01,6.447091102600097656e-01,5.505496263504028320e-01,7.770352363586425781e-01,6.582989692687988281e-01,5.329180359840393066e-01,7.746495604515075684e-01,7.175368666648864746e-01,6.705714464187622070e-01,7.175184488296508789e-01,7.100636959075927734e-01,6.438512206077575684e-01,6.990686058998107910e-01,7.108604907989501953e-01,6.512208580970764160e-01,6.326923966407775879e-01,6.195423603057861328e-01,5.414861440658569336e-01,6.459101438522338867e-01,6.200376749038696289e-01,5.011227726936340332e-01,6.503098607063293457e-01,5.370402932167053223e-01,5.373579263687133789e-01,6.471720933914184570e-01,6.239106655120849609e-01,5.226050615310668945e-01,6.446126699447631836e-01,5.886832475662231445e-01,5.054581165313720703e-01,6.374450325965881348e-01,5.337556600570678711e-01,3.863294720649719238e-01,3.647094964981079102e-01,2.829872667789459229e-01,2.245080471038818359e-01,3.231138885021209717e-01,3.179790973663330078e-01,2.657494843006134033e-01,3.272495269775390625e-01
8.284240365028381348e-01,8.220889568328857422e-01,7.087759375572204590e-01,8.942700624465942383e-01,7.465547919273376465e-01,5.766842961311340332e-01,9.180747866630554199e-01,8.151980042457580566e-01,6.815158724784851074e-01,9.231016635894775391e-01,7.592425346374511719e-01,6.452423930168151855e-01,9.568141698837280273e-01,8.369210362434387207e-01,7.070872783660888672e-01,9.492964744567871094e-01,8.268764615058898926e-01,7.175184488296508789e-01,9.463066458702087402e-01,8.777381777763366699e-01,6.971191763877868652e-01,9.432175159454345703e-01,9.157680273056030273e-01,8.425530195236206055e-01,8.652649521827697754e-01,8.036343455314636230e-01,6.872109174728393555e-01,8.633447885513305664e-01,7.713696360588073730e-01,5.722462534904479980e-01,8.478744029998779297e-01,7.406743168830871582e-01,7.077629566192626953e-01,8.407759666442871094e-01,8.312059044837951660e-01,7.077359557151794434e-01,8.359409570693969727e-01,6.937153935432434082e-01,5.449301004409790039e-01,8.275848627090454102e-01,6.704658269882202148e-01,5.132383108139038086e-01,5.203905105590820312e-01,4.320433735847473145e-01,3.619914352893829346e-01,4.850609898567199707e-01,4.222473800182342529e-01,3.542352914810180664e-01,4.872909188270568848e-01
6.971837282180786133e-01,6.955417990684509277e-01,5.709720253944396973e-01,7.777656316757202148e-01,6.722438335418701172e-01,5.352705121040344238e-01,8.089643120765686035e-01,7.763950228691101074e-01,6.431579589843750000e-01,8.154197335243225098e-01,7.579422593116760254e-01,6.690213680267333984e-01,8.651499152183532715e-01,7.961724400520324707e-01,6.863192915916442871e-01,8.765202760696411133e-01,7.936174869537353516e-01,7.100636959075927734e-01,8.777381777763366699e-01,8.572508096694946289e-01,7.333060503005981445e-01,8.518467545509338379e-01,8.422265648841857910e-01,7.569197416305541992e-01,7.666773796081542969e-01,7.019611001014709473e-01,5.902468562126159668e-01,7.717415690422058105e-01,7.385126352310180664e-01,5.851779580116271973e-01,7.727356553077697754e-01,6.702358126640319824e-01,6.398448348045349121e-01,7.647641897201538086e-01,7.327162027359008789e-01,6.039589643478393555e-01,7.595671415328979492e-01,6.587439775466918945e-01,5.228708386421203613e-01,7.508347630500793457e-01,6.244412660598754883e-01,4.538145065307617188e-01,4.458776712417602539e-01,3.809164762496948242e-01,3.201968967914581299e-01,4.174073338508605957e-01,3.633998334407806396e-01,3.059710562229156494e-01,4.201969802379608154e-01
4.248647987842559814e-01,4.377593994140625000e-01,3.577178418636322021e-01,5.236665606498718262e-01,5.320374369621276855e-01,4.634129106998443604e-01,5.664900541305541992e-01,6.597707867622375488e-01,5.463684201240539551e-01,5.756824016571044922e-01,6.949035525321960449e-01,6.578351855278015137e-01,6.406968832015991211e-01,6.799418926239013672e-01,6.322448849678039551e-01,6.895406842231750488e-01,6.752161383628845215e-01,6.438512206077575684e-01,6.971191763877868652e-01,7.333060503005981445e-01,6.978734135627746582e-01,7.361232042312622070e-01,7.328235507011413574e-01,6.340575814247131348e-01,6.399702429771423340e-01,5.868474841117858887e-01,4.920123517513275146e-01,6.471310853958129883e-01,6.332030296325683594e-01,4.926737844944000244e-01,6.484740376472473145e-01,5.712887644767761230e-01,5.540224909782409668e-01,6.427949070930480957e-01,6.108769178390502930e-01,5.059209465980529785e-01,6.400559544563293457e-01,5.847204327583312988e-01,4.750536680221557617e-01,6.335707306861877441e-01,5.504676699638366699e-01,3.870850503444671631e-01,3.716220855712890625e-01,3.130163848400115967e-01,2.565459012985229492e-01,3.419772982597351074e-01,2.921004593372344971e-01,2.440175712108612061e-01,3.443208336830139160e-01
8.329399228096008301e-01,8.210952877998352051e-01,7.050567269325256348e-01,8.984934687614440918e-01,7.442516684532165527e-01,5.743190050125122070e-01,9.197707176208496094e-01,8.057127594947814941e-01,6.688781380653381348e-01,9.240118861198425293e-01,7.433980703353881836e-01,6.256315112113952637e-01,9.557821154594421387e-01,8.317902088165283203e-01,7.032083868980407715e-01,9.464212059974670410e-01,8.120991587638854980e-01,6.990686058998107910e-01,9.432175159454345703e-01,8.518467545509338379e-01,7.361232042312622070e-01,9.419425129890441895e-01,9.179595708847045898e-01,8.473219871520996094e-01,8.691302537918090820e-01,8.090735673904418945e-01,6.980679631233215332e-01,8.686912655830383301e-01,7.741053104400634766e-01,5.805242657661437988e-01,8.551660180091857910e-01,7.434608936309814453e-01,7.144324183464050293e-01,8.488771915435791016e-01,8.418223857879638672e-01,7.199035286903381348e-01,8.443676829338073730e-01,6.951145529747009277e-01,5.464894175529479980e-01,8.352322578430175781e-01,6.742049455642700195e-01,5.187000632286071777e-01,5.247178673744201660e-01,4.346978664398193359e-01,3.656975030899047852e-01,4.892982244491577148e-01,4.293170571327209473e-01,3.598521053791046143e-01,4.916957616806030273e-01
7.179236412048339844e-01,7.263582944869995117e-01,6.399223208427429199e-01,8.103182911872863770e-01,7.111843228340148926e-01,5.574036836624145508e-01,8.313730359077453613e-01,7.680324912071228027e-01,6.616972684860229492e-01,8.370380997657775879e-01,7.582095861434936523e-01,6.699129939079284668e-01,9.017254710197448730e-01,8.203877210617065430e-01,6.970010995864868164e-01,9.127265810966491699e-01,8.162838220596313477e-01,7.108604907989501953e-01,9.157680273056030273e-01,8.422265648841857910e-01,7.328235507011413574e-01,9.179595708847045898e-01,9.237464666366577148e-01,8.749586939811706543e-01,8.816287517547607422e-01,8.491558432579040527e-01,7.272558808326721191e-01,8.857239484786987305e-01,8.055080175399780273e-01,6.169530153274536133e-01,8.712406754493713379e-01,7.893620729446411133e-01,7.484937310218811035e-01,8.688662648200988770e-01,8.505627512931823730e-01,7.147768139839172363e-01,8.618172407150268555e-01,7.076013088226318359e-01,5.483332276344299316e-01,8.512269258499145508e-01,6.836637854576110840e-01,5.046210289001464844e-01,5.045232176780700684e-01,4.153033494949340820e-01,3.385388553142547607e-01,4.647962749004364014e-01,4.042687118053436279e-01,3.367356061935424805e-01,4.677492380142211914e-01
6.510858535766601562e-01,6.679034829139709473e-01,5.992103815078735352e-01,7.302678823471069336e-01,6.467086672782897949e-01,5.027280449867248535e-01,7.498697042465209961e-01,6.712455153465270996e-01,5.555244684219360352e-01,7.534103989601135254e-01,6.651943325996398926e-01,6.168593764305114746e-01,8.395249843597412109e-01,7.634624242782592773e-01,6.314970254898071289e-01,8.413573503494262695e-01,7.475162744522094727e-01,6.512208580970764160e-01,8.425530195236206055e-01,7.569197416305541992e-01,6.340575814247131348e-01,8.473219871520996094e-01,8.749586939811706543e-01,8.981170654296875000e-01,9.080575108528137207e-01,8.725154399871826172e-01,7.529878616333007812e-01,9.091966748237609863e-01,8.300130963325500488e-01,6.547924876213073730e-01,8.910753726959228516e-01,8.306893706321716309e-01,7.933695912361145020e-01,8.915596008300781250e-01,8.502672314643859863e-01,7.183104753494262695e-01,8.822855949401855469e-01,6.958522796630859375e-01,5.314826369285583496e-01,8.708639740943908691e-01,7.046853899955749512e-01,5.469465255737304688e-01,5.455707311630249023e-01,4.582231342792510986e-01,3.771897852420806885e-01,5.079138875007629395e-01,4.364039599895477295e-01,3.745756149291992188e-01,5.123016238212585449e-01
7.222797274589538574e-01,7.284927964210510254e-01,6.342446208000183105e-01,7.873975634574890137e-01,6.554684638977050781e-01,5.013532638549804688e-01,7.997955083847045898e-01,6.805908083915710449e-01,5.557565093040466309e-01,8.020046353340148926e-01,6.521943211555480957e-01,5.859960317611694336e-01,8.776195049285888672e-01,7.663466334342956543e-01,6.324481368064880371e-01,8.679038882255554199e-01,7.409980297088623047e-01,6.326923966407775879e-01,8.652649521827697754e-01,7.666773796081542969e-01,6.399702429771423340e-01,8.691302537918090820e-01,8.816287517547607422e-01,9.080575108528137207e-01,9.281678199768066406e-01,8.887990713119506836e-01,7.704561352729797363e-01,9.307461977005004883e-01,8.481649756431579590e-01,6.697865724563598633e-01,9.141617417335510254e-01,8.343341946601867676e-01,7.949408888816833496e-01,9.110054373741149902e-01,8.788116574287414551e-01,7.508615851402282715e-01,9.027549624443054199e-01,7.258885502815246582e-01,5.641880631446838379e-01,8.909488320350646973e-01,7.225807905197143555e-01,5.658680796623229980e-01,5.655612945556640625e-01,4.790044128894805908e-01,3.961670100688934326e-01,5.286116003990173340e-01,4.569396376609802246e-01,3.904672861099243164e-01,5.331562161445617676e-01
6.185147762298583984e-01,6.357834935188293457e-01,6.157349348068237305e-01,6.834203004837036133e-01,5.921561717987060547e-01,4.620485305786132812e-01,7.021970748901367188e-01,6.388702392578125000e-01,5.152870416641235352e-01,7.048724889755249023e-01,6.346893310546875000e-01,5.922641158103942871e-01,7.888073921203613281e-01,7.230058312416076660e-01,6.136597394943237305e-01,8.020476102828979492e-01,7.202594280242919922e-01,6.195423603057861328e-01,8.036343455314636230e-01,7.019611001014709473e-01,5.868474841117858887e-01,8.090735673904418945e-01,8.491558432579040527e-01,8.725154399871826172e-01,8.887990713119506836e-01,8.748574256896972656e-01,7.713018655776977539e-01,8.910716772079467773e-01,7.933230996131896973e-01,6.169121861457824707e-01,8.724458813667297363e-01,7.943263053894042969e-01,7.509790062904357910e-01,8.677899837493896484e-01,8.800642490386962891e-01,7.836486101150512695e-01,8.612516522407531738e-01,6.731482148170471191e-01,5.229224562644958496e-01,8.476384878158569336e-01,6.650652289390563965e-01,5.170144438743591309e-01,5.225778818130493164e-01,4.326713383197784424e-01,3.543889522552490234e-01,4.836699366569519043e-01,4.459523558616638184e-01,3.741916120052337646e-01,4.881183207035064697e-01
4.998819530010223389e-01,5.136082768440246582e-01,5.394366383552551270e-01,5.565599799156188965e-01,4.682503640651702881e-01,3.678043782711029053e-01,5.738677382469177246e-01,5.360828042030334473e-01,4.234368205070495605e-01,5.765262246131896973e-01,5.371623635292053223e-01,5.072765350341796875e-01,6.577033400535583496e-01,6.243308782577514648e-01,5.593355894088745117e-01,6.821931600570678711e-01,6.203644275665283203e-01,5.414861440658569336e-01,6.872109174728393555e-01,5.902468562126159668e-01,4.920123517513275146e-01,6.980679631233215332e-01,7.272558808326721191e-01,7.529878616333007812e-01,7.704561352729797363e-01,7.713018655776977539e-01,7.996076345443725586e-01,8.458399176597595215e-01,7.522660493850708008e-01,6.497780084609985352e-01,8.450468778610229492e-01,7.294500470161437988e-01,7.115930318832397461e-01,8.420087695121765137e-01,8.452791571617126465e-01,7.702252268791198730e-01,8.398912549018859863e-01,6.563773751258850098e-01,5.409849286079406738e-01,8.235776424407958984e-01,6.352668404579162598e-01,5.112800002098083496e-01,5.041111707687377930e-01,3.994067907333374023e-01,3.280378878116607666e-01,4.598485529422760010e-01,4.556531012058258057e-01,3.821565806865692139e-01,4.661454558372497559e-01
6.954674720764160156e-01,7.068508267402648926e-01,6.276898384094238281e-01,7.673413157463073730e-01,6.484991908073425293e-01,4.997260570526123047e-01,7.830356359481811523e-01,6.863173842430114746e-01,5.587385892868041992e-01,7.859262228012084961e-01,6.668179631233215332e-01,6.067535877227783203e-01,8.666774034500122070e-01,7.719363570213317871e-01,6.434186100959777832e-01,8.641011118888854980e-01,7.477151155471801758e-01,6.459101438522338867e-01,8.633447885513305664e-01,7.717415690422058105e-01,6.471310853958129883e-01,8.686912655830383301e-01,8.857239484786987305e-01,9.091966748237609863e-01,9.307461977005004883e-01,8.910716772079467773e-01,8.458399176597595215e-01,9.102194309234619141e-01,8.510897159576416016e-01,7.211530208587646484e-01,9.090434312820434570e-01,8.253205418586730957e-01,7.941262125968933105e-01,9.070225954055786133e-01,8.564784526824951172e-01,7.339893579483032227e-01,8.995558023452758789e-01,7.091451287269592285e-01,5.590555071830749512e-01,8.856849074363708496e-01,7.192882895469665527e-01,5.703972578048706055e-01,5.689820051193237305e-01,4.828961193561553955e-01,4.028222858905792236e-01,5.335325598716735840e-01,4.938295781612396240e-01,4.303902983665466309e-01,5.399598479270935059e-01
5.716208815574645996e-01,5.633605122566223145e-01,4.756060838699340820e-01,6.544105410575866699e-01,6.103331446647644043e-01,4.836029708385467529e-01,6.660781502723693848e-01,6.283009648323059082e-01,5.108076333999633789e-01,6.712764501571655273e-01,6.539167165756225586e-01,6.252866983413696289e-01,7.662584781646728516e-01,7.411482930183410645e-01,6.320378780364990234e-01,7.712459564208984375e-01,6.955390572547912598e-01,6.200376749038696289e-01,7.713696360588073730e-01,7.385126352310180664e-01,6.332030296325683594e-01,7.741053104400634766e-01,8.055080175399780273e-01,8.300130963325500488e-01,8.481649756431579590e-01,7.933230996131896973e-01,7.522660493850708008e-01,8.510897159576416016e-01,8.174483776092529297e-01,6.727325916290283203e-01,8.244815468788146973e-01,7.787756323814392090e-01,7.430597543716430664e-01,8.221681714057922363e-01,7.436296343803405762e-01,6.192862987518310547e-01,8.154243230819702148e-01,6.543005108833312988e-01,4.992395043373107910e-01,8.056529760360717773e-01,6.810018420219421387e-01,5.246415138244628906e-01,5.164764523506164551e-01,4.544120728969573975e-01,3.777593970298767090e-01,4.895026087760925293e-01,4.255386292934417725e-01,3.710693717002868652e-01,4.943329393863677979e-01
3.480441272258758545e-01,3.280421793460845947e-01,2.833997011184692383e-01,4.277425110340118408e-01,4.609602987766265869e-01,3.778771162033081055e-01,4.379230737686157227e-01,4.616627991199493408e-01,3.695373237133026123e-01,4.445334374904632568e-01,5.169963240623474121e-01,5.471574664115905762e-01,5.483353734016418457e-01,5.995267033576965332e-01,5.327911972999572754e-01,5.668399930000305176e-01,5.334796309471130371e-01,5.011227726936340332e-01,5.722462534904479980e-01,5.851779580116271973e-01,4.926737844944000244e-01,5.805242657661437988e-01,6.169530153274536133e-01,6.547924876213073730e-01,6.697865724563598633e-01,6.169121861457824707e-01,6.497780084609985352e-01,7.211530208587646484e-01,6.727325916290283203e-01,5.872712731361389160e-01,6.679005622863769531e-01,6.410592794418334961e-01,6.287412643432617188e-01,6.666859388351440430e-01,5.666746497154235840e-01,4.720801413059234619e-01,6.607128977775573730e-01,5.178034901618957520e-01,4.014135897159576416e-01,6.568387150764465332e-01,5.581709742546081543e-01,4.222983121871948242e-01,4.098855257034301758e-01,3.580257296562194824e-01,2.883930504322052002e-01,3.844425380229949951e-01,3.423706591129302979e-01,3.071872889995574951e-01,3.894880414009094238e-01
6.565262079238891602e-01,6.690635681152343750e-01,5.980268716812133789e-01,7.333093285560607910e-01,6.317430138587951660e-01,4.898429512977600098e-01,7.523781061172485352e-01,6.769071817398071289e-01,5.502787828445434570e-01,7.563071846961975098e-01,6.672550439834594727e-01,6.190919280052185059e-01,8.418123722076416016e-01,7.673929333686828613e-01,6.454749107360839844e-01,8.454720973968505859e-01,7.406685948371887207e-01,6.503098607063293457e-01,8.478744029998779297e-01,7.727356553077697754e-01,6.484740376472473145e-01,8.551660180091857910e-01,8.712406754493713379e-01,8.910753726959228516e-01,9.141617417335510254e-01,8.724458813667297363e-01,8.450468778610229492e-01,9.090434312820434570e-01,8.244815468788146973e-01,6.679005622863769531e-01,9.104240536689758301e-01,8.229042291641235352e-01,7.964286208152770996e-01,9.100306034088134766e-01,8.497579693794250488e-01,7.256551384925842285e-01,9.036521911621093750e-01,7.186821103096008301e-01,5.715861320495605469e-01,8.913683891296386719e-01,7.301659584045410156e-01,5.809283852577209473e-01,5.774717330932617188e-01,4.892125725746154785e-01,4.068242907524108887e-01,5.403311848640441895e-01,4.990501999855041504e-01,4.349088072776794434e-01,5.468083620071411133e-01
5.992074012756347656e-01,6.114969253540039062e-01,5.150404572486877441e-01,6.620211005210876465e-01,5.475018620491027832e-01,4.041782319545745850e-01,6.701122522354125977e-01,5.669403672218322754e-01,4.876184165477752686e-01,6.724973917007446289e-01,5.662212967872619629e-01,5.283168554306030273e-01,7.489665746688842773e-01,6.557602286338806152e-01,5.385578870773315430e-01,7.438210844993591309e-01,6.316887140274047852e-01,5.370402932167053223e-01,7.406743168830871582e-01,6.702358126640319824e-01,5.712887644767761230e-01,7.434608936309814453e-01,7.893620729446411133e-01,8.306893706321716309e-01,8.343341946601867676e-01,7.943263053894042969e-01,7.294500470161437988e-01,8.253205418586730957e-01,7.787756323814392090e-01,6.410592794418334961e-01,8.229042291641235352e-01,7.846639752388000488e-01,7.559734582901000977e-01,8.478003144264221191e-01,7.792853116989135742e-01,6.581798791885375977e-01,8.375091552734375000e-01,6.588056683540344238e-01,5.221312642097473145e-01,8.256193399429321289e-01,6.843651533126831055e-01,5.539244413375854492e-01,5.643744468688964844e-01,4.984370470046997070e-01,4.240108132362365723e-01,5.391349196434020996e-01,5.028539299964904785e-01,4.530779719352722168e-01,5.452874302864074707e-01
