9.982934676071955060e-01,6.392326712556002377e-01,6.012493784427721533e-01,3.832450254036567916e-01,3.670545525881715454e-01,3.098421652340353494e-01,2.570565021111951842e-01
6.392326712556002377e-01,9.760084212552223581e-01,9.261187530857221128e-01,6.123590374326352004e-01,5.834298793850943854e-01,5.031285239835980860e-01,4.214356490498969432e-01
6.012493784427721533e-01,9.261187530857221128e-01,9.795503748151521695e-01,7.669280434742223873e-01,7.299711221086883084e-01,6.342552505087951653e-01,5.348751873760411168e-01
3.832450254036567916e-01,6.123590374326352004e-01,7.669280434742223873e-01,9.307327801372285991e-01,8.340866165609489569e-01,7.299578058523114032e-01,6.140724099267003133e-01
3.670545525881715454e-01,5.834298793850943854e-01,7.299711221086883084e-01,8.340866165609489569e-01,8.954605122654326621e-01,8.143507784001604577e-01,7.318758042541635422e-01
3.098421652340353494e-01,5.031285239835980860e-01,6.342552505087951653e-01,7.299578058523114032e-01,8.143507784001604577e-01,8.268199393127122487e-01,7.445395857396823747e-01
2.570565021111951842e-01,4.214356490498969432e-01,5.348751873760411168e-01,6.140724099267003133e-01,7.318758042541635422e-01,7.445395857396823747e-01,8.469756900464456839e-01
