9.897555112838745117e-01,7.965142726898193359e-01,7.541392445564270020e-01,8.718391656875610352e-01,5.102523565292358398e-01,4.025153815746307373e-01,8.348307013511657715e-01,4.715992510318756104e-01,3.482187986373901367e-01,8.215474486351013184e-01,3.768122792243957520e-01,2.526058852672576904e-01,6.549571156501770020e-01,4.469690322875976562e-01,3.476971089839935303e-01,5.535299181938171387e-01,3.284585773944854736e-01,2.121220380067825317e-01,5.017624497413635254e-01,3.544190824031829834e-01,2.277114093303680420e-01,4.849690198898315430e-01,4.277287721633911133e-01,3.521957397460937500e-01,4.035545885562896729e-01,4.395633637905120850e-01,3.372684419155120850e-01,3.515095114707946777e-01,3.051953911781311035e-01,2.000425755977630615e-01,3.346225321292877197e-01,2.336817532777786255e-01,1.311520934104919434e-01,3.058483302593231201e-01,1.638556569814682007e-01,8.631379902362823486e-02,2.807070612907409668e-01,1.299468874931335449e-01,6.731091439723968506e-02,2.670424282550811768e-01,1.833748668432235718e-01,1.435654610395431519e-01,2.003294676542282104e-01,2.304823994636535645e-01,1.749945133924484253e-01,2.059647440910339355e-01,7.162874191999435425e-02,5.637351796030998230e-02,2.042462974786758423e-01
7.965142726898193359e-01,8.473330140113830566e-01,9.110257029533386230e-01,7.512030601501464844e-01,4.074541926383972168e-01,3.155454993247985840e-01,7.662150859832763672e-01,5.319816470146179199e-01,4.116097092628479004e-01,7.589913606643676758e-01,4.385888278484344482e-01,3.208546340465545654e-01,6.243684887886047363e-01,4.674661755561828613e-01,3.912395238876342773e-01,5.608965158462524414e-01,3.626979291439056396e-01,2.628450393676757812e-01,5.155372023582458496e-01,3.704306185245513916e-01,2.506878674030303955e-01,4.990442097187042236e-01,4.252343773841857910e-01,3.504501581192016602e-01,4.002092778682708740e-01,4.543341994285583496e-01,3.635256290435791016e-01,3.530335724353790283e-01,2.947574853897094727e-01,1.836688518524169922e-01,3.324915468692779541e-01,2.249871492385864258e-01,1.232519373297691345e-01,3.023022413253784180e-01,1.777319312095642090e-01,1.078598648309707642e-01,2.800810933113098145e-01,1.278149634599685669e-01,6.454271823167800903e-02,2.654438018798828125e-01,1.761224418878555298e-01,1.367061734199523926e-01,1.814477145671844482e-01,2.206568419933319092e-01,1.684739440679550171e-01,1.868337243795394897e-01,6.641618907451629639e-02,5.192153155803680420e-02,1.848116070032119751e-01
7.541392445564270020e-01,9.110257029533386230e-01,8.891057968139648438e-01,6.792377829551696777e-01,3.559771478176116943e-01,2.641363739967346191e-01,6.983525156974792480e-01,4.919325113296508789e-01,3.735059201717376709e-01,6.914858222007751465e-01,4.008208811283111572e-01,2.935343980789184570e-01,5.750415921211242676e-01,4.549613893032073975e-01,3.810452818870544434e-01,5.135148763656616211e-01,3.199279606342315674e-01,2.288907021284103394e-01,4.655072391033172607e-01,3.210111260414123535e-01,2.080982923507690430e-01,4.480508863925933838e-01,3.750798702239990234e-01,3.205827176570892334e-01,3.687515854835510254e-01,4.235701560974121094e-01,3.395297229290008545e-01,3.255604505538940430e-01,2.758640944957733154e-01,1.682081371545791626e-01,3.049632012844085693e-01,2.004577070474624634e-01,1.072767749428749084e-01,2.753897011280059814e-01,1.651649773120880127e-01,1.055407896637916565e-01,2.562199532985687256e-01,1.125293821096420288e-01,5.487338081002235413e-02,2.424403280019760132e-01,1.634998768568038940e-01,1.309343874454498291e-01,1.772661656141281128e-01,2.314086556434631348e-01,1.777980327606201172e-01,1.830145269632339478e-01,5.284037813544273376e-02,4.066016897559165955e-02,1.799786239862442017e-01
8.718391656875610352e-01,7.512030601501464844e-01,6.792377829551696777e-01,9.485167860984802246e-01,6.342887282371520996e-01,5.132019519805908203e-01,9.138851165771484375e-01,5.776357650756835938e-01,4.240945577621459961e-01,9.020429253578186035e-01,5.137590169906616211e-01,3.760963678359985352e-01,7.836259603500366211e-01,6.191481947898864746e-01,5.033891201019287109e-01,6.781861782073974609e-01,4.502007365226745605e-01,3.135980665683746338e-01,6.179952621459960938e-01,4.649993479251861572e-01,3.202688992023468018e-01,5.939257740974426270e-01,5.286492705345153809e-01,4.420087933540344238e-01,4.944581091403961182e-01,5.158541202545166016e-01,4.143113791942596436e-01,4.333153665065765381e-01,3.844855129718780518e-01,2.581830918788909912e-01,4.134884476661682129e-01,2.848195135593414307e-01,1.642686575651168823e-01,3.804345428943634033e-01,2.203322052955627441e-01,1.259386241436004639e-01,3.525142371654510498e-01,1.680799424648284912e-01,8.817092329263687134e-02,3.361350893974304199e-01,2.328129112720489502e-01,1.751742213964462280e-01,2.437072098255157471e-01,2.450091093778610229e-01,1.896644979715347290e-01,2.491853535175323486e-01,1.134982183575630188e-01,9.552685171365737915e-02,2.494115531444549561e-01
5.102523565292358398e-01,4.074541926383972168e-01,3.559771478176116943e-01,6.342887282371520996e-01,5.705593228340148926e-01,4.903728067874908447e-01,8.261494636535644531e-01,6.993039846420288086e-01,5.885019898414611816e-01,8.224911689758300781e-01,5.990999937057495117e-01,4.683474600315093994e-01,7.362241148948669434e-01,6.332396268844604492e-01,5.514187812805175781e-01,6.882529854774475098e-01,4.934613406658172607e-01,3.722714483737945557e-01,6.409615874290466309e-01,5.092760920524597168e-01,3.730273842811584473e-01,6.212444901466369629e-01,5.428388714790344238e-01,4.371206164360046387e-01,4.836843013763427734e-01,5.185874700546264648e-01,4.412606656551361084e-01,4.328370392322540283e-01,3.802643716335296631e-01,2.446411252021789551e-01,4.113180935382843018e-01,2.837511599063873291e-01,1.643172502517700195e-01,3.786595761775970459e-01,2.294166982173919678e-01,1.410645991563796997e-01,3.536248505115509033e-01,1.760576665401458740e-01,9.669544547796249390e-02,3.379190564155578613e-01,2.223317772150039673e-01,1.680907011032104492e-01,2.206593900918960571e-01,2.241774499416351318e-01,1.692420840263366699e-01,2.251490950584411621e-01,9.024427831172943115e-02,7.139370590448379517e-02,2.235825508832931519e-01
4.025153815746307373e-01,3.155454993247985840e-01,2.641363739967346191e-01,5.132019519805908203e-01,4.903728067874908447e-01,3.354295790195465088e-01,4.868592023849487305e-01,5.271959304809570312e-01,4.587377011775970459e-01,4.859984219074249268e-01,4.689122438430786133e-01,3.640651404857635498e-01,4.892731010913848877e-01,5.025508403778076172e-01,4.388799071311950684e-01,4.620229303836822510e-01,3.728513419628143311e-01,2.889920175075531006e-01,4.276949167251586914e-01,3.501770198345184326e-01,2.658516168594360352e-01,4.078088402748107910e-01,3.614351153373718262e-01,3.043123781681060791e-01,3.260861039161682129e-01,3.345984518527984619e-01,3.005524873733520508e-01,2.894754409790039062e-01,2.745227813720703125e-01,1.782802194356918335e-01,2.748577296733856201e-01,1.814269125461578369e-01,1.048076599836349487e-01,2.543840408325195312e-01,1.722058355808258057e-01,1.214271709322929382e-01,2.421627193689346313e-01,1.386685222387313843e-01,8.290734887123107910e-02,2.338539958000183105e-01,1.516304314136505127e-01,1.134101301431655884e-01,1.410392075777053833e-01,1.161820143461227417e-01,8.681594580411911011e-02,1.424459815025329590e-01,5.627521127462387085e-02,4.147018119692802429e-02,1.407026946544647217e-01
8.348307013511657715e-01,7.662150859832763672e-01,6.983525156974792480e-01,9.138851165771484375e-01,8.261494636535644531e-01,4.868592023849487305e-01,9.183824062347412109e-01,5.886007547378540039e-01,4.356766343116760254e-01,9.067909717559814453e-01,5.230157375335693359e-01,3.841370940208435059e-01,7.901425361633300781e-01,6.278310418128967285e-01,5.113483071327209473e-01,6.854889988899230957e-01,4.574337899684906006e-01,3.198986053466796875e-01,6.251881718635559082e-01,4.718291163444519043e-01,3.259607255458831787e-01,6.009293198585510254e-01,5.349781513214111328e-01,4.471949934959411621e-01,4.997154772281646729e-01,5.210170149803161621e-01,4.195304512977600098e-01,4.381701648235321045e-01,3.890761137008666992e-01,2.610889375209808350e-01,4.180889427661895752e-01,2.879398465156555176e-01,1.662100702524185181e-01,3.847639560699462891e-01,2.235342711210250854e-01,1.285243332386016846e-01,3.567354381084442139e-01,1.706485897302627563e-01,8.973684161901473999e-02,3.402286767959594727e-01,2.354246824979782104e-01,1.770801991224288940e-01,2.457728981971740723e-01,2.465309947729110718e-01,1.907230168581008911e-01,2.512525022029876709e-01,1.146802455186843872e-01,9.626947343349456787e-02,2.514562308788299561e-01
4.715992510318756104e-01,5.319816470146179199e-01,4.919325113296508789e-01,5.776357650756835938e-01,6.993039846420288086e-01,5.271959304809570312e-01,5.886007547378540039e-01,6.924484968185424805e-01,5.707093477249145508e-01,7.834779024124145508e-01,6.493670344352722168e-01,5.258417725563049316e-01,7.263744473457336426e-01,6.246030926704406738e-01,5.572103857994079590e-01,7.004733681678771973e-01,5.493076443672180176e-01,4.323491156101226807e-01,6.706104278564453125e-01,5.624602437019348145e-01,4.391938447952270508e-01,6.582712531089782715e-01,5.891706347465515137e-01,4.547924101352691650e-01,4.953413903713226318e-01,5.137078166007995605e-01,4.450410604476928711e-01,4.499583840370178223e-01,3.860957324504852295e-01,2.564802467823028564e-01,4.320533871650695801e-01,3.006719648838043213e-01,1.788398474454879761e-01,4.026962220668792725e-01,2.450715452432632446e-01,1.457423418760299683e-01,3.761133849620819092e-01,1.949779391288757324e-01,1.085425391793251038e-01,3.601147234439849854e-01,2.379501312971115112e-01,1.740277558565139771e-01,2.239142507314682007e-01,1.971257776021957397e-01,1.479564011096954346e-01,2.274957448244094849e-01,1.176881939172744751e-01,9.647987037897109985e-02,2.281347960233688354e-01
3.482187986373901367e-01,4.116097092628479004e-01,3.735059201717376709e-01,4.240945577621459961e-01,5.885019898414611816e-01,4.587377011775970459e-01,4.356766343116760254e-01,5.707093477249145508e-01,4.884124398231506348e-01,5.905646681785583496e-01,5.192592144012451172e-01,4.295906126499176025e-01,5.556195974349975586e-01,4.637050628662109375e-01,4.223605096340179443e-01,5.483899712562561035e-01,4.457299411296844482e-01,3.607448935508728027e-01,5.420430302619934082e-01,4.775537550449371338e-01,3.882402181625366211e-01,5.448766350746154785e-01,4.949175119400024414e-01,3.548468351364135742e-01,3.883196711540222168e-01,4.095616638660430908e-01,3.557129800319671631e-01,3.581697940826416016e-01,3.099248111248016357e-01,2.068938463926315308e-01,3.459039926528930664e-01,2.426307201385498047e-01,1.452005356550216675e-01,3.247078061103820801e-01,1.894700676202774048e-01,1.070469021797180176e-01,3.027870059013366699e-01,1.573703140020370483e-01,8.872751891613006592e-02,2.899022400379180908e-01,1.857606768608093262e-01,1.373637765645980835e-01,1.665295958518981934e-01,1.615445911884307861e-01,1.211500167846679688e-01,1.698811650276184082e-01,6.541903316974639893e-02,5.069117248058319092e-02,1.683227121829986572e-01
8.215474486351013184e-01,7.589913606643676758e-01,6.914858222007751465e-01,9.020429253578186035e-01,8.224911689758300781e-01,4.859984219074249268e-01,9.067909717559814453e-01,7.834779024124145508e-01,5.905646681785583496e-01,9.107623696327209473e-01,5.391851663589477539e-01,4.001744091510772705e-01,7.980400919914245605e-01,6.369192004203796387e-01,5.221597552299499512e-01,6.971501708030700684e-01,4.726206064224243164e-01,3.345822393894195557e-01,6.390447616577148438e-01,4.886225461959838867e-01,3.424632251262664795e-01,6.158580780029296875e-01,5.494570732116699219e-01,4.548080265522003174e-01,5.068696737289428711e-01,5.270847678184509277e-01,4.264434874057769775e-01,4.455479085445404053e-01,3.954222202301025391e-01,2.658157646656036377e-01,4.256369173526763916e-01,2.939947545528411865e-01,1.704550087451934814e-01,3.924143612384796143e-01,2.287334948778152466e-01,1.314278990030288696e-01,3.640474975109100342e-01,1.750112920999526978e-01,9.248536080121994019e-02,3.473099470138549805e-01,2.392961829900741577e-01,1.791144460439682007e-01,2.470603138208389282e-01,2.446021884679794312e-01,1.892239600419998169e-01,2.524304091930389404e-01,1.166812181472778320e-01,9.805315732955932617e-02,2.527364492416381836e-01
3.768122792243957520e-01,4.385888278484344482e-01,4.008208811283111572e-01,5.137590169906616211e-01,5.990999937057495117e-01,4.689122438430786133e-01,5.230157375335693359e-01,6.493670344352722168e-01,5.192592144012451172e-01,5.391851663589477539e-01,5.486931204795837402e-01,4.631291627883911133e-01,5.148636102676391602e-01,4.460067749023437500e-01,4.229066371917724609e-01,5.364415645599365234e-01,4.735451638698577881e-01,3.998460471630096436e-01,5.427737236022949219e-01,5.096362829208374023e-01,4.325127899646759033e-01,5.495465993881225586e-01,5.029398798942565918e-01,3.370499014854431152e-01,3.592272996902465820e-01,3.665991127490997314e-01,3.274062573909759521e-01,3.336180746555328369e-01,2.887177765369415283e-01,1.942687034606933594e-01,3.253020048141479492e-01,2.376394420862197876e-01,1.447060406208038330e-01,3.095044195652008057e-01,1.968286037445068359e-01,1.167723089456558228e-01,2.913191914558410645e-01,1.573392301797866821e-01,9.108172357082366943e-02,2.795172333717346191e-01,1.721259504556655884e-01,1.185723766684532166e-01,1.303632855415344238e-01,8.482643961906433105e-02,6.481470912694931030e-02,1.310953795909881592e-01,6.830850243568420410e-02,5.675480887293815613e-02,1.311213970184326172e-01
2.526058852672576904e-01,3.208546340465545654e-01,2.935343980789184570e-01,3.760963678359985352e-01,4.683474600315093994e-01,3.640651404857635498e-01,3.841370940208435059e-01,5.258417725563049316e-01,4.295906126499176025e-01,4.001744091510772705e-01,4.631291627883911133e-01,5.831848382949829102e-01,5.694791674613952637e-01,5.573608875274658203e-01,5.360309481620788574e-01,6.076009273529052734e-01,5.702847242355346680e-01,4.941676557064056396e-01,6.166045665740966797e-01,5.908269882202148438e-01,5.048971176147460938e-01,6.195878386497497559e-01,5.643846392631530762e-01,3.978553712368011475e-01,4.189402759075164795e-01,4.183950722217559814e-01,3.885085284709930420e-01,3.916995227336883545e-01,3.429947197437286377e-01,2.328323572874069214e-01,3.807874023914337158e-01,2.768241167068481445e-01,1.769527196884155273e-01,3.626802861690521240e-01,2.352211624383926392e-01,1.437288522720336914e-01,3.426664769649505615e-01,1.876717358827590942e-01,1.101733744144439697e-01,3.295028209686279297e-01,2.058293819427490234e-01,1.409030556678771973e-01,1.599255800247192383e-01,1.005145609378814697e-01,7.603984326124191284e-02,1.605701446533203125e-01,8.982811123132705688e-02,7.344101369380950928e-02,1.610414087772369385e-01
6.549571156501770020e-01,6.243684887886047363e-01,5.750415921211242676e-01,7.836259603500366211e-01,7.362241148948669434e-01,4.892731010913848877e-01,7.901425361633300781e-01,7.263744473457336426e-01,5.556195974349975586e-01,7.980400919914245605e-01,5.148636102676391602e-01,5.694791674613952637e-01,8.306937813758850098e-01,7.073396444320678711e-01,5.830696225166320801e-01,7.279864549636840820e-01,5.178368687629699707e-01,3.729454874992370605e-01,6.696799397468566895e-01,5.284826159477233887e-01,3.755841851234436035e-01,6.433995962142944336e-01,5.790421366691589355e-01,4.851449131965637207e-01,5.332866907119750977e-01,5.418773889541625977e-01,4.442295730113983154e-01,4.697279930114746094e-01,4.247955679893493652e-01,2.924910783767700195e-01,4.492742419242858887e-01,3.110413551330566406e-01,1.865601092576980591e-01,4.156075119972229004e-01,2.445513010025024414e-01,1.408478468656539917e-01,3.860594928264617920e-01,1.860423833131790161e-01,9.841973334550857544e-02,3.686042129993438721e-01,2.549222111701965332e-01,1.890676468610763550e-01,2.610991895198822021e-01,2.406100183725357056e-01,1.840329170227050781e-01,2.661098539829254150e-01,1.326563060283660889e-01,1.126504018902778625e-01,2.673317790031433105e-01
4.469690322875976562e-01,4.674661755561828613e-01,4.549613893032073975e-01,6.191481947898864746e-01,6.332396268844604492e-01,5.025508403778076172e-01,6.278310418128967285e-01,6.246030926704406738e-01,4.637050628662109375e-01,6.369192004203796387e-01,4.460067749023437500e-01,5.573608875274658203e-01,7.073396444320678711e-01,5.509855151176452637e-01,4.349757730960845947e-01,4.957384169101715088e-01,3.403099179267883301e-01,2.243249863386154175e-01,4.447591900825500488e-01,3.463160991668701172e-01,2.344138622283935547e-01,4.221764504909515381e-01,3.853587508201599121e-01,3.324542343616485596e-01,3.624846339225769043e-01,3.496314287185668945e-01,2.794020473957061768e-01,3.115861415863037109e-01,2.991629242897033691e-01,2.142503112554550171e-01,2.978796362876892090e-01,2.014221996068954468e-01,1.216689795255661011e-01,2.758004069328308105e-01,1.615921854972839355e-01,9.280882030725479126e-02,2.561379671096801758e-01,1.175029203295707703e-01,6.065537035465240479e-02,2.444521486759185791e-01,1.750359684228897095e-01,1.307063549757003784e-01,1.865206807851791382e-01,1.566753387451171875e-01,1.194567382335662842e-01,1.896014511585235596e-01,1.008596196770668030e-01,9.052022546529769897e-02,1.914786845445632935e-01
3.476971089839935303e-01,3.912395238876342773e-01,3.810452818870544434e-01,5.033891201019287109e-01,5.514187812805175781e-01,4.388799071311950684e-01,5.113483071327209473e-01,5.572103857994079590e-01,4.223605096340179443e-01,5.221597552299499512e-01,4.229066371917724609e-01,5.360309481620788574e-01,5.830696225166320801e-01,4.349757730960845947e-01,5.683292150497436523e-01,6.228267550468444824e-01,4.962208271026611328e-01,3.834400177001953125e-01,5.844647884368896484e-01,4.926785230636596680e-01,3.788884878158569336e-01,5.622836947441101074e-01,5.050841569900512695e-01,4.067798256874084473e-01,4.378468394279479980e-01,4.270638823509216309e-01,3.596409559249877930e-01,3.855302631855010986e-01,3.636116683483123779e-01,2.547935247421264648e-01,3.701858818531036377e-01,2.615663111209869385e-01,1.643008142709732056e-01,3.463290035724639893e-01,2.292537242174148560e-01,1.435493975877761841e-01,3.254521787166595459e-01,1.626217514276504517e-01,8.847019821405410767e-02,3.110009133815765381e-01,2.111472487449645996e-01,1.511645466089248657e-01,1.978817582130432129e-01,1.381491422653198242e-01,1.033599600195884705e-01,1.995850056409835815e-01,1.175586879253387451e-01,1.031554564833641052e-01,2.016279697418212891e-01
5.535299181938171387e-01,5.608965158462524414e-01,5.135148763656616211e-01,6.781861782073974609e-01,6.882529854774475098e-01,4.620229303836822510e-01,6.854889988899230957e-01,7.004733681678771973e-01,5.483899712562561035e-01,6.971501708030700684e-01,5.364415645599365234e-01,6.076009273529052734e-01,7.279864549636840820e-01,4.957384169101715088e-01,6.228267550468444824e-01,8.063294887542724609e-01,6.055622696876525879e-01,4.571255445480346680e-01,7.544977068901062012e-01,6.170373558998107910e-01,4.579448699951171875e-01,7.303124666213989258e-01,6.584413051605224609e-01,5.403196811676025391e-01,5.889977812767028809e-01,5.976155400276184082e-01,4.987135231494903564e-01,5.247159600257873535e-01,4.718610048294067383e-01,3.240954279899597168e-01,5.033717751502990723e-01,3.546349704265594482e-01,2.177045047283172607e-01,4.681666791439056396e-01,2.801034450531005859e-01,1.627092510461807251e-01,4.360738694667816162e-01,2.157461792230606079e-01,1.166401356458663940e-01,4.169511497020721436e-01,2.857489287853240967e-01,2.094556093215942383e-01,2.822177410125732422e-01,2.524107694625854492e-01,1.927972137928009033e-01,2.872192859649658203e-01,1.473695039749145508e-01,1.240402162075042725e-01,2.885751426219940186e-01
3.284585773944854736e-01,3.626979291439056396e-01,3.199279606342315674e-01,4.502007365226745605e-01,4.934613406658172607e-01,3.728513419628143311e-01,4.574337899684906006e-01,5.493076443672180176e-01,4.457299411296844482e-01,4.726206064224243164e-01,4.735451638698577881e-01,5.702847242355346680e-01,5.178368687629699707e-01,3.403099179267883301e-01,4.962208271026611328e-01,6.055622696876525879e-01,6.723836064338684082e-01,5.368373394012451172e-01,7.838411331176757812e-01,6.662008166313171387e-01,5.215626955032348633e-01,7.612345814704895020e-01,6.875226497650146484e-01,5.521510243415832520e-01,5.983576774597167969e-01,6.097145080566406250e-01,5.240457653999328613e-01,5.408365726470947266e-01,4.723728597164154053e-01,3.218978643417358398e-01,5.207052230834960938e-01,3.702958822250366211e-01,2.283361703157424927e-01,4.863692820072174072e-01,3.066126704216003418e-01,1.850266009569168091e-01,4.557798504829406738e-01,2.360835522413253784e-01,1.300583481788635254e-01,4.366117119789123535e-01,2.922690212726593018e-01,2.075232416391372681e-01,2.741836011409759521e-01,2.131889611482620239e-01,1.614406257867813110e-01,2.774861156940460205e-01,1.590217798948287964e-01,1.358991116285324097e-01,2.799001336097717285e-01
2.121220380067825317e-01,2.628450393676757812e-01,2.288907021284103394e-01,3.135980665683746338e-01,3.722714483737945557e-01,2.889920175075531006e-01,3.198986053466796875e-01,4.323491156101226807e-01,3.607448935508728027e-01,3.345822393894195557e-01,3.998460471630096436e-01,4.941676557064056396e-01,3.729454874992370605e-01,2.243249863386154175e-01,3.834400177001953125e-01,4.571255445480346680e-01,5.368373394012451172e-01,5.456147193908691406e-01,7.298936843872070312e-01,6.630449891090393066e-01,5.502241849899291992e-01,7.187144756317138672e-01,6.490572094917297363e-01,4.787503778934478760e-01,5.122090578079223633e-01,5.149984955787658691e-01,4.493461251258850098e-01,4.697540998458862305e-01,4.100806713104248047e-01,2.815552353858947754e-01,4.560015797615051270e-01,3.348034322261810303e-01,2.098169475793838501e-01,4.300016760826110840e-01,2.688698172569274902e-01,1.587812602519989014e-01,4.034229815006256104e-01,2.189753949642181396e-01,1.267781555652618408e-01,3.875530362129211426e-01,2.519998550415039062e-01,1.763156652450561523e-01,2.175264507532119751e-01,1.588155776262283325e-01,1.208591982722282410e-01,2.197102159261703491e-01,1.176593527197837830e-01,9.867817163467407227e-02,2.206294238567352295e-01
5.017624497413635254e-01,5.155372023582458496e-01,4.655072391033172607e-01,6.179952621459960938e-01,6.409615874290466309e-01,4.276949167251586914e-01,6.251881718635559082e-01,6.706104278564453125e-01,5.420430302619934082e-01,6.390447616577148438e-01,5.427737236022949219e-01,6.166045665740966797e-01,6.696799397468566895e-01,4.447591900825500488e-01,5.844647884368896484e-01,7.544977068901062012e-01,7.838411331176757812e-01,7.298936843872070312e-01,8.304736018180847168e-01,7.089494466781616211e-01,5.511298775672912598e-01,8.089877963066101074e-01,7.299894094467163086e-01,5.819767713546752930e-01,6.294757723808288574e-01,6.368768215179443359e-01,5.432695150375366211e-01,5.672858357429504395e-01,5.072875022888183594e-01,3.478471934795379639e-01,5.461153388023376465e-01,3.904189467430114746e-01,2.436315417289733887e-01,5.104796886444091797e-01,3.117753863334655762e-01,1.839091777801513672e-01,4.771079421043395996e-01,2.442617267370223999e-01,1.360049843788146973e-01,4.570504724979400635e-01,3.080590069293975830e-01,2.235104441642761230e-01,2.917746901512145996e-01,2.460095286369323730e-01,1.880390197038650513e-01,2.962105274200439453e-01,1.509651690721511841e-01,1.261502206325531006e-01,2.972211241722106934e-01
3.544190824031829834e-01,3.704306185245513916e-01,3.210111260414123535e-01,4.649993479251861572e-01,5.092760920524597168e-01,3.501770198345184326e-01,4.718291163444519043e-01,5.624602437019348145e-01,4.775537550449371338e-01,4.886225461959838867e-01,5.096362829208374023e-01,5.908269882202148438e-01,5.284826159477233887e-01,3.463160991668701172e-01,4.926785230636596680e-01,6.170373558998107910e-01,6.662008166313171387e-01,6.630449891090393066e-01,7.089494466781616211e-01,8.121066689491271973e-01,6.970117688179016113e-01,8.348005414009094238e-01,7.424283027648925781e-01,5.618168115615844727e-01,5.947720408439636230e-01,5.916603803634643555e-01,5.346875786781311035e-01,5.491411685943603516e-01,4.751011133193969727e-01,3.236564397811889648e-01,5.297411084175109863e-01,3.929731547832489014e-01,2.618554532527923584e-01,5.008343458175659180e-01,3.329660892486572266e-01,2.050850242376327515e-01,4.712116122245788574e-01,2.666782736778259277e-01,1.554079800844192505e-01,4.532416164875030518e-01,2.949221134185791016e-01,2.014044672250747681e-01,2.398741692304611206e-01,1.340034455060958862e-01,1.017039045691490173e-01,2.405332773923873901e-01,1.579531729221343994e-01,1.325885057449340820e-01,2.435714006423950195e-01
2.277114093303680420e-01,2.506878674030303955e-01,2.080982923507690430e-01,3.202688992023468018e-01,3.730273842811584473e-01,2.658516168594360352e-01,3.259607255458831787e-01,4.391938447952270508e-01,3.882402181625366211e-01,3.424632251262664795e-01,4.325127899646759033e-01,5.048971176147460938e-01,3.755841851234436035e-01,2.344138622283935547e-01,3.788884878158569336e-01,4.579448699951171875e-01,5.215626955032348633e-01,5.502241849899291992e-01,5.511298775672912598e-01,6.970117688179016113e-01,6.835047006607055664e-01,7.464569807052612305e-01,6.685600876808166504e-01,4.670323729515075684e-01,4.851359724998474121e-01,4.761696755886077881e-01,4.379650056362152100e-01,4.548110663890838623e-01,3.887148797512054443e-01,2.640073597431182861e-01,4.426476061344146729e-01,3.404632508754730225e-01,2.320516109466552734e-01,4.250748455524444580e-01,2.842298448085784912e-01,1.713877767324447632e-01,4.014605581760406494e-01,2.312964051961898804e-01,1.360380351543426514e-01,3.868667483329772949e-01,2.487093061208724976e-01,1.652066409587860107e-01,1.843332648277282715e-01,7.984396815299987793e-02,6.217206269502639771e-02,1.838493645191192627e-01,1.252821981906890869e-01,1.089374572038650513e-01,1.864399164915084839e-01
4.849690198898315430e-01,4.990442097187042236e-01,4.480508863925933838e-01,5.939257740974426270e-01,6.212444901466369629e-01,4.078088402748107910e-01,6.009293198585510254e-01,6.582712531089782715e-01,5.448766350746154785e-01,6.158580780029296875e-01,5.495465993881225586e-01,6.195878386497497559e-01,6.433995962142944336e-01,4.221764504909515381e-01,5.622836947441101074e-01,7.303124666213989258e-01,7.612345814704895020e-01,7.187144756317138672e-01,8.089877963066101074e-01,8.348005414009094238e-01,7.464569807052612305e-01,8.498209714889526367e-01,7.703576683998107910e-01,6.106148958206176758e-01,6.562981009483337402e-01,6.627436280250549316e-01,5.719704031944274902e-01,5.952414870262145996e-01,5.277611017227172852e-01,3.615059256553649902e-01,5.737146139144897461e-01,4.143546521663665771e-01,2.629991769790649414e-01,5.384703278541564941e-01,3.310786783695220947e-01,1.953972578048706055e-01,5.039136409759521484e-01,2.616758942604064941e-01,1.465499401092529297e-01,4.831801652908325195e-01,3.251648247241973877e-01,2.342179119586944580e-01,3.008691966533660889e-01,2.419524192810058594e-01,1.856022775173187256e-01,3.049584627151489258e-01,1.598272919654846191e-01,1.338560134172439575e-01,3.062576949596405029e-01
4.277287721633911133e-01,4.252343773841857910e-01,3.750798702239990234e-01,5.286492705345153809e-01,5.428388714790344238e-01,3.614351153373718262e-01,5.349781513214111328e-01,5.891706347465515137e-01,4.949175119400024414e-01,5.494570732116699219e-01,5.029398798942565918e-01,5.643846392631530762e-01,5.790421366691589355e-01,3.853587508201599121e-01,5.050841569900512695e-01,6.584413051605224609e-01,6.875226497650146484e-01,6.490572094917297363e-01,7.299894094467163086e-01,7.424283027648925781e-01,6.685600876808166504e-01,7.703576683998107910e-01,8.180819749832153320e-01,6.582719683647155762e-01,6.932631134986877441e-01,6.921978592872619629e-01,6.276464462280273438e-01,6.430894732475280762e-01,5.543394088745117188e-01,3.776004314422607422e-01,6.207870841026306152e-01,4.500738978385925293e-01,2.954545617103576660e-01,5.866432785987854004e-01,3.719040155410766602e-01,2.234756052494049072e-01,5.516543388366699219e-01,2.998357117176055908e-01,1.719437390565872192e-01,5.307114124298095703e-01,3.570972084999084473e-01,2.505784928798675537e-01,3.137588798999786377e-01,2.049105018377304077e-01,1.576831191778182983e-01,3.159156739711761475e-01,1.926385462284088135e-01,1.621616184711456299e-01,3.191961944103240967e-01
3.521957397460937500e-01,3.504501581192016602e-01,3.205827176570892334e-01,4.420087933540344238e-01,4.371206164360046387e-01,3.043123781681060791e-01,4.471949934959411621e-01,4.547924101352691650e-01,3.548468351364135742e-01,4.548080265522003174e-01,3.370499014854431152e-01,3.978553712368011475e-01,4.851449131965637207e-01,3.324542343616485596e-01,4.067798256874084473e-01,5.403196811676025391e-01,5.521510243415832520e-01,4.787503778934478760e-01,5.819767713546752930e-01,5.618168115615844727e-01,4.670323729515075684e-01,6.106148958206176758e-01,6.582719683647155762e-01,6.834284663200378418e-01,7.129585146903991699e-01,7.077377438545227051e-01,6.543501615524291992e-01,6.692519187927246094e-01,5.678756237030029297e-01,3.882667720317840576e-01,6.452148556709289551e-01,4.654338061809539795e-01,3.097767233848571777e-01,6.104682087898254395e-01,3.910810947418212891e-01,2.370804399251937866e-01,5.757395625114440918e-01,3.139353394508361816e-01,1.806580424308776855e-01,5.545881390571594238e-01,3.835206329822540283e-01,2.688786983489990234e-01,3.408180177211761475e-01,2.043587863445281982e-01,1.602856367826461792e-01,3.424908518791198730e-01,2.169303148984909058e-01,1.872482746839523315e-01,3.471619784832000732e-01
4.035545885562896729e-01,4.002092778682708740e-01,3.687515854835510254e-01,4.944581091403961182e-01,4.836843013763427734e-01,3.260861039161682129e-01,4.997154772281646729e-01,4.953413903713226318e-01,3.883196711540222168e-01,5.068696737289428711e-01,3.592272996902465820e-01,4.189402759075164795e-01,5.332866907119750977e-01,3.624846339225769043e-01,4.378468394279479980e-01,5.889977812767028809e-01,5.983576774597167969e-01,5.122090578079223633e-01,6.294757723808288574e-01,5.947720408439636230e-01,4.851359724998474121e-01,6.562981009483337402e-01,6.932631134986877441e-01,7.129585146903991699e-01,7.555583119392395020e-01,7.563408017158508301e-01,6.730531454086303711e-01,6.981850266456604004e-01,6.074447035789489746e-01,4.188508093357086182e-01,6.724843978881835938e-01,4.829601645469665527e-01,3.149293661117553711e-01,6.326060891151428223e-01,3.947126865386962891e-01,2.360676974058151245e-01,5.941734313964843750e-01,3.139487504959106445e-01,1.775538623332977295e-01,5.711485743522644043e-01,3.997886180877685547e-01,2.878418564796447754e-01,3.748495578765869141e-01,2.727882564067840576e-01,2.125993967056274414e-01,3.788872659206390381e-01,2.199476808309555054e-01,1.865918040275573730e-01,3.825722038745880127e-01
4.395633637905120850e-01,4.543341994285583496e-01,4.235701560974121094e-01,5.158541202545166016e-01,5.185874700546264648e-01,3.345984518527984619e-01,5.210170149803161621e-01,5.137078166007995605e-01,4.095616638660430908e-01,5.270847678184509277e-01,3.665991127490997314e-01,4.183950722217559814e-01,5.418773889541625977e-01,3.496314287185668945e-01,4.270638823509216309e-01,5.976155400276184082e-01,6.097145080566406250e-01,5.149984955787658691e-01,6.368768215179443359e-01,5.916603803634643555e-01,4.761696755886077881e-01,6.627436280250549316e-01,6.921978592872619629e-01,7.077377438545227051e-01,7.563408017158508301e-01,7.388404011726379395e-01,6.688493490219116211e-01,6.879975199699401855e-01,5.945948958396911621e-01,4.104702472686767578e-01,6.617210507392883301e-01,4.816015362739562988e-01,3.220928609371185303e-01,6.230737566947937012e-01,3.997447788715362549e-01,2.441927045583724976e-01,5.857848525047302246e-01,3.168239891529083252e-01,1.788934320211410522e-01,5.631616711616516113e-01,3.936483561992645264e-01,2.780002355575561523e-01,3.615902364253997803e-01,2.394363880157470703e-01,1.879353523254394531e-01,3.645123541355133057e-01,2.316656410694122314e-01,1.989390850067138672e-01,3.697717785835266113e-01
3.372684419155120850e-01,3.635256290435791016e-01,3.395297229290008545e-01,4.143113791942596436e-01,4.412606656551361084e-01,3.005524873733520508e-01,4.195304512977600098e-01,4.450410604476928711e-01,3.557129800319671631e-01,4.264434874057769775e-01,3.274062573909759521e-01,3.885085284709930420e-01,4.442295730113983154e-01,2.794020473957061768e-01,3.596409559249877930e-01,4.987135231494903564e-01,5.240457653999328613e-01,4.493461251258850098e-01,5.432695150375366211e-01,5.346875786781311035e-01,4.379650056362152100e-01,5.719704031944274902e-01,6.276464462280273438e-01,6.543501615524291992e-01,6.730531454086303711e-01,6.688493490219116211e-01,6.385856270790100098e-01,6.613608002662658691e-01,5.693124532699584961e-01,4.023455977439880371e-01,6.389887928962707520e-01,4.762633442878723145e-01,3.270512223243713379e-01,6.058097481727600098e-01,4.009741246700286865e-01,2.506498396396636963e-01,5.717910528182983398e-01,3.211421072483062744e-01,1.880955547094345093e-01,5.510187149047851562e-01,3.828709125518798828e-01,2.627727091312408447e-01,3.287885785102844238e-01,1.923914700746536255e-01,1.554650217294692993e-01,3.306218683719635010e-01,2.239641547203063965e-01,1.913240402936935425e-01,3.362761437892913818e-01
3.515095114707946777e-01,3.530335724353790283e-01,3.255604505538940430e-01,4.333153665065765381e-01,4.328370392322540283e-01,2.894754409790039062e-01,4.381701648235321045e-01,4.499583840370178223e-01,3.581697940826416016e-01,4.455479085445404053e-01,3.336180746555328369e-01,3.916995227336883545e-01,4.697279930114746094e-01,3.115861415863037109e-01,3.855302631855010986e-01,5.247159600257873535e-01,5.408365726470947266e-01,4.697540998458862305e-01,5.672858357429504395e-01,5.491411685943603516e-01,4.548110663890838623e-01,5.952414870262145996e-01,6.430894732475280762e-01,6.692519187927246094e-01,6.981850266456604004e-01,6.879975199699401855e-01,6.613608002662658691e-01,7.197986245155334473e-01,6.283884644508361816e-01,4.421399831771850586e-01,6.974703073501586914e-01,5.136107802391052246e-01,3.428050577640533447e-01,6.606665849685668945e-01,4.248254299163818359e-01,2.604939341545104980e-01,6.235889792442321777e-01,3.393159210681915283e-01,1.964436620473861694e-01,6.006358265876770020e-01,4.203170537948608398e-01,2.969566583633422852e-01,3.754286766052246094e-01,2.528766989707946777e-01,2.007457315921783447e-01,3.787930309772491455e-01,2.306052446365356445e-01,1.956662833690643311e-01,3.831329047679901123e-01
3.051953911781311035e-01,2.947574853897094727e-01,2.758640944957733154e-01,3.844855129718780518e-01,3.802643716335296631e-01,2.745227813720703125e-01,3.890761137008666992e-01,3.860957324504852295e-01,3.099248111248016357e-01,3.954222202301025391e-01,2.887177765369415283e-01,3.429947197437286377e-01,4.247955679893493652e-01,2.991629242897033691e-01,3.636116683483123779e-01,4.718610048294067383e-01,4.723728597164154053e-01,4.100806713104248047e-01,5.072875022888183594e-01,4.751011133193969727e-01,3.887148797512054443e-01,5.277611017227172852e-01,5.543394088745117188e-01,5.678756237030029297e-01,6.074447035789489746e-01,5.945948958396911621e-01,5.693124532699584961e-01,6.283884644508361816e-01,6.171724796295166016e-01,4.414767622947692871e-01,6.898270845413208008e-01,5.185291767120361328e-01,3.496118485927581787e-01,6.579834222793579102e-01,4.302549362182617188e-01,2.651121318340301514e-01,6.230396032333374023e-01,3.476520478725433350e-01,2.048395276069641113e-01,6.012545228004455566e-01,4.195717275142669678e-01,2.901484668254852295e-01,3.522444367408752441e-01,2.103339880704879761e-01,1.709880530834197998e-01,3.545756340026855469e-01,2.337132990360260010e-01,2.021703571081161499e-01,3.599961996078491211e-01
2.000425755977630615e-01,1.836688518524169922e-01,1.682081371545791626e-01,2.581830918788909912e-01,2.446411252021789551e-01,1.782802194356918335e-01,2.610889375209808350e-01,2.564802467823028564e-01,2.068938463926315308e-01,2.658157646656036377e-01,1.942687034606933594e-01,2.328323572874069214e-01,2.924910783767700195e-01,2.142503112554550171e-01,2.547935247421264648e-01,3.240954279899597168e-01,3.218978643417358398e-01,2.815552353858947754e-01,3.478471934795379639e-01,3.236564397811889648e-01,2.640073597431182861e-01,3.615059256553649902e-01,3.776004314422607422e-01,3.882667720317840576e-01,4.188508093357086182e-01,4.104702472686767578e-01,4.023455977439880371e-01,4.421399831771850586e-01,4.414767622947692871e-01,4.755035638809204102e-01,7.226229310035705566e-01,5.583366751670837402e-01,3.926873803138732910e-01,6.971453428268432617e-01,4.699499011039733887e-01,2.977064549922943115e-01,6.654201745986938477e-01,3.880874812602996826e-01,2.358391433954238892e-01,6.454638838768005371e-01,4.631072282791137695e-01,3.208435475826263428e-01,3.803249001502990723e-01,2.046334445476531982e-01,1.707763373851776123e-01,3.819841444492340088e-01,2.569855451583862305e-01,2.220654338598251343e-01,3.879714012145996094e-01
3.346225321292877197e-01,3.324915468692779541e-01,3.049632012844085693e-01,4.134884476661682129e-01,4.113180935382843018e-01,2.748577296733856201e-01,4.180889427661895752e-01,4.320533871650695801e-01,3.459039926528930664e-01,4.256369173526763916e-01,3.253020048141479492e-01,3.807874023914337158e-01,4.492742419242858887e-01,2.978796362876892090e-01,3.701858818531036377e-01,5.033717751502990723e-01,5.207052230834960938e-01,4.560015797615051270e-01,5.461153388023376465e-01,5.297411084175109863e-01,4.426476061344146729e-01,5.737146139144897461e-01,6.207870841026306152e-01,6.452148556709289551e-01,6.724843978881835938e-01,6.617210507392883301e-01,6.389887928962707520e-01,6.974703073501586914e-01,6.898270845413208008e-01,7.226229310035705566e-01,7.514448165893554688e-01,5.662791132926940918e-01,3.900425434112548828e-01,7.204859852790832520e-01,4.808266460895538330e-01,3.054412305355072021e-01,6.868821978569030762e-01,3.910503387451171875e-01,2.342046350240707397e-01,6.651179790496826172e-01,4.800608456134796143e-01,3.411951959133148193e-01,4.150098562240600586e-01,2.499579340219497681e-01,2.018594890832901001e-01,4.176123440265655518e-01,2.614397406578063965e-01,2.241396009922027588e-01,4.226928055286407471e-01
2.336817532777786255e-01,2.249871492385864258e-01,2.004577070474624634e-01,2.848195135593414307e-01,2.837511599063873291e-01,1.814269125461578369e-01,2.879398465156555176e-01,3.006719648838043213e-01,2.426307201385498047e-01,2.939947545528411865e-01,2.376394420862197876e-01,2.768241167068481445e-01,3.110413551330566406e-01,2.014221996068954468e-01,2.615663111209869385e-01,3.546349704265594482e-01,3.702958822250366211e-01,3.348034322261810303e-01,3.904189467430114746e-01,3.929731547832489014e-01,3.404632508754730225e-01,4.143546521663665771e-01,4.500738978385925293e-01,4.654338061809539795e-01,4.829601645469665527e-01,4.816015362739562988e-01,4.762633442878723145e-01,5.136107802391052246e-01,5.185291767120361328e-01,5.583366751670837402e-01,5.662791132926940918e-01,5.705698132514953613e-01,4.026165902614593506e-01,7.103183269500732422e-01,5.035742521286010742e-01,3.287470042705535889e-01,6.814534068107604980e-01,4.028636217117309570e-01,2.482501119375228882e-01,6.610214710235595703e-01,4.872672855854034424e-01,3.451583087444305420e-01,4.078567624092102051e-01,2.119552940130233765e-01,1.743523031473159790e-01,4.088834822177886963e-01,2.799854576587677002e-01,2.461025863885879517e-01,4.156693518161773682e-01
