9.993292782907912120e-01,4.895286184023334708e-01,4.687159133315197956e-01,2.982067279435455798e-01,3.355553075271327512e-01,2.815039740837124160e-01,2.371295107213845232e-01
4.895286184023334708e-01,9.643474730236729631e-01,8.933720420133831608e-01,5.944948722915822659e-01,5.998619728014921160e-01,4.967100959340831068e-01,4.352315679335589937e-01
4.687159133315197956e-01,8.933720420133831608e-01,9.719705093462405188e-01,7.742915236273476554e-01,7.614325848199265945e-01,6.284772688503691418e-01,5.419937670946031183e-01
2.982067279435455798e-01,5.944948722915822659e-01,7.742915236273476554e-01,9.053836044026105645e-01,8.435194383101348725e-01,7.024879199819209497e-01,6.054812106136902017e-01
3.355553075271327512e-01,5.998619728014921160e-01,7.614325848199265945e-01,8.435194383101348725e-01,9.005429824855051280e-01,7.948611763017320309e-01,7.160946975337038056e-01
2.815039740837124160e-01,4.967100959340831068e-01,6.284772688503691418e-01,7.024879199819209497e-01,7.948611763017320309e-01,8.175184542426641165e-01,7.337916795785442980e-01
2.371295107213845232e-01,4.352315679335589937e-01,5.419937670946031183e-01,6.054812106136902017e-01,7.160946975337038056e-01,7.337916795785442980e-01,8.397407678886371629e-01
