9.992864456801747730e-01,7.034572854184085733e-01,6.529548553990152104e-01,3.923951595146704663e-01,3.769252589403050968e-01,2.955498583343688646e-01,2.493777239223324282e-01
7.034572854184085733e-01,9.948932843536953952e-01,9.004150041113785363e-01,6.758296872332287819e-01,5.935704120323077593e-01,4.597856647502630012e-01,3.768888512921611533e-01
6.529548553990152104e-01,9.004150041113785363e-01,9.837111029429413955e-01,8.324648365669192751e-01,7.686278932075135684e-01,6.294693538419607881e-01,4.961162592670589344e-01
3.923951595146704663e-01,6.758296872332287819e-01,8.324648365669192751e-01,9.701825204751961529e-01,9.123439827101014199e-01,7.968581046762637232e-01,5.940810795363438146e-01
3.769252589403050968e-01,5.935704120323077593e-01,7.686278932075135684e-01,9.123439827101014199e-01,9.499024280868562098e-01,8.483532886385553029e-01,6.736001183449177310e-01
2.955498583343688646e-01,4.597856647502630012e-01,6.294693538419607881e-01,7.968581046762637232e-01,8.483532886385553029e-01,9.175506691012625948e-01,7.212299059359595921e-01
2.493777239223324282e-01,3.768888512921611533e-01,4.961162592670589344e-01,5.940810795363438146e-01,6.736001183449177310e-01,7.212299059359595921e-01,8.601602030385362418e-01
