9.933925867080688477e-01,9.132000207901000977e-01,7.350472211837768555e-01,8.563517332077026367e-01,7.684497833251953125e-01,3.670831620693206787e-01,8.521317243576049805e-01,7.332913279533386230e-01,6.491644382476806641e-01,8.427882790565490723e-01,8.608599305152893066e-01,8.122426271438598633e-01,8.136679530143737793e-01,1.628766881367482711e-07,3.732425524153225468e-21,8.140327334403991699e-01,7.883954822318628430e-08,5.149969872474817160e-23,8.138090968132019043e-01,2.980784338433295488e-04,-2.261918544024484100e-23,8.130445480346679688e-01,1.079308367479825392e-05,1.373291977841981374e-22,7.283500432968139648e-01,4.308765566563010907e-10,8.008466053794501881e-23,7.285551428794860840e-01,2.391161713077849527e-10,-6.086395966373467177e-24,7.285550832748413086e-01,2.586899305878631594e-10,-6.400322374745263604e-24,7.285550832748413086e-01,2.399121457052899586e-10,1.644194070215204861e-23,7.285550832748413086e-01,1.809344202241547350e-10,5.502546205353554972e-24,7.285550832748413086e-01,9.484030921713682005e-11,0.000000000000000000e+00,6.387910246849060059e-01,2.972987633853563239e-09,0.000000000000000000e+00,6.387910246849060059e-01,1.667935234372919240e-09,0.000000000000000000e+00,6.387909650802612305e-01
9.132000207901000977e-01,9.611810445785522461e-01,8.538130521774291992e-01,9.342740178108215332e-01,7.082129716873168945e-01,4.675450623035430908e-01,9.320335388183593750e-01,7.880098819732666016e-01,6.525465250015258789e-01,9.240115284919738770e-01,8.635371923446655273e-01,8.145269751548767090e-01,8.763505816459655762e-01,2.445597679923139367e-08,3.519765335335056887e-22,8.775748610496520996e-01,1.361909429675733918e-08,9.566442833551024610e-24,8.775125741958618164e-01,3.677909262478351593e-05,-4.509058331192286199e-24,8.781132698059082031e-01,1.528581378806848079e-06,1.817918123168243390e-23,8.319107294082641602e-01,5.872451830368774495e-11,1.063597729340605153e-23,8.320747613906860352e-01,3.899162243081732981e-11,7.023088616371991374e-25,8.320747613906860352e-01,3.840307238878182261e-11,-2.988708747361369759e-25,8.320747613906860352e-01,3.801062936625854149e-11,1.940009731038846777e-24,8.320747613906860352e-01,2.392378829763064374e-11,8.479871147510713191e-25,8.320747613906860352e-01,1.263144797092330407e-11,0.000000000000000000e+00,7.242121696472167969e-01,4.186063717881438606e-10,0.000000000000000000e+00,7.242120504379272461e-01,2.391476738861086915e-10,0.000000000000000000e+00,7.242120504379272461e-01
7.350472211837768555e-01,8.538130521774291992e-01,8.209487199783325195e-01,8.933762907981872559e-01,7.347822785377502441e-01,4.450854063034057617e-01,8.948195576667785645e-01,7.284860014915466309e-01,6.170893907546997070e-01,8.894891738891601562e-01,8.319125771522521973e-01,7.834433913230895996e-01,8.402305841445922852e-01,8.473454471413788269e-08,8.824837757333063669e-22,8.402627110481262207e-01,4.763270666785501817e-08,3.591058923634331709e-23,8.390288949012756348e-01,1.327802601736038923e-04,-2.293257108446610843e-24,8.378756642341613770e-01,6.436911462515126914e-06,8.685580078625526038e-23,7.742794752120971680e-01,2.390062037171958309e-10,3.132136252122749295e-23,7.744568586349487305e-01,1.346348033059996396e-10,2.266565210857552687e-24,7.744568586349487305e-01,1.376630615057550244e-10,3.870378004094082348e-24,7.744568586349487305e-01,1.358717305333101422e-10,7.582985404865772776e-24,7.744568586349487305e-01,9.505050219127397781e-11,2.824076089543493139e-24,7.744568586349487305e-01,4.963830735338348177e-11,0.000000000000000000e+00,6.761462688446044922e-01,1.536592741935294271e-09,0.000000000000000000e+00,6.761462688446044922e-01,8.605607892953059945e-10,0.000000000000000000e+00,6.761462092399597168e-01
8.563517332077026367e-01,9.342740178108215332e-01,8.933762907981872559e-01,9.170127511024475098e-01,7.875326275825500488e-01,4.624824523925781250e-01,9.191302657127380371e-01,7.924115657806396484e-01,6.616626977920532227e-01,9.133943915367126465e-01,9.119023084640502930e-01,8.671743869781494141e-01,8.945777416229248047e-01,2.016024467366150930e-07,5.793472440022321018e-21,8.943992853164672852e-01,1.154394340119324625e-07,6.828919576452249360e-23,8.935564756393432617e-01,3.567853127606213093e-04,-6.124531080253661330e-24,8.920710086822509766e-01,1.541624624223913997e-05,2.387801433182797774e-22,8.101958036422729492e-01,5.702884275926578539e-10,1.194604001865621523e-22,8.103526234626770020e-01,3.062311793033956064e-10,1.338017904692842787e-23,8.103526234626770020e-01,3.232495104921184748e-10,-2.139821335241453645e-23,8.103526234626770020e-01,3.185388619542095512e-10,2.483994090669053062e-23,8.103526234626770020e-01,2.176963054267844200e-10,1.105216689636526860e-23,8.103526234626770020e-01,1.168271729357073241e-10,0.000000000000000000e+00,7.162498235702514648e-01,3.701796869037821125e-09,0.000000000000000000e+00,7.162498831748962402e-01,2.076653293769936681e-09,0.000000000000000000e+00,7.162497043609619141e-01
7.684497833251953125e-01,7.082129716873168945e-01,7.347822785377502441e-01,7.875326275825500488e-01,7.213402390480041504e-01,4.053156375885009766e-01,7.973867058753967285e-01,7.363803386688232422e-01,6.145829558372497559e-01,7.939305305480957031e-01,8.564782738685607910e-01,8.376700282096862793e-01,8.220085501670837402e-01,9.099204056894905079e-09,4.077463742035386478e-22,8.224742412567138672e-01,5.109715317530572065e-09,5.001590638507558756e-25,8.231976628303527832e-01,1.606478326721116900e-05,1.475203813782216580e-24,8.230204582214355469e-01,8.973962053460127208e-07,8.963596118642032609e-24,7.370561957359313965e-01,2.644299015863715852e-11,5.219823190087775667e-24,7.372294664382934570e-01,1.320523117936955870e-11,3.071137562905011927e-25,7.372294664382934570e-01,1.597416990350986055e-11,-1.706147576951099112e-24,7.372294664382934570e-01,1.399036702459666159e-11,1.077458764863198291e-24,7.372294664382934570e-01,9.973283483788453196e-12,5.909021775125880504e-25,7.372294664382934570e-01,5.606696964338686584e-12,0.000000000000000000e+00,6.650273203849792480e-01,1.816801153964320292e-10,0.000000000000000000e+00,6.650273203849792480e-01,1.100539104292863612e-10,0.000000000000000000e+00,6.650273203849792480e-01
3.670831620693206787e-01,4.675450623035430908e-01,4.450854063034057617e-01,4.624824523925781250e-01,4.053156375885009766e-01,3.420241475105285645e-01,7.221133112907409668e-01,7.113088369369506836e-01,5.851260423660278320e-01,7.203950285911560059e-01,7.685749530792236328e-01,7.540975809097290039e-01,7.630189061164855957e-01,8.303358001171545766e-09,5.506981686233686842e-22,7.626301050186157227e-01,5.749236198226981287e-09,3.889122966227750607e-25,7.629937529563903809e-01,1.443206929252482951e-05,1.710853526681195058e-24,7.633244395256042480e-01,7.276567544067802373e-07,1.623812744323552712e-23,6.875760555267333984e-01,2.189518705231208173e-11,7.484759600391273270e-24,6.877154111862182617e-01,1.192600185273562374e-11,1.017124414856792797e-24,6.877154111862182617e-01,1.361199000737833842e-11,-1.679231642864958189e-24,6.877153515815734863e-01,1.375012690513210956e-11,1.436621908806827876e-24,6.877153515815734863e-01,7.402364311792641871e-12,7.333591664237968068e-25,6.877154111862182617e-01,4.331369030802223463e-12,0.000000000000000000e+00,5.919077992439270020e-01,1.447773151364017963e-10,0.000000000000000000e+00,5.919078588485717773e-01,8.714530486120253272e-11,0.000000000000000000e+00,5.919078588485717773e-01
8.521317243576049805e-01,9.320335388183593750e-01,8.948195576667785645e-01,9.191302657127380371e-01,7.973867058753967285e-01,7.221133112907409668e-01,9.223344922065734863e-01,7.924495339393615723e-01,6.539883017539978027e-01,9.160030484199523926e-01,9.181853532791137695e-01,8.765951991081237793e-01,9.020786881446838379e-01,1.852800721735547995e-07,5.566191642026305524e-21,9.016427397727966309e-01,1.080236486927788064e-07,6.007546242339096685e-23,9.006437659263610840e-01,3.293436602689325809e-04,-8.319293185441865996e-24,8.991159796714782715e-01,1.465968034608522430e-05,2.144876955456397856e-22,8.166527748107910156e-01,5.285969995050265879e-10,1.137556357990424328e-22,8.168101906776428223e-01,2.805395915572717058e-10,1.289100561073997323e-23,8.168101906776428223e-01,2.989378466988767968e-10,-2.047425370628718460e-23,8.168101906776428223e-01,2.932003806410676816e-10,2.341638302751222846e-23,8.168101906776428223e-01,1.988069570080241988e-10,1.053252449657355760e-23,8.168101906776428223e-01,1.073445221599911292e-10,0.000000000000000000e+00,7.242821455001831055e-01,3.429744710459203816e-09,0.000000000000000000e+00,7.242822051048278809e-01,1.935080540249600745e-09,0.000000000000000000e+00,7.242822051048278809e-01
7.332913279533386230e-01,7.880098819732666016e-01,7.284860014915466309e-01,7.924115657806396484e-01,7.363803386688232422e-01,7.113088369369506836e-01,7.924495339393615723e-01,7.193973064422607422e-01,6.354201436042785645e-01,7.774904370307922363e-01,8.647918701171875000e-01,8.117900490760803223e-01,7.712436318397521973e-01,1.175272057452048102e-08,6.470276019688148119e-22,7.715609669685363770e-01,5.736573882586526452e-09,5.258484079761299624e-24,7.718700170516967773e-01,2.394150214968249202e-05,-7.239613185484791642e-24,7.705333828926086426e-01,7.385007165794377215e-07,2.288946811903528495e-23,6.659547686576843262e-01,3.178173349493995659e-11,1.144845669412938043e-23,6.661062836647033691e-01,1.678331779109143440e-11,1.448472670363123679e-24,6.661062836647033691e-01,1.738137064832834255e-11,-2.086679878133421228e-24,6.661062836647033691e-01,1.843935594492140950e-11,2.249234528415525974e-24,6.661062836647033691e-01,1.296516713433781831e-11,8.307035667481315610e-25,6.661062836647033691e-01,6.388869034507083100e-12,0.000000000000000000e+00,5.776641964912414551e-01,2.051252084855903490e-10,0.000000000000000000e+00,5.776641964912414551e-01,1.074806632583857890e-10,0.000000000000000000e+00,5.776641964912414551e-01
6.491644382476806641e-01,6.525465250015258789e-01,6.170893907546997070e-01,6.616626977920532227e-01,6.145829558372497559e-01,5.851260423660278320e-01,6.539883017539978027e-01,6.354201436042785645e-01,4.580111205577850342e-01,5.618926286697387695e-01,7.096582651138305664e-01,6.455339193344116211e-01,5.687392950057983398e-01,2.406402721533140721e-08,1.017802122893885453e-21,5.714824199676513672e-01,7.818473868326236698e-09,8.053652953078647702e-24,5.738689303398132324e-01,4.928731505060568452e-05,-2.608174681102772210e-23,5.735043287277221680e-01,1.585752329447132070e-06,3.772081990999018172e-23,4.741384088993072510e-01,6.390098866715376857e-11,1.924367013718766723e-23,4.743149578571319580e-01,3.348170005135209237e-11,2.308577970517360723e-24,4.743149578571319580e-01,3.485586819174102402e-11,-2.500142388943289262e-24,4.743149578571319580e-01,3.493059660963915292e-11,2.824220648304374890e-24,4.743149578571319580e-01,2.763258198645868191e-11,1.453412418744004502e-24,4.743148982524871826e-01,1.278329178622250595e-11,0.000000000000000000e+00,4.209215342998504639e-01,4.264122388519808737e-10,0.000000000000000000e+00,4.209215342998504639e-01,2.262632026184263623e-10,0.000000000000000000e+00,4.209215044975280762e-01
8.427882790565490723e-01,9.240115284919738770e-01,8.894891738891601562e-01,9.133943915367126465e-01,7.939305305480957031e-01,7.203950285911560059e-01,9.160030484199523926e-01,7.774904370307922363e-01,5.618926286697387695e-01,8.983340263366699219e-01,9.242762923240661621e-01,8.803394436836242676e-01,8.914775252342224121e-01,1.985674202842346858e-07,6.906350654055437455e-21,8.915736675262451172e-01,1.115424979047929810e-07,6.255416436179125424e-23,8.911494612693786621e-01,3.571418346837162971e-04,-4.480313423097390361e-23,8.898003101348876953e-01,1.578515184519346803e-05,2.575534425189549328e-22,7.997002005577087402e-01,5.644041345398420617e-10,1.273780014547609530e-22,7.998686432838439941e-01,2.981189184403376657e-10,1.501847433083875209e-23,7.998686432838439941e-01,3.140553372915633190e-10,-2.371483750694992518e-23,7.998686432838439941e-01,3.151718885874288389e-10,2.556526853232685258e-23,7.998686432838439941e-01,2.110551178269304273e-10,1.170267027628047237e-23,7.998686432838439941e-01,1.124517701178717743e-10,0.000000000000000000e+00,7.065906524658203125e-01,3.628381595177643248e-09,0.000000000000000000e+00,7.065905928611755371e-01,2.035967172631103494e-09,0.000000000000000000e+00,7.065905928611755371e-01
8.608599305152893066e-01,8.635371923446655273e-01,8.319125771522521973e-01,9.119023084640502930e-01,8.564782738685607910e-01,7.685749530792236328e-01,9.181853532791137695e-01,8.647918701171875000e-01,7.096582651138305664e-01,9.242762923240661621e-01,8.749450445175170898e-01,8.671872615814208984e-01,8.589540719985961914e-01,3.208546317523541802e-08,2.001386716137100166e-21,8.603455424308776855e-01,1.663363669024420233e-08,-1.359165354423015699e-27,8.615983724594116211e-01,6.097489676903933287e-05,-1.061449187779145205e-23,8.624814152717590332e-01,2.067455852738930844e-06,5.299705138616627853e-23,7.900651693344116211e-01,7.206142627058653716e-11,2.904143459828117524e-23,7.901557683944702148e-01,4.321676003171681657e-11,6.273238066205516434e-24,7.901557683944702148e-01,4.883061316407477648e-11,-8.557856556094278281e-24,7.901557683944702148e-01,4.548397422587946437e-11,4.552542316440331422e-24,7.901557683944702148e-01,2.806256269027862515e-11,2.874885634372646984e-24,7.901557683944702148e-01,1.574818921101783786e-11,0.000000000000000000e+00,7.156098484992980957e-01,5.406474157254592683e-10,0.000000000000000000e+00,7.156098484992980957e-01,3.149704663751862199e-10,0.000000000000000000e+00,7.156098484992980957e-01
8.122426271438598633e-01,8.145269751548767090e-01,7.834433913230895996e-01,8.671743869781494141e-01,8.376700282096862793e-01,7.540975809097290039e-01,8.765951991081237793e-01,8.117900490760803223e-01,6.455339193344116211e-01,8.803394436836242676e-01,8.671872615814208984e-01,7.678307294845581055e-01,7.266812920570373535e-01,6.267541152737976518e-09,5.895837353490304481e-22,7.285118103027343750e-01,3.127533565461249054e-09,-1.715808559242114538e-24,7.307561039924621582e-01,1.369494384562131017e-05,-3.926860050477454182e-24,7.321233153343200684e-01,4.668974895594146801e-07,6.172215355391555831e-24,6.517496705055236816e-01,1.387767331606504229e-11,5.710598408344281573e-24,6.518239974975585938e-01,7.407979611684378796e-12,1.265391366289102443e-24,6.518239974975585938e-01,9.670561226804430532e-12,-2.535334262786103820e-24,6.518239974975585938e-01,8.027876106930786904e-12,7.288716325568339285e-25,6.518239974975585938e-01,5.441447639698004934e-12,6.460902947961711206e-25,6.518239378929138184e-01,3.203475028648594680e-12,0.000000000000000000e+00,5.910065770149230957e-01,1.055318193943222127e-10,0.000000000000000000e+00,5.910065174102783203e-01,6.406080527154855986e-11,0.000000000000000000e+00,5.910065174102783203e-01
8.136679530143737793e-01,8.763505816459655762e-01,8.402305841445922852e-01,8.945777416229248047e-01,8.220085501670837402e-01,7.630189061164855957e-01,9.020786881446838379e-01,7.712436318397521973e-01,5.687392950057983398e-01,8.914775252342224121e-01,8.589540719985961914e-01,7.266812920570373535e-01,8.679731488227844238e-01,1.392263282440353578e-08,7.556090422925274524e-22,8.693293333053588867e-01,7.971402204987043660e-09,-1.085991404888811500e-25,8.706195354461669922e-01,2.603671055112499744e-05,-4.018934317613040238e-24,8.710173368453979492e-01,9.924674486683215946e-07,1.138009479694383277e-23,7.923799753189086914e-01,3.377519791625260837e-11,8.696208559373749774e-24,7.924661040306091309e-01,1.864708908116963215e-11,1.833633810122056388e-24,7.924660444259643555e-01,2.111067223808937854e-11,-3.472385055635598356e-24,7.924661040306091309e-01,1.935559872101588752e-11,1.447721378958513818e-24,7.924660444259643555e-01,1.272917882211288543e-11,1.020945459866457073e-24,7.924661040306091309e-01,7.082555895931985646e-12,0.000000000000000000e+00,6.972123980522155762e-01,2.360867334960659036e-10,0.000000000000000000e+00,6.972123384475708008e-01,1.376253833118568082e-10,0.000000000000000000e+00,6.972123384475708008e-01
1.628766881367482711e-07,2.445597679923139367e-08,8.473454471413788269e-08,2.016024467366150930e-07,9.099204056894905079e-09,8.303358001171545766e-09,1.852800721735547995e-07,1.175272057452048102e-08,2.406402721533140721e-08,1.985674202842346858e-07,3.208546317523541802e-08,6.267541152737976518e-09,1.392263282440353578e-08,1.401298464324817071e-35,0.000000000000000000e+00,1.207792774948757142e-05,1.401298464324817071e-35,0.000000000000000000e+00,1.176980731543153524e-05,8.755494946619502278e-30,0.000000000000000000e+00,1.157602218881947920e-05,8.721681428440132882e-32,0.000000000000000000e+00,1.478222657169681042e-06,0.000000000000000000e+00,0.000000000000000000e+00,1.475731323807849549e-06,0.000000000000000000e+00,0.000000000000000000e+00,1.475731323807849549e-06,0.000000000000000000e+00,0.000000000000000000e+00,1.475731323807849549e-06,0.000000000000000000e+00,0.000000000000000000e+00,1.475731323807849549e-06,0.000000000000000000e+00,0.000000000000000000e+00,1.475731323807849549e-06,0.000000000000000000e+00,0.000000000000000000e+00,4.037320650240872055e-06,0.000000000000000000e+00,0.000000000000000000e+00,4.037320195493521169e-06,0.000000000000000000e+00,0.000000000000000000e+00,4.037320195493521169e-06
3.732425524153225468e-21,3.519765335335056887e-22,8.824837757333063669e-22,5.793472440022321018e-21,4.077463742035386478e-22,5.506981686233686842e-22,5.566191642026305524e-21,6.470276019688148119e-22,1.017802122893885453e-21,6.906350654055437455e-21,2.001386716137100166e-21,5.895837353490304481e-22,7.556090422925274524e-22,0.000000000000000000e+00,0.000000000000000000e+00,-3.962699752672854339e-22,0.000000000000000000e+00,0.000000000000000000e+00,-3.767358607442916841e-22,0.000000000000000000e+00,0.000000000000000000e+00,-3.611756614303413693e-22,0.000000000000000000e+00,0.000000000000000000e+00,-6.175704881605800976e-23,0.000000000000000000e+00,0.000000000000000000e+00,-6.179929389525440539e-23,0.000000000000000000e+00,0.000000000000000000e+00,-6.179935700412682307e-23,0.000000000000000000e+00,0.000000000000000000e+00,-6.179928127347992185e-23,0.000000000000000000e+00,0.000000000000000000e+00,-6.179939486945027368e-23,0.000000000000000000e+00,0.000000000000000000e+00,-6.179933176057785600e-23,0.000000000000000000e+00,0.000000000000000000e+00,-2.194625868909872998e-23,0.000000000000000000e+00,0.000000000000000000e+00,-2.194623660099338379e-23,0.000000000000000000e+00,0.000000000000000000e+00,-2.194616402579010346e-23
8.140327334403991699e-01,8.775748610496520996e-01,8.402627110481262207e-01,8.943992853164672852e-01,8.224742412567138672e-01,7.626301050186157227e-01,9.016427397727966309e-01,7.715609669685363770e-01,5.714824199676513672e-01,8.915736675262451172e-01,8.603455424308776855e-01,7.285118103027343750e-01,8.693293333053588867e-01,1.207792774948757142e-05,-3.962699752672854339e-22,8.674368262290954590e-01,7.740313279214205977e-09,7.659080091815449963e-28,8.687897324562072754e-01,2.543333539506420493e-05,-3.914779040144446997e-24,8.692716956138610840e-01,9.687917099654441699e-07,1.103960901961505532e-23,7.917672991752624512e-01,3.282904503798533824e-11,8.426108896313317100e-24,7.918487191200256348e-01,1.814403662037111786e-11,1.805597693550501628e-24,7.918487191200256348e-01,2.059518874886201445e-11,-3.428742114915151099e-24,7.918487191200256348e-01,1.879917749247894676e-11,1.396699630545855521e-24,7.918487191200256348e-01,1.239412218689839307e-11,9.903827204230925655e-25,7.918487191200256348e-01,6.903982160272326141e-12,0.000000000000000000e+00,6.978555321693420410e-01,2.303056079178134041e-10,0.000000000000000000e+00,6.978555917739868164e-01,1.344554884097348690e-10,0.000000000000000000e+00,6.978555917739868164e-01
7.883954822318628430e-08,1.361909429675733918e-08,4.763270666785501817e-08,1.154394340119324625e-07,5.109715317530572065e-09,5.749236198226981287e-09,1.080236486927788064e-07,5.736573882586526452e-09,7.818473868326236698e-09,1.115424979047929810e-07,1.663363669024420233e-08,3.127533565461249054e-09,7.971402204987043660e-09,1.401298464324817071e-35,0.000000000000000000e+00,7.740313279214205977e-09,0.000000000000000000e+00,0.000000000000000000e+00,2.546503026223945199e-07,6.003162663067461454e-32,0.000000000000000000e+00,2.516445647415821441e-07,1.401298464324817071e-35,0.000000000000000000e+00,3.170038809230391053e-08,0.000000000000000000e+00,0.000000000000000000e+00,3.166785234043345554e-08,0.000000000000000000e+00,0.000000000000000000e+00,3.166784878771977674e-08,0.000000000000000000e+00,0.000000000000000000e+00,3.166784878771977674e-08,0.000000000000000000e+00,0.000000000000000000e+00,3.166784878771977674e-08,0.000000000000000000e+00,0.000000000000000000e+00,3.166784878771977674e-08,0.000000000000000000e+00,0.000000000000000000e+00,9.127565903099821298e-08,0.000000000000000000e+00,0.000000000000000000e+00,9.127565192557085538e-08,0.000000000000000000e+00,0.000000000000000000e+00,9.127563771471614018e-08
5.149969872474817160e-23,9.566442833551024610e-24,3.591058923634331709e-23,6.828919576452249360e-23,5.001590638507558756e-25,3.889122966227750607e-25,6.007546242339096685e-23,5.258484079761299624e-24,8.053652953078647702e-24,6.255416436179125424e-23,-1.359165354423015699e-27,-1.715808559242114538e-24,-1.085991404888811500e-25,0.000000000000000000e+00,0.000000000000000000e+00,7.659080091815449963e-28,0.000000000000000000e+00,0.000000000000000000e+00,4.813119323969479175e-22,0.000000000000000000e+00,0.000000000000000000e+00,4.673060541235471501e-22,0.000000000000000000e+00,0.000000000000000000e+00,5.207992485319995109e-23,0.000000000000000000e+00,0.000000000000000000e+00,5.187944689819070404e-23,0.000000000000000000e+00,0.000000000000000000e+00,5.187953209516846790e-23,0.000000000000000000e+00,0.000000000000000000e+00,5.187944374274708315e-23,0.000000000000000000e+00,0.000000000000000000e+00,5.187933961310759398e-23,0.000000000000000000e+00,0.000000000000000000e+00,5.187934907943845663e-23,0.000000000000000000e+00,0.000000000000000000e+00,3.653891884061802552e-22,0.000000000000000000e+00,0.000000000000000000e+00,3.653889612142395516e-22,0.000000000000000000e+00,0.000000000000000000e+00,3.653888602400436833e-22
8.138090968132019043e-01,8.775125741958618164e-01,8.390288949012756348e-01,8.935564756393432617e-01,8.231976628303527832e-01,7.629937529563903809e-01,9.006437659263610840e-01,7.718700170516967773e-01,5.738689303398132324e-01,8.911494612693786621e-01,8.615983724594116211e-01,7.307561039924621582e-01,8.706195354461669922e-01,1.176980731543153524e-05,-3.767358607442916841e-22,8.687897324562072754e-01,2.546503026223945199e-07,4.813119323969479175e-22,8.672947287559509277e-01,2.503431642253417522e-05,-3.915796670712182102e-24,8.678224682807922363e-01,9.525902555651555303e-07,1.083855835158861781e-23,7.910279035568237305e-01,3.220586644592238201e-11,8.232512174980312930e-24,7.911053895950317383e-01,1.777527083857144419e-11,1.787310714476120743e-24,7.911053299903869629e-01,2.021458868350922700e-11,-3.406513986758286038e-24,7.911053895950317383e-01,1.840135162300970961e-11,1.356825374192488496e-24,7.911053299903869629e-01,1.216269012588311327e-11,9.684702352359290627e-25,7.911053299903869629e-01,6.781575301317843696e-12,0.000000000000000000e+00,6.984480619430541992e-01,2.263009085679001942e-10,0.000000000000000000e+00,6.984481215476989746e-01,1.321930759301537250e-10,0.000000000000000000e+00,6.984481215476989746e-01
2.980784338433295488e-04,3.677909262478351593e-05,1.327802601736038923e-04,3.567853127606213093e-04,1.606478326721116900e-05,1.443206929252482951e-05,3.293436602689325809e-04,2.394150214968249202e-05,4.928731505060568452e-05,3.571418346837162971e-04,6.097489676903933287e-05,1.369494384562131017e-05,2.603671055112499744e-05,8.755494946619502278e-30,0.000000000000000000e+00,2.543333539506420493e-05,6.003162663067461454e-32,0.000000000000000000e+00,2.503431642253417522e-05,9.809088934589201453e-34,0.000000000000000000e+00,4.742734205365195521e-08,0.000000000000000000e+00,0.000000000000000000e+00,5.275109238311870286e-09,0.000000000000000000e+00,0.000000000000000000e+00,5.271343805901551605e-09,0.000000000000000000e+00,0.000000000000000000e+00,5.271343805901551605e-09,0.000000000000000000e+00,0.000000000000000000e+00,5.271343805901551605e-09,0.000000000000000000e+00,0.000000000000000000e+00,5.271343805901551605e-09,0.000000000000000000e+00,0.000000000000000000e+00,5.271343805901551605e-09,0.000000000000000000e+00,0.000000000000000000e+00,1.652695758025402029e-08,0.000000000000000000e+00,0.000000000000000000e+00,1.652695758025402029e-08,0.000000000000000000e+00,0.000000000000000000e+00,1.652695580389718089e-08
-2.261918544024484100e-23,-4.509058331192286199e-24,-2.293257108446610843e-24,-6.124531080253661330e-24,1.475203813782216580e-24,1.710853526681195058e-24,-8.319293185441865996e-24,-7.239613185484791642e-24,-2.608174681102772210e-23,-4.480313423097390361e-23,-1.061449187779145205e-23,-3.926860050477454182e-24,-4.018934317613040238e-24,0.000000000000000000e+00,0.000000000000000000e+00,-3.914779040144446997e-24,0.000000000000000000e+00,0.000000000000000000e+00,-3.915796670712182102e-24,0.000000000000000000e+00,0.000000000000000000e+00,-2.142680514260772889e-22,0.000000000000000000e+00,0.000000000000000000e+00,-2.404350220361396577e-23,0.000000000000000000e+00,0.000000000000000000e+00,-2.400512727601858443e-23,0.000000000000000000e+00,0.000000000000000000e+00,-2.400511465424410090e-23,0.000000000000000000e+00,0.000000000000000000e+00,-2.400511938740953222e-23,0.000000000000000000e+00,0.000000000000000000e+00,-2.400511938740953222e-23,0.000000000000000000e+00,0.000000000000000000e+00,-2.400509729930418604e-23,0.000000000000000000e+00,0.000000000000000000e+00,-7.934002001962707604e-23,0.000000000000000000e+00,0.000000000000000000e+00,-7.933992535631844952e-23,0.000000000000000000e+00,0.000000000000000000e+00,-7.933996322164190013e-23
8.130445480346679688e-01,8.781132698059082031e-01,8.378756642341613770e-01,8.920710086822509766e-01,8.230204582214355469e-01,7.633244395256042480e-01,8.991159796714782715e-01,7.705333828926086426e-01,5.735043287277221680e-01,8.898003101348876953e-01,8.624814152717590332e-01,7.321233153343200684e-01,8.710173368453979492e-01,1.157602218881947920e-05,-3.611756614303413693e-22,8.692716956138610840e-01,2.516445647415821441e-07,4.673060541235471501e-22,8.678224682807922363e-01,4.742734205365195521e-08,-2.142680514260772889e-22,8.658674359321594238e-01,9.460122214477451053e-07,1.070839945767077174e-23,7.892365455627441406e-01,3.195239905995350682e-11,8.125526859014239309e-24,7.893106937408447266e-01,1.755396869529413095e-11,1.773213572884594957e-24,7.893106341361999512e-01,1.999994267420923677e-11,-3.403644110785091998e-24,7.893106937408447266e-01,1.818890524307725798e-11,1.337810769540654380e-24,7.893106341361999512e-01,1.206177518975337648e-11,9.593367050676670354e-25,7.893106341361999512e-01,6.728293269753216066e-12,0.000000000000000000e+00,6.978464126586914062e-01,2.241884178300068697e-10,0.000000000000000000e+00,6.978464126586914062e-01,1.309672925664528975e-10,0.000000000000000000e+00,6.978464126586914062e-01
1.079308367479825392e-05,1.528581378806848079e-06,6.436911462515126914e-06,1.541624624223913997e-05,8.973962053460127208e-07,7.276567544067802373e-07,1.465968034608522430e-05,7.385007165794377215e-07,1.585752329447132070e-06,1.578515184519346803e-05,2.067455852738930844e-06,4.668974895594146801e-07,9.924674486683215946e-07,8.721681428440132882e-32,0.000000000000000000e+00,9.687917099654441699e-07,1.401298464324817071e-35,0.000000000000000000e+00,9.525902555651555303e-07,0.000000000000000000e+00,0.000000000000000000e+00,9.460122214477451053e-07,3.790512249198277508e-31,0.000000000000000000e+00,3.032635049748932943e-06,0.000000000000000000e+00,0.000000000000000000e+00,3.030698053407832049e-06,0.000000000000000000e+00,0.000000000000000000e+00,3.030698053407832049e-06,0.000000000000000000e+00,0.000000000000000000e+00,3.030698053407832049e-06,0.000000000000000000e+00,0.000000000000000000e+00,3.030698053407832049e-06,0.000000000000000000e+00,0.000000000000000000e+00,3.030698053407832049e-06,0.000000000000000000e+00,0.000000000000000000e+00,8.530447303201071918e-06,0.000000000000000000e+00,0.000000000000000000e+00,8.530445484211668372e-06,0.000000000000000000e+00,0.000000000000000000e+00,8.530445484211668372e-06
1.373291977841981374e-22,1.817918123168243390e-23,8.685580078625526038e-23,2.387801433182797774e-22,8.963596118642032609e-24,1.623812744323552712e-23,2.144876955456397856e-22,2.288946811903528495e-23,3.772081990999018172e-23,2.575534425189549328e-22,5.299705138616627853e-23,6.172215355391555831e-24,1.138009479694383277e-23,0.000000000000000000e+00,0.000000000000000000e+00,1.103960901961505532e-23,0.000000000000000000e+00,0.000000000000000000e+00,1.083855835158861781e-23,0.000000000000000000e+00,0.000000000000000000e+00,1.070839945767077174e-23,0.000000000000000000e+00,0.000000000000000000e+00,1.023882921497705924e-23,0.000000000000000000e+00,0.000000000000000000e+00,1.025840322061830821e-23,0.000000000000000000e+00,0.000000000000000000e+00,1.025839138770472989e-23,0.000000000000000000e+00,0.000000000000000000e+00,1.025840322061830821e-23,0.000000000000000000e+00,0.000000000000000000e+00,1.025837403276481503e-23,0.000000000000000000e+00,0.000000000000000000e+00,1.025837561048662547e-23,0.000000000000000000e+00,0.000000000000000000e+00,1.609735205925521668e-23,0.000000000000000000e+00,0.000000000000000000e+00,1.609726055139021104e-23,0.000000000000000000e+00,0.000000000000000000e+00,1.609731892709719739e-23
7.283500432968139648e-01,8.319107294082641602e-01,7.742794752120971680e-01,8.101958036422729492e-01,7.370561957359313965e-01,6.875760555267333984e-01,8.166527748107910156e-01,6.659547686576843262e-01,4.741384088993072510e-01,7.997002005577087402e-01,7.900651693344116211e-01,6.517496705055236816e-01,7.923799753189086914e-01,1.478222657169681042e-06,-6.175704881605800976e-23,7.917672991752624512e-01,3.170038809230391053e-08,5.207992485319995109e-23,7.910279035568237305e-01,5.275109238311870286e-09,-2.404350220361396577e-23,7.892365455627441406e-01,3.032635049748932943e-06,1.023882921497705924e-23,7.899109721183776855e-01,3.504007197244196625e-12,1.013540718371986893e-24,7.899217009544372559e-01,2.452054401538839024e-12,2.022190080049247615e-25,7.899217009544372559e-01,2.708083974081731959e-12,-3.303642481805326841e-25,7.899216413497924805e-01,2.324763211797309381e-12,1.328468265188218649e-25,7.899216413497924805e-01,1.475647729010098885e-12,8.475114192992714049e-26,7.899217009544372559e-01,8.153045838281414159e-13,0.000000000000000000e+00,7.067561149597167969e-01,2.827599265842195564e-11,0.000000000000000000e+00,7.067561745643615723e-01,1.733650722979263037e-11,0.000000000000000000e+00,7.067560553550720215e-01
4.308765566563010907e-10,5.872451830368774495e-11,2.390062037171958309e-10,5.702884275926578539e-10,2.644299015863715852e-11,2.189518705231208173e-11,5.285969995050265879e-10,3.178173349493995659e-11,6.390098866715376857e-11,5.644041345398420617e-10,7.206142627058653716e-11,1.387767331606504229e-11,3.377519791625260837e-11,0.000000000000000000e+00,0.000000000000000000e+00,3.282904503798533824e-11,0.000000000000000000e+00,0.000000000000000000e+00,3.220586644592238201e-11,0.000000000000000000e+00,0.000000000000000000e+00,3.195239905995350682e-11,0.000000000000000000e+00,0.000000000000000000e+00,3.504007197244196625e-12,0.000000000000000000e+00,0.000000000000000000e+00,1.400380939681200587e-11,0.000000000000000000e+00,0.000000000000000000e+00,1.400380939681200587e-11,0.000000000000000000e+00,0.000000000000000000e+00,1.400380939681200587e-11,0.000000000000000000e+00,0.000000000000000000e+00,1.400380939681200587e-11,0.000000000000000000e+00,0.000000000000000000e+00,1.400380939681200587e-11,0.000000000000000000e+00,0.000000000000000000e+00,4.511047091426689803e-11,0.000000000000000000e+00,0.000000000000000000e+00,4.511046397537299413e-11,0.000000000000000000e+00,0.000000000000000000e+00,4.511046397537299413e-11
8.008466053794501881e-23,1.063597729340605153e-23,3.132136252122749295e-23,1.194604001865621523e-22,5.219823190087775667e-24,7.484759600391273270e-24,1.137556357990424328e-22,1.144845669412938043e-23,1.924367013718766723e-23,1.273780014547609530e-22,2.904143459828117524e-23,5.710598408344281573e-24,8.696208559373749774e-24,0.000000000000000000e+00,0.000000000000000000e+00,8.426108896313317100e-24,0.000000000000000000e+00,0.000000000000000000e+00,8.232512174980312930e-24,0.000000000000000000e+00,0.000000000000000000e+00,8.125526859014239309e-24,0.000000000000000000e+00,0.000000000000000000e+00,1.013540718371986893e-24,0.000000000000000000e+00,0.000000000000000000e+00,-2.629947281529917397e-24,0.000000000000000000e+00,0.000000000000000000e+00,-2.629931701527039282e-24,0.000000000000000000e+00,0.000000000000000000e+00,-2.629952803556253944e-24,0.000000000000000000e+00,0.000000000000000000e+00,-2.629960100519627238e-24,0.000000000000000000e+00,0.000000000000000000e+00,-2.629950831403990891e-24,0.000000000000000000e+00,0.000000000000000000e+00,-3.284661748868610653e-25,0.000000000000000000e+00,0.000000000000000000e+00,-3.284863894475573537e-25,0.000000000000000000e+00,0.000000000000000000e+00,-3.284312924437083236e-25
7.285551428794860840e-01,8.320747613906860352e-01,7.744568586349487305e-01,8.103526234626770020e-01,7.372294664382934570e-01,6.877154111862182617e-01,8.168101906776428223e-01,6.661062836647033691e-01,4.743149578571319580e-01,7.998686432838439941e-01,7.901557683944702148e-01,6.518239974975585938e-01,7.924661040306091309e-01,1.475731323807849549e-06,-6.179929389525440539e-23,7.918487191200256348e-01,3.166785234043345554e-08,5.187944689819070404e-23,7.911053895950317383e-01,5.271343805901551605e-09,-2.400512727601858443e-23,7.893106937408447266e-01,3.030698053407832049e-06,1.025840322061830821e-23,7.899217009544372559e-01,1.400380939681200587e-11,-2.629947281529917397e-24,7.895605564117431641e-01,2.448054129203236506e-12,2.023405049102804414e-25,7.895605564117431641e-01,2.705168771280352935e-12,-3.309214304986516000e-25,7.895605564117431641e-01,2.318869922468547173e-12,1.320855017895737240e-25,7.895605564117431641e-01,1.473255436916509620e-12,8.463035376679099510e-26,7.895605564117431641e-01,8.137887607707894322e-13,0.000000000000000000e+00,7.066190838813781738e-01,2.824343536822482292e-11,0.000000000000000000e+00,7.066191434860229492e-01,1.732258433917444052e-11,0.000000000000000000e+00,7.066190838813781738e-01
2.391161713077849527e-10,3.899162243081732981e-11,1.346348033059996396e-10,3.062311793033956064e-10,1.320523117936955870e-11,1.192600185273562374e-11,2.805395915572717058e-10,1.678331779109143440e-11,3.348170005135209237e-11,2.981189184403376657e-10,4.321676003171681657e-11,7.407979611684378796e-12,1.864708908116963215e-11,0.000000000000000000e+00,0.000000000000000000e+00,1.814403662037111786e-11,0.000000000000000000e+00,0.000000000000000000e+00,1.777527083857144419e-11,0.000000000000000000e+00,0.000000000000000000e+00,1.755396869529413095e-11,0.000000000000000000e+00,0.000000000000000000e+00,2.452054401538839024e-12,0.000000000000000000e+00,0.000000000000000000e+00,2.448054129203236506e-12,0.000000000000000000e+00,0.000000000000000000e+00,3.272828405856409439e-12,0.000000000000000000e+00,0.000000000000000000e+00,3.272828405856409439e-12,0.000000000000000000e+00,0.000000000000000000e+00,3.272828405856409439e-12,0.000000000000000000e+00,0.000000000000000000e+00,3.272828405856409439e-12,0.000000000000000000e+00,0.000000000000000000e+00,1.125327088458139002e-11,0.000000000000000000e+00,0.000000000000000000e+00,1.125327088458139002e-11,0.000000000000000000e+00,0.000000000000000000e+00,1.125327088458139002e-11
-6.086395966373467177e-24,7.023088616371991374e-25,2.266565210857552687e-24,1.338017904692842787e-23,3.071137562905011927e-25,1.017124414856792797e-24,1.289100561073997323e-23,1.448472670363123679e-24,2.308577970517360723e-24,1.501847433083875209e-23,6.273238066205516434e-24,1.265391366289102443e-24,1.833633810122056388e-24,0.000000000000000000e+00,0.000000000000000000e+00,1.805597693550501628e-24,0.000000000000000000e+00,0.000000000000000000e+00,1.787310714476120743e-24,0.000000000000000000e+00,0.000000000000000000e+00,1.773213572884594957e-24,0.000000000000000000e+00,0.000000000000000000e+00,2.022190080049247615e-25,0.000000000000000000e+00,0.000000000000000000e+00,2.023405049102804414e-25,0.000000000000000000e+00,0.000000000000000000e+00,9.243795567872009898e-24,0.000000000000000000e+00,0.000000000000000000e+00,9.243794779011104677e-24,0.000000000000000000e+00,0.000000000000000000e+00,9.243795567872009898e-24,0.000000000000000000e+00,0.000000000000000000e+00,9.243793201289294235e-24,0.000000000000000000e+00,0.000000000000000000e+00,2.103221029138457492e-23,0.000000000000000000e+00,0.000000000000000000e+00,2.103220713594095404e-23,0.000000000000000000e+00,0.000000000000000000e+00,2.103220713594095404e-23
7.285550832748413086e-01,8.320747613906860352e-01,7.744568586349487305e-01,8.103526234626770020e-01,7.372294664382934570e-01,6.877154111862182617e-01,8.168101906776428223e-01,6.661062836647033691e-01,4.743149578571319580e-01,7.998686432838439941e-01,7.901557683944702148e-01,6.518239974975585938e-01,7.924660444259643555e-01,1.475731323807849549e-06,-6.179935700412682307e-23,7.918487191200256348e-01,3.166784878771977674e-08,5.187953209516846790e-23,7.911053299903869629e-01,5.271343805901551605e-09,-2.400511465424410090e-23,7.893106341361999512e-01,3.030698053407832049e-06,1.025839138770472989e-23,7.899217009544372559e-01,1.400380939681200587e-11,-2.629931701527039282e-24,7.895605564117431641e-01,3.272828405856409439e-12,9.243795567872009898e-24,7.891458272933959961e-01,2.702392129516617558e-12,-3.320441521301041169e-25,7.891458272933959961e-01,2.312596295017677051e-12,1.314324605455188111e-25,7.891458272933959961e-01,1.470780528617376959e-12,8.450378473233377698e-26,7.891458272933959961e-01,8.122050124473312316e-13,0.000000000000000000e+00,7.064189314842224121e-01,2.821004194131226939e-11,0.000000000000000000e+00,7.064189314842224121e-01,1.730896675988802258e-11,0.000000000000000000e+00,7.064189314842224121e-01
2.586899305878631594e-10,3.840307238878182261e-11,1.376630615057550244e-10,3.232495104921184748e-10,1.597416990350986055e-11,1.361199000737833842e-11,2.989378466988767968e-10,1.738137064832834255e-11,3.485586819174102402e-11,3.140553372915633190e-10,4.883061316407477648e-11,9.670561226804430532e-12,2.111067223808937854e-11,0.000000000000000000e+00,0.000000000000000000e+00,2.059518874886201445e-11,0.000000000000000000e+00,0.000000000000000000e+00,2.021458868350922700e-11,0.000000000000000000e+00,0.000000000000000000e+00,1.999994267420923677e-11,0.000000000000000000e+00,0.000000000000000000e+00,2.708083974081731959e-12,0.000000000000000000e+00,0.000000000000000000e+00,2.705168771280352935e-12,0.000000000000000000e+00,0.000000000000000000e+00,2.702392129516617558e-12,0.000000000000000000e+00,0.000000000000000000e+00,1.063345331925313886e-11,0.000000000000000000e+00,0.000000000000000000e+00,1.063345331925313886e-11,0.000000000000000000e+00,0.000000000000000000e+00,1.063345331925313886e-11,0.000000000000000000e+00,0.000000000000000000e+00,3.694674774457062938e-11,0.000000000000000000e+00,0.000000000000000000e+00,3.694674774457062938e-11,0.000000000000000000e+00,0.000000000000000000e+00,3.694674774457062938e-11
