9.912549257278442383e-01,8.455759286880493164e-01,7.572998404502868652e-01,9.675423502922058105e-01,7.895038127899169922e-01,3.485947549343109131e-01,9.616277217864990234e-01,6.143962144851684570e-01,3.916352689266204834e-01,9.550483822822570801e-01,3.956873416900634766e-01,2.989831864833831787e-01,8.707117438316345215e-01,7.285206913948059082e-01,6.632053256034851074e-01,8.146613836288452148e-01,6.875478029251098633e-01,4.089114964008331299e-01,7.527391314506530762e-01,3.754951953887939453e-01,2.566731274127960205e-01,7.231895923614501953e-01,4.554446935653686523e-01,3.301534950733184814e-01,5.619993209838867188e-01,3.926740586757659912e-01,2.912731766700744629e-01,5.020571947097778320e-01,3.689937293529510498e-01,2.555846869945526123e-01,4.683537185192108154e-01,4.767735302448272705e-01,4.019945561885833740e-01,4.639047086238861084e-01,4.373546838760375977e-01,3.002219796180725098e-01,4.517991244792938232e-01,3.284147977828979492e-01,1.861287355422973633e-01,4.377432465553283691e-01,3.395213782787322998e-01,2.652927637100219727e-01,3.128583133220672607e-01,2.773149907588958740e-01,2.110326588153839111e-01,2.600531876087188721e-01,1.694281846284866333e-01,1.445159614086151123e-01,1.946406662464141846e-01
8.455759286880493164e-01,9.666967988014221191e-01,9.348049163818359375e-01,7.653958797454833984e-01,7.977611422538757324e-01,4.135809838771820068e-01,7.654043436050415039e-01,6.598387360572814941e-01,4.854569733142852783e-01,7.620385885238647461e-01,4.620420932769775391e-01,3.352812230587005615e-01,6.079654097557067871e-01,3.375273346900939941e-01,3.360914289951324463e-01,6.143309473991394043e-01,7.027899026870727539e-01,4.533470571041107178e-01,5.930192470550537109e-01,3.217325508594512939e-01,2.280491888523101807e-01,5.739153623580932617e-01,3.984588980674743652e-01,2.991674840450286865e-01,4.549460709095001221e-01,3.157784342765808105e-01,2.367903143167495728e-01,4.098024964332580566e-01,3.158867359161376953e-01,2.309110909700393677e-01,3.850271403789520264e-01,3.840911090373992920e-01,3.361283838748931885e-01,3.800556659698486328e-01,3.558126688003540039e-01,2.352968603372573853e-01,3.671449124813079834e-01,2.755056023597717285e-01,1.557248681783676147e-01,3.569026887416839600e-01,2.745093107223510742e-01,2.004336565732955933e-01,2.246646285057067871e-01,2.154307961463928223e-01,1.676295995712280273e-01,1.884695589542388916e-01,1.314823776483535767e-01,1.155641600489616394e-01,1.448866724967956543e-01
7.572998404502868652e-01,9.348049163818359375e-01,9.442579746246337891e-01,6.812811493873596191e-01,7.043798565864562988e-01,3.431183695793151855e-01,6.774851083755493164e-01,5.631024837493896484e-01,4.081932008266448975e-01,6.732926368713378906e-01,3.821960389614105225e-01,2.731876075267791748e-01,5.197386145591735840e-01,2.381753325462341309e-01,2.366659939289093018e-01,5.283131003379821777e-01,6.265057325363159180e-01,3.877886831760406494e-01,5.107831954956054688e-01,2.664021253585815430e-01,1.834197640419006348e-01,4.958202242851257324e-01,3.440243303775787354e-01,2.641758620738983154e-01,3.992731273174285889e-01,2.779061496257781982e-01,2.049486935138702393e-01,3.566465973854064941e-01,2.689535617828369141e-01,1.957398951053619385e-01,3.322804570198059082e-01,3.271729648113250732e-01,2.903836369514465332e-01,3.259626626968383789e-01,3.061775565147399902e-01,1.966438293457031250e-01,3.126214146614074707e-01,2.326341122388839722e-01,1.304801702499389648e-01,3.037982583045959473e-01,2.324841767549514771e-01,1.738237142562866211e-01,1.951415389776229858e-01,1.877509802579879761e-01,1.485242396593093872e-01,1.657537221908569336e-01,1.157995089888572693e-01,1.018568202853202820e-01,1.286102086305618286e-01
9.675423502922058105e-01,7.653958797454833984e-01,6.812811493873596191e-01,9.846406579017639160e-01,8.166524171829223633e-01,3.770878314971923828e-01,9.826049208641052246e-01,6.535207629203796387e-01,4.094445705413818359e-01,9.788262248039245605e-01,4.394697546958923340e-01,3.476729989051818848e-01,9.152237772941589355e-01,7.772030830383300781e-01,7.246795892715454102e-01,8.692513704299926758e-01,7.278336882591247559e-01,4.647437334060668945e-01,8.091050386428833008e-01,4.249257147312164307e-01,2.993543148040771484e-01,7.795354723930358887e-01,5.069220066070556641e-01,3.713097274303436279e-01,6.101659536361694336e-01,4.470374286174774170e-01,3.393956124782562256e-01,5.520876049995422363e-01,4.147128462791442871e-01,2.921500504016876221e-01,5.177751183509826660e-01,5.077033042907714844e-01,4.296697676181793213e-01,5.150067806243896484e-01,4.834548234939575195e-01,3.346141278743743896e-01,5.038750171661376953e-01,3.684595823287963867e-01,2.113296389579772949e-01,4.885270893573760986e-01,3.836842477321624756e-01,2.910972535610198975e-01,3.335306048393249512e-01,3.002339601516723633e-01,2.259222120046615601e-01,2.742100656032562256e-01,1.832007914781570435e-01,1.541626155376434326e-01,2.052327543497085571e-01
7.895038127899169922e-01,7.977611422538757324e-01,7.043798565864562988e-01,8.166524171829223633e-01,9.487060308456420898e-01,6.417757868766784668e-01,8.013736605644226074e-01,8.433995246887207031e-01,6.385644674301147461e-01,8.059337735176086426e-01,6.680939197540283203e-01,5.341266393661499023e-01,6.653785109519958496e-01,4.137513041496276855e-01,4.633076190948486328e-01,7.012796401977539062e-01,8.165838122367858887e-01,6.258864402770996094e-01,6.974803209304809570e-01,4.534366428852081299e-01,3.608756363391876221e-01,6.761499643325805664e-01,5.185295343399047852e-01,3.915073275566101074e-01,5.369333028793334961e-01,3.863699138164520264e-01,3.167761862277984619e-01,5.031759738922119141e-01,4.189264476299285889e-01,3.262600898742675781e-01,4.856665730476379395e-01,4.803355634212493896e-01,4.204364418983459473e-01,4.867764711380004883e-01,4.475687742233276367e-01,3.195254206657409668e-01,4.780838787555694580e-01,3.750501275062561035e-01,2.232096046209335327e-01,4.668625891208648682e-01,3.724350035190582275e-01,2.537472546100616455e-01,2.658945620059967041e-01,2.660459876060485840e-01,2.045900225639343262e-01,2.178341299295425415e-01,1.632024347782135010e-01,1.406815499067306519e-01,1.671662628650665283e-01
3.485947549343109131e-01,4.135809838771820068e-01,3.431183695793151855e-01,3.770878314971923828e-01,6.417757868766784668e-01,8.088780641555786133e-01,4.651739299297332764e-01,7.783881425857543945e-01,6.616255640983581543e-01,4.932170808315277100e-01,8.366467952728271484e-01,8.063163161277770996e-01,4.213486611843109131e-01,2.149475812911987305e-01,3.243156075477600098e-01,5.265592336654663086e-01,6.411228179931640625e-01,5.947344899177551270e-01,5.695373415946960449e-01,5.177444815635681152e-01,4.739648699760437012e-01,5.712963342666625977e-01,5.357003808021545410e-01,4.110902845859527588e-01,4.564429819583892822e-01,3.743564486503601074e-01,3.504314124584197998e-01,4.626916646957397461e-01,4.384624660015106201e-01,3.816848993301391602e-01,4.698601961135864258e-01,4.552643597126007080e-01,3.947368264198303223e-01,4.761021435260772705e-01,4.261728227138519287e-01,3.319285511970520020e-01,4.776626229286193848e-01,3.923008739948272705e-01,2.519550621509552002e-01,4.729861021041870117e-01,3.914052844047546387e-01,2.340672016143798828e-01,2.100773751735687256e-01,2.437086552381515503e-01,1.885295361280441284e-01,1.670909076929092407e-01,1.537853926420211792e-01,1.327514946460723877e-01,1.308444738388061523e-01
9.616277217864990234e-01,7.654043436050415039e-01,6.774851083755493164e-01,9.826049208641052246e-01,8.013736605644226074e-01,4.651739299297332764e-01,9.845540523529052734e-01,6.759182810783386230e-01,4.313385486602783203e-01,9.821248650550842285e-01,4.687401354312896729e-01,3.772864341735839844e-01,9.174958467483520508e-01,7.749583721160888672e-01,7.269307971000671387e-01,8.761469721794128418e-01,7.410541176795959473e-01,4.826345145702362061e-01,8.186752796173095703e-01,4.390871822834014893e-01,3.140180110931396484e-01,7.895657420158386230e-01,5.202996134757995605e-01,3.816702961921691895e-01,6.181728243827819824e-01,4.545986950397491455e-01,3.481302261352539062e-01,5.616042613983154297e-01,4.258963167667388916e-01,3.032930493354797363e-01,5.284094214439392090e-01,5.177391767501831055e-01,4.385006725788116455e-01,5.261151790618896484e-01,4.926307201385498047e-01,3.427807986736297607e-01,5.154041647911071777e-01,3.788477182388305664e-01,2.185140401124954224e-01,5.001457929611206055e-01,3.938901722431182861e-01,2.960829138755798340e-01,3.367685973644256592e-01,3.051604628562927246e-01,2.298413217067718506e-01,2.765671014785766602e-01,1.864772289991378784e-01,1.570009291172027588e-01,2.072121500968933105e-01
6.143962144851684570e-01,6.598387360572814941e-01,5.631024837493896484e-01,6.535207629203796387e-01,8.433995246887207031e-01,7.783881425857543945e-01,6.759182810783386230e-01,9.428695440292358398e-01,7.820028066635131836e-01,6.929161548614501953e-01,8.637345433235168457e-01,7.337163090705871582e-01,5.481304526329040527e-01,2.718937098979949951e-01,3.511272370815277100e-01,6.260084509849548340e-01,8.335093855857849121e-01,7.292264103889465332e-01,6.554174423217773438e-01,5.177395343780517578e-01,4.473690390586853027e-01,6.412712335586547852e-01,5.514578223228454590e-01,4.178068041801452637e-01,5.071185827255249023e-01,3.967370986938476562e-01,3.522201478481292725e-01,5.013240575790405273e-01,4.580605328083038330e-01,3.829184472560882568e-01,4.995939433574676514e-01,4.706699550151824951e-01,4.022463262081146240e-01,5.037500262260437012e-01,4.615692794322967529e-01,3.462907671928405762e-01,5.025238990783691406e-01,4.152919948101043701e-01,2.570523321628570557e-01,4.948845505714416504e-01,4.083462059497833252e-01,2.532854080200195312e-01,2.386983633041381836e-01,2.631470859050750732e-01,2.020645737648010254e-01,1.917466968297958374e-01,1.635794937610626221e-01,1.399587094783782959e-01,1.490661203861236572e-01
3.916352689266204834e-01,4.854569733142852783e-01,4.081932008266448975e-01,4.094445705413818359e-01,6.385644674301147461e-01,6.616255640983581543e-01,4.313385486602783203e-01,7.820028066635131836e-01,8.237456679344177246e-01,5.577710270881652832e-01,9.325769543647766113e-01,8.611186742782592773e-01,4.498181343078613281e-01,1.882006525993347168e-01,2.819350659847259521e-01,5.511820316314697266e-01,7.380594015121459961e-01,6.816505193710327148e-01,5.950188636779785156e-01,5.157209038734436035e-01,4.692953228950500488e-01,5.937416553497314453e-01,5.532813072204589844e-01,4.216489195823669434e-01,4.726439118385314941e-01,3.878380060195922852e-01,3.627163767814636230e-01,4.821794033050537109e-01,4.573281109333038330e-01,3.974346220493316650e-01,4.901628196239471436e-01,4.584739506244659424e-01,3.962642252445220947e-01,4.975100159645080566e-01,4.548322856426239014e-01,3.511092066764831543e-01,5.006251335144042969e-01,4.162725210189819336e-01,2.609190344810485840e-01,4.954740107059478760e-01,4.080709815025329590e-01,2.415618151426315308e-01,2.211566120386123657e-01,2.526935935020446777e-01,1.941206008195877075e-01,1.752219796180725098e-01,1.583702117204666138e-01,1.353235840797424316e-01,1.353664845228195190e-01
9.550483822822570801e-01,7.620385885238647461e-01,6.732926368713378906e-01,9.788262248039245605e-01,8.059337735176086426e-01,4.932170808315277100e-01,9.821248650550842285e-01,6.929161548614501953e-01,5.577710270881652832e-01,9.829638600349426270e-01,5.728217363357543945e-01,4.869109094142913818e-01,9.160158038139343262e-01,7.544408440589904785e-01,7.256430983543395996e-01,8.937850594520568848e-01,7.862169742584228516e-01,5.498838424682617188e-01,8.481922149658203125e-01,4.895746111869812012e-01,3.692484498023986816e-01,8.216308951377868652e-01,5.691360831260681152e-01,4.200931787490844727e-01,6.442874670028686523e-01,4.826023578643798828e-01,3.824397325515747070e-01,5.953054428100585938e-01,4.680233299732208252e-01,3.463444709777832031e-01,5.669670104980468750e-01,5.513615608215332031e-01,4.678030312061309814e-01,5.664243698120117188e-01,5.283641219139099121e-01,3.749157786369323730e-01,5.576639771461486816e-01,4.187910854816436768e-01,2.463399767875671387e-01,5.428313016891479492e-01,4.310155808925628662e-01,3.114582598209381104e-01,3.439919650554656982e-01,3.208256959915161133e-01,2.417612522840499878e-01,2.807047367095947266e-01,1.965312212705612183e-01,1.654093712568283081e-01,2.106705456972122192e-01
3.956873416900634766e-01,4.620420932769775391e-01,3.821960389614105225e-01,4.394697546958923340e-01,6.680939197540283203e-01,8.366467952728271484e-01,4.687401354312896729e-01,8.637345433235168457e-01,9.325769543647766113e-01,5.728217363357543945e-01,9.721010923385620117e-01,9.161100983619689941e-01,4.489957690238952637e-01,1.998522430658340454e-01,3.122576177120208740e-01,5.631074905395507812e-01,7.500473856925964355e-01,7.421230673789978027e-01,6.174905300140380859e-01,5.602390766143798828e-01,5.187401175498962402e-01,6.161090731620788574e-01,5.884380340576171875e-01,4.468536674976348877e-01,4.867198169231414795e-01,4.054474532604217529e-01,3.884877562522888184e-01,5.040425062179565430e-01,4.909559190273284912e-01,4.329522252082824707e-01,5.168334841728210449e-01,4.810187220573425293e-01,4.111885130405426025e-01,5.249320864677429199e-01,4.808501601219177246e-01,3.779338002204895020e-01,5.304470658302307129e-01,4.484584331512451172e-01,2.875269353389739990e-01,5.255973339080810547e-01,4.366482794284820557e-01,2.500231862068176270e-01,2.193658649921417236e-01,2.597989737987518311e-01,1.984761208295822144e-01,1.710755228996276855e-01,1.632841974496841431e-01,1.390171349048614502e-01,1.324316114187240601e-01
2.989831864833831787e-01,3.352812230587005615e-01,2.731876075267791748e-01,3.476729989051818848e-01,5.341266393661499023e-01,8.063163161277770996e-01,3.772864341735839844e-01,7.337163090705871582e-01,8.611186742782592773e-01,4.869109094142913818e-01,9.161100983619689941e-01,9.721193909645080566e-01,4.369885027408599854e-01,1.763734668493270874e-01,2.961675524711608887e-01,5.729934573173522949e-01,7.034482955932617188e-01,7.126364111900329590e-01,6.493407487869262695e-01,6.634079217910766602e-01,6.076523661613464355e-01,6.639949083328247070e-01,7.025415897369384766e-01,5.725049972534179688e-01,5.802381038665771484e-01,5.257191061973571777e-01,5.148379802703857422e-01,6.028854250907897949e-01,5.885109305381774902e-01,5.247743725776672363e-01,6.111593246459960938e-01,5.582674741744995117e-01,4.805530607700347900e-01,6.126145720481872559e-01,5.585396885871887207e-01,4.420045614242553711e-01,6.154373884201049805e-01,5.182058811187744141e-01,3.403559327125549316e-01,6.088538169860839844e-01,5.049510002136230469e-01,3.066187798976898193e-01,2.804149091243743896e-01,3.153297901153564453e-01,2.450961470603942871e-01,2.216933667659759521e-01,2.010919004678726196e-01,1.744608730077743530e-01,1.757884770631790161e-01
8.707117438316345215e-01,6.079654097557067871e-01,5.197386145591735840e-01,9.152237772941589355e-01,6.653785109519958496e-01,4.213486611843109131e-01,9.174958467483520508e-01,5.481304526329040527e-01,4.498181343078613281e-01,9.160158038139343262e-01,4.489957690238952637e-01,4.369885027408599854e-01,9.642203450202941895e-01,8.325501084327697754e-01,7.910255789756774902e-01,9.544271826744079590e-01,7.363179922103881836e-01,5.103156566619873047e-01,9.204236865043640137e-01,6.004362702369689941e-01,4.517243206501007080e-01,9.050956964492797852e-01,6.821848154067993164e-01,5.434041023254394531e-01,7.690045237541198730e-01,6.358605623245239258e-01,5.206036567687988281e-01,7.161044478416442871e-01,5.630096793174743652e-01,4.192563891410827637e-01,6.755865216255187988e-01,6.396391391754150391e-01,5.473551154136657715e-01,6.694817543029785156e-01,6.196398138999938965e-01,4.381571710109710693e-01,6.560422182083129883e-01,4.838962852954864502e-01,2.917821407318115234e-01,6.379162073135375977e-01,5.073023438453674316e-01,3.827384114265441895e-01,4.279318451881408691e-01,3.901512622833251953e-01,2.947920858860015869e-01,3.483343124389648438e-01,2.385353893041610718e-01,2.024719864130020142e-01,2.629359662532806396e-01
7.285206913948059082e-01,3.375273346900939941e-01,2.381753325462341309e-01,7.772030830383300781e-01,4.137513041496276855e-01,2.149475812911987305e-01,7.749583721160888672e-01,2.718937098979949951e-01,1.882006525993347168e-01,7.544408440589904785e-01,1.998522430658340454e-01,1.763734668493270874e-01,8.325501084327697754e-01,8.391498923301696777e-01,7.394585609436035156e-01,6.962172389030456543e-01,3.534617722034454346e-01,1.779235154390335083e-01,6.290430426597595215e-01,3.493471741676330566e-01,2.377162873744964600e-01,6.136196851730346680e-01,3.759562969207763672e-01,2.802292704582214355e-01,4.919858872890472412e-01,4.459172189235687256e-01,3.379284441471099854e-01,4.482607543468475342e-01,3.125886619091033936e-01,1.991739720106124878e-01,4.110395312309265137e-01,3.732112646102905273e-01,3.052355051040649414e-01,4.101802110671997070e-01,3.725210428237915039e-01,2.442740499973297119e-01,4.014633595943450928e-01,2.650023400783538818e-01,1.486878544092178345e-01,3.883999586105346680e-01,3.013613224029541016e-01,2.319711893796920776e-01,2.661891281604766846e-01,2.332356274127960205e-01,1.629687994718551636e-01,2.109690606594085693e-01,1.335922926664352417e-01,1.070101931691169739e-01,1.516830325126647949e-01
6.632053256034851074e-01,3.360914289951324463e-01,2.366659939289093018e-01,7.246795892715454102e-01,4.633076190948486328e-01,3.243156075477600098e-01,7.269307971000671387e-01,3.511272370815277100e-01,2.819350659847259521e-01,7.256430983543395996e-01,3.122576177120208740e-01,2.961675524711608887e-01,7.910255789756774902e-01,7.394585609436035156e-01,7.762935757637023926e-01,7.008427977561950684e-01,4.273426830768585205e-01,2.782850563526153564e-01,6.669730544090270996e-01,4.656466841697692871e-01,3.691703379154205322e-01,6.602798104286193848e-01,4.778499901294708252e-01,3.723631799221038818e-01,5.479768514633178711e-01,5.071168541908264160e-01,4.117474853992462158e-01,5.212979912757873535e-01,4.076038897037506104e-01,2.965574562549591064e-01,4.916903078556060791e-01,4.502269327640533447e-01,3.779928386211395264e-01,4.939682185649871826e-01,4.444853961467742920e-01,3.076879978179931641e-01,4.861353933811187744e-01,3.624026775360107422e-01,2.279874682426452637e-01,4.738359749317169189e-01,3.843208253383636475e-01,2.735349833965301514e-01,2.826478779315948486e-01,2.741748094558715820e-01,1.978719085454940796e-01,2.239678204059600830e-01,1.604464501142501831e-01,1.317610442638397217e-01,1.668847203254699707e-01
8.146613836288452148e-01,6.143309473991394043e-01,5.283131003379821777e-01,8.692513704299926758e-01,7.012796401977539062e-01,5.265592336654663086e-01,8.761469721794128418e-01,6.260084509849548340e-01,5.511820316314697266e-01,8.937850594520568848e-01,5.631074905395507812e-01,5.729934573173522949e-01,9.544271826744079590e-01,6.962172389030456543e-01,7.008427977561950684e-01,9.749733209609985352e-01,7.984818220138549805e-01,5.863595604896545410e-01,9.635586738586425781e-01,6.909583210945129395e-01,5.435706377029418945e-01,9.546643495559692383e-01,7.690475583076477051e-01,6.213703155517578125e-01,8.287432789802551270e-01,6.978893280029296875e-01,5.860204696655273438e-01,7.840201258659362793e-01,6.412389278411865234e-01,4.949284493923187256e-01,7.476698756217956543e-01,7.074908018112182617e-01,6.091454625129699707e-01,7.426608204841613770e-01,6.860053539276123047e-01,4.934726357460021973e-01,7.297919392585754395e-01,5.557703375816345215e-01,3.466724753379821777e-01,7.115893959999084473e-01,5.730276703834533691e-01,4.213204681873321533e-01,4.569776058197021484e-01,4.294784963130950928e-01,3.271678984165191650e-01,3.717300593852996826e-01,2.640560567378997803e-01,2.254849523305892944e-01,2.831773757934570312e-01
6.875478029251098633e-01,7.027899026870727539e-01,6.265057325363159180e-01,7.278336882591247559e-01,8.165838122367858887e-01,6.411228179931640625e-01,7.410541176795959473e-01,8.335093855857849121e-01,7.380594015121459961e-01,7.862169742584228516e-01,7.500473856925964355e-01,7.034482955932617188e-01,7.363179922103881836e-01,3.534617722034454346e-01,4.273426830768585205e-01,7.984818220138549805e-01,8.589594960212707520e-01,6.882426738739013672e-01,8.887731432914733887e-01,7.310758829116821289e-01,6.050218939781188965e-01,8.794077038764953613e-01,7.583892345428466797e-01,6.129946708679199219e-01,7.752407789230346680e-01,6.311329007148742676e-01,5.476733446121215820e-01,7.467740178108215332e-01,6.506975889205932617e-01,5.294854640960693359e-01,7.269133329391479492e-01,7.016759514808654785e-01,5.979281663894653320e-01,7.239059805870056152e-01,6.720685362815856934e-01,5.032124519348144531e-01,7.161639332771301270e-01,5.753650665283203125e-01,3.649523854255676270e-01,6.993393898010253906e-01,5.741894841194152832e-01,4.070888757705688477e-01,4.252226948738098145e-01,4.172925651073455811e-01,3.213311135768890381e-01,3.457622826099395752e-01,2.588537931442260742e-01,2.228742688894271851e-01,2.667207121849060059e-01
4.089114964008331299e-01,4.533470571041107178e-01,3.877886831760406494e-01,4.647437334060668945e-01,6.258864402770996094e-01,5.947344899177551270e-01,4.826345145702362061e-01,7.292264103889465332e-01,6.816505193710327148e-01,5.498838424682617188e-01,7.421230673789978027e-01,7.126364111900329590e-01,5.103156566619873047e-01,1.779235154390335083e-01,2.782850563526153564e-01,5.863595604896545410e-01,6.882426738739013672e-01,7.689311504364013672e-01,7.694092988967895508e-01,6.957349777221679688e-01,6.278445124626159668e-01,7.643471956253051758e-01,7.148485183715820312e-01,5.740891695022583008e-01,6.689670085906982422e-01,5.446172356605529785e-01,4.960104823112487793e-01,6.663338541984558105e-01,6.213917732238769531e-01,5.309404730796813965e-01,6.654120683670043945e-01,6.380242705345153809e-01,5.397923588752746582e-01,6.670252084732055664e-01,6.123142242431640625e-01,4.692762494087219238e-01,6.651577353477478027e-01,5.592791438102722168e-01,3.623060882091522217e-01,6.520546078681945801e-01,5.386075377464294434e-01,3.457479178905487061e-01,3.346379995346069336e-01,3.542740345001220703e-01,2.722354531288146973e-01,2.664958834648132324e-01,2.204657793045043945e-01,1.891669183969497681e-01,2.064862400293350220e-01
7.527391314506530762e-01,5.930192470550537109e-01,5.107831954956054688e-01,8.091050386428833008e-01,6.974803209304809570e-01,5.695373415946960449e-01,8.186752796173095703e-01,6.554174423217773438e-01,5.950188636779785156e-01,8.481922149658203125e-01,6.174905300140380859e-01,6.493407487869262695e-01,9.204236865043640137e-01,6.290430426597595215e-01,6.669730544090270996e-01,9.635586738586425781e-01,8.887731432914733887e-01,7.694092988967895508e-01,9.755758643150329590e-01,7.818284034729003906e-01,6.476703882217407227e-01,9.740574359893798828e-01,8.480984568595886230e-01,6.980908513069152832e-01,8.677293658256530762e-01,7.418156862258911133e-01,6.457573175430297852e-01,8.373544216156005859e-01,7.158706784248352051e-01,5.747829079627990723e-01,8.089078068733215332e-01,7.670246958732604980e-01,6.590861678123474121e-01,8.037620782852172852e-01,7.402028441429138184e-01,5.442849993705749512e-01,7.925313711166381836e-01,6.250163316726684570e-01,3.987699449062347412e-01,7.745242118835449219e-01,6.309375762939453125e-01,4.512465000152587891e-01,4.747841656208038330e-01,4.611555933952331543e-01,3.540086150169372559e-01,3.850060701370239258e-01,2.850883305072784424e-01,2.447320967912673950e-01,2.955867350101470947e-01
3.754951953887939453e-01,3.217325508594512939e-01,2.664021253585815430e-01,4.249257147312164307e-01,4.534366428852081299e-01,5.177444815635681152e-01,4.390871822834014893e-01,5.177395343780517578e-01,5.157209038734436035e-01,4.895746111869812012e-01,5.602390766143798828e-01,6.634079217910766602e-01,6.004362702369689941e-01,3.493471741676330566e-01,4.656466841697692871e-01,6.909583210945129395e-01,7.310758829116821289e-01,6.957349777221679688e-01,7.818284034729003906e-01,8.757938742637634277e-01,8.185600042343139648e-01,7.880744934082031250e-01,8.730282783508300781e-01,7.822144031524658203e-01,7.927839756011962891e-01,7.643431425094604492e-01,7.610359191894531250e-01,8.219014406204223633e-01,7.956274151802062988e-01,6.981633305549621582e-01,8.195730447769165039e-01,7.454904913902282715e-01,6.330935955047607422e-01,8.101824522018432617e-01,7.277898192405700684e-01,5.609812140464782715e-01,8.029071092605590820e-01,7.100224494934082031e-01,4.915398061275482178e-01,7.879406809806823730e-01,6.539773941040039062e-01,4.266311824321746826e-01,3.960874378681182861e-01,4.375819861888885498e-01,3.395702540874481201e-01,3.137394189834594727e-01,2.694256305694580078e-01,2.348346859216690063e-01,2.497645616531372070e-01
2.566731274127960205e-01,2.280491888523101807e-01,1.834197640419006348e-01,2.993543148040771484e-01,3.608756363391876221e-01,4.739648699760437012e-01,3.140180110931396484e-01,4.473690390586853027e-01,4.692953228950500488e-01,3.692484498023986816e-01,5.187401175498962402e-01,6.076523661613464355e-01,4.517243206501007080e-01,2.377162873744964600e-01,3.691703379154205322e-01,5.435706377029418945e-01,6.050218939781188965e-01,6.278445124626159668e-01,6.476703882217407227e-01,8.185600042343139648e-01,8.437097072601318359e-01,6.447136998176574707e-01,7.593539953231811523e-01,6.841971874237060547e-01,6.476930379867553711e-01,6.211529970169067383e-01,6.486747264862060547e-01,7.031040787696838379e-01,7.192186117172241211e-01,6.556119322776794434e-01,7.213115692138671875e-01,6.591020822525024414e-01,5.535271763801574707e-01,7.182374000549316406e-01,6.407375335693359375e-01,5.038601160049438477e-01,7.174543142318725586e-01,6.675212383270263672e-01,4.786165654659271240e-01,7.081137299537658691e-01,6.009349226951599121e-01,3.696600198745727539e-01,3.216789662837982178e-01,3.790996670722961426e-01,2.947207391262054443e-01,2.542032301425933838e-01,2.358787059783935547e-01,2.028906345367431641e-01,2.027792781591415405e-01
7.231895923614501953e-01,5.739153623580932617e-01,4.958202242851257324e-01,7.795354723930358887e-01,6.761499643325805664e-01,5.712963342666625977e-01,7.895657420158386230e-01,6.412712335586547852e-01,5.937416553497314453e-01,8.216308951377868652e-01,6.161090731620788574e-01,6.639949083328247070e-01,9.050956964492797852e-01,6.136196851730346680e-01,6.602798104286193848e-01,9.546643495559692383e-01,8.794077038764953613e-01,7.643471956253051758e-01,9.740574359893798828e-01,7.880744934082031250e-01,6.447136998176574707e-01,9.759472012519836426e-01,8.857270479202270508e-01,7.455216050148010254e-01,8.916451930999755859e-01,7.756450176239013672e-01,6.896541714668273926e-01,8.697378039360046387e-01,7.575495243072509766e-01,6.186382174491882324e-01,8.446886539459228516e-01,7.981666922569274902e-01,6.878513693809509277e-01,8.390284180641174316e-01,7.690516710281372070e-01,5.699276328086853027e-01,8.278421163558959961e-01,6.640622019767761230e-01,4.314190447330474854e-01,8.102546930313110352e-01,6.650147438049316406e-01,4.743808209896087646e-01,4.927929937839508057e-01,4.846418797969818115e-01,3.743954598903656006e-01,4.003983139991760254e-01,3.013596832752227783e-01,2.587334811687469482e-01,3.091880977153778076e-01
4.554446935653686523e-01,3.984588980674743652e-01,3.440243303775787354e-01,5.069220066070556641e-01,5.185295343399047852e-01,5.357003808021545410e-01,5.202996134757995605e-01,5.514578223228454590e-01,5.532813072204589844e-01,5.691360831260681152e-01,5.884380340576171875e-01,7.025415897369384766e-01,6.821848154067993164e-01,3.759562969207763672e-01,4.778499901294708252e-01,7.690475583076477051e-01,7.583892345428466797e-01,7.148485183715820312e-01,8.480984568595886230e-01,8.730282783508300781e-01,7.593539953231811523e-01,8.857270479202270508e-01,9.548100829124450684e-01,8.806051611900329590e-01,8.998100161552429199e-01,8.385483026504516602e-01,7.908237576484680176e-01,9.055163860321044922e-01,8.428025841712951660e-01,7.230865955352783203e-01,8.921105265617370605e-01,8.243644833564758301e-01,7.110881209373474121e-01,8.818850517272949219e-01,7.976183891296386719e-01,6.092991232872009277e-01,8.711000084877014160e-01,7.391558885574340820e-01,5.018573403358459473e-01,8.562471866607666016e-01,7.247989773750305176e-01,5.170311927795410156e-01,5.092074871063232422e-01,5.252070426940917969e-01,4.158096909523010254e-01,4.148218333721160889e-01,3.318150639533996582e-01,2.881024777889251709e-01,3.311159312725067139e-01
3.301534950733184814e-01,2.991674840450286865e-01,2.641758620738983154e-01,3.713097274303436279e-01,3.915073275566101074e-01,4.110902845859527588e-01,3.816702961921691895e-01,4.178068041801452637e-01,4.216489195823669434e-01,4.200931787490844727e-01,4.468536674976348877e-01,5.725049972534179688e-01,5.434041023254394531e-01,2.802292704582214355e-01,3.723631799221038818e-01,6.213703155517578125e-01,6.129946708679199219e-01,5.740891695022583008e-01,6.980908513069152832e-01,7.822144031524658203e-01,6.841971874237060547e-01,7.455216050148010254e-01,8.806051611900329590e-01,9.236571192741394043e-01,8.792384266853332520e-01,8.454869389533996582e-01,8.109834790229797363e-01,8.846473097801208496e-01,8.257173299789428711e-01,7.206349968910217285e-01,8.690047860145568848e-01,7.870644927024841309e-01,6.844602227210998535e-01,8.521785140037536621e-01,7.594383955001831055e-01,5.849318504333496094e-01,8.377134799957275391e-01,7.188971638679504395e-01,5.028802752494812012e-01,8.243542909622192383e-01,7.137104272842407227e-01,5.531322360038757324e-01,5.517230629920959473e-01,5.597850084304809570e-01,4.538875222206115723e-01,4.576279222965240479e-01,3.621231317520141602e-01,3.165665268898010254e-01,3.725628852844238281e-01
5.619993209838867188e-01,4.549460709095001221e-01,3.992731273174285889e-01,6.101659536361694336e-01,5.369333028793334961e-01,4.564429819583892822e-01,6.181728243827819824e-01,5.071185827255249023e-01,4.726439118385314941e-01,6.442874670028686523e-01,4.867198169231414795e-01,5.802381038665771484e-01,7.690045237541198730e-01,4.919858872890472412e-01,5.479768514633178711e-01,8.287432789802551270e-01,7.752407789230346680e-01,6.689670085906982422e-01,8.677293658256530762e-01,7.927839756011962891e-01,6.476930379867553711e-01,8.916451930999755859e-01,8.998100161552429199e-01,8.792384266853332520e-01,9.526054859161376953e-01,8.868932127952575684e-01,8.156605362892150879e-01,9.389536380767822266e-01,8.417988419532775879e-01,7.062152624130249023e-01,9.127699136734008789e-01,8.449322581291198730e-01,7.356877326965332031e-01,9.003078341484069824e-01,8.143507242202758789e-01,6.111931204795837402e-01,8.845592141151428223e-01,7.311928272247314453e-01,4.950235784053802490e-01,8.684109449386596680e-01,7.424925565719604492e-01,5.769276618957519531e-01,5.920754671096801758e-01,5.836047530174255371e-01,4.662179350852966309e-01,4.904552996158599854e-01,3.735653758049011230e-01,3.232518732547760010e-01,3.910259604454040527e-01
3.926740586757659912e-01,3.157784342765808105e-01,2.779061496257781982e-01,4.470374286174774170e-01,3.863699138164520264e-01,3.743564486503601074e-01,4.545986950397491455e-01,3.967370986938476562e-01,3.878380060195922852e-01,4.826023578643798828e-01,4.054474532604217529e-01,5.257191061973571777e-01,6.358605623245239258e-01,4.459172189235687256e-01,5.071168541908264160e-01,6.978893280029296875e-01,6.311329007148742676e-01,5.446172356605529785e-01,7.418156862258911133e-01,7.643431425094604492e-01,6.211529970169067383e-01,7.756450176239013672e-01,8.385483026504516602e-01,8.454869389533996582e-01,8.868932127952575684e-01,9.156301021575927734e-01,8.811110854148864746e-01,9.075770974159240723e-01,8.334542512893676758e-01,7.093724012374877930e-01,8.831759095191955566e-01,7.967332005500793457e-01,6.899499297142028809e-01,8.655533194541931152e-01,7.847677469253540039e-01,5.943495631217956543e-01,8.492822051048278809e-01,7.256719470024108887e-01,5.069689154624938965e-01,8.328881859779357910e-01,7.149211764335632324e-01,5.612559914588928223e-01,5.658978223800659180e-01,5.657200217247009277e-01,4.519596993923187256e-01,4.647431373596191406e-01,3.583152890205383301e-01,3.153049647808074951e-01,3.778012096881866455e-01
2.912731766700744629e-01,2.367903143167495728e-01,2.049486935138702393e-01,3.393956124782562256e-01,3.167761862277984619e-01,3.504314124584197998e-01,3.481302261352539062e-01,3.522201478481292725e-01,3.627163767814636230e-01,3.824397325515747070e-01,3.884877562522888184e-01,5.148379802703857422e-01,5.206036567687988281e-01,3.379284441471099854e-01,4.117474853992462158e-01,5.860204696655273438e-01,5.476733446121215820e-01,4.960104823112487793e-01,6.457573175430297852e-01,7.610359191894531250e-01,6.486747264862060547e-01,6.896541714668273926e-01,7.908237576484680176e-01,8.109834790229797363e-01,8.156605362892150879e-01,8.811110854148864746e-01,9.028254747390747070e-01,8.556289672851562500e-01,8.070743680000305176e-01,7.228053808212280273e-01,8.478955626487731934e-01,7.459934949874877930e-01,6.501452922821044922e-01,8.323221802711486816e-01,7.537658810615539551e-01,5.872486829757690430e-01,8.201238512992858887e-01,7.314041256904602051e-01,5.385411977767944336e-01,8.057370185852050781e-01,6.912328600883483887e-01,5.300143957138061523e-01,5.094066858291625977e-01,5.328064560890197754e-01,4.317908883094787598e-01,4.153115153312683105e-01,3.401437699794769287e-01,3.012618124485015869e-01,3.432731032371520996e-01
5.020571947097778320e-01,4.098024964332580566e-01,3.566465973854064941e-01,5.520876049995422363e-01,5.031759738922119141e-01,4.626916646957397461e-01,5.616042613983154297e-01,5.013240575790405273e-01,4.821794033050537109e-01,5.953054428100585938e-01,5.040425062179565430e-01,6.028854250907897949e-01,7.161044478416442871e-01,4.482607543468475342e-01,5.212979912757873535e-01,7.840201258659362793e-01,7.467740178108215332e-01,6.663338541984558105e-01,8.373544216156005859e-01,8.219014406204223633e-01,7.031040787696838379e-01,8.697378039360046387e-01,9.055163860321044922e-01,8.846473097801208496e-01,9.389536380767822266e-01,9.075770974159240723e-01,8.556289672851562500e-01,9.454003572463989258e-01,8.776286244392395020e-01,7.631602883338928223e-01,9.356954097747802734e-01,8.624063730239868164e-01,7.524350285530090332e-01,9.263979196548461914e-01,8.433568477630615234e-01,6.527283787727355957e-01,9.153720736503601074e-01,7.914201021194458008e-01,5.592287182807922363e-01,9.015992283821105957e-01,7.822061181068420410e-01,5.960873961448669434e-01,5.889770984649658203e-01,6.016803383827209473e-01,4.862797558307647705e-01,4.882062077522277832e-01,3.902841806411743164e-01,3.386227488517761230e-01,3.941640257835388184e-01
3.689937293529510498e-01,3.158867359161376953e-01,2.689535617828369141e-01,4.147128462791442871e-01,4.189264476299285889e-01,4.384624660015106201e-01,4.258963167667388916e-01,4.580605328083038330e-01,4.573281109333038330e-01,4.680233299732208252e-01,4.909559190273284912e-01,5.885109305381774902e-01,5.630096793174743652e-01,3.125886619091033936e-01,4.076038897037506104e-01,6.412389278411865234e-01,6.506975889205932617e-01,6.213917732238769531e-01,7.158706784248352051e-01,7.956274151802062988e-01,7.192186117172241211e-01,7.575495243072509766e-01,8.428025841712951660e-01,8.257173299789428711e-01,8.417988419532775879e-01,8.334542512893676758e-01,8.070743680000305176e-01,8.776286244392395020e-01,8.806544542312622070e-01,7.840476632118225098e-01,9.086287617683410645e-01,8.437812924385070801e-01,7.348718047142028809e-01,9.030422568321228027e-01,8.236529231071472168e-01,6.511923670768737793e-01,8.963364958763122559e-01,8.059697747230529785e-01,5.838894248008728027e-01,8.865223526954650879e-01,7.887941598892211914e-01,5.877940654754638672e-01,5.595430135726928711e-01,5.926062464714050293e-01,4.822376966476440430e-01,4.654037654399871826e-01,3.888820707798004150e-01,3.328731656074523926e-01,3.763917982578277588e-01
2.555846869945526123e-01,2.309110909700393677e-01,1.957398951053619385e-01,2.921500504016876221e-01,3.262600898742675781e-01,3.816848993301391602e-01,3.032930493354797363e-01,3.829184472560882568e-01,3.974346220493316650e-01,3.463444709777832031e-01,4.329522252082824707e-01,5.247743725776672363e-01,4.192563891410827637e-01,1.991739720106124878e-01,2.965574562549591064e-01,4.949284493923187256e-01,5.294854640960693359e-01,5.309404730796813965e-01,5.747829079627990723e-01,6.981633305549621582e-01,6.556119322776794434e-01,6.186382174491882324e-01,7.230865955352783203e-01,7.206349968910217285e-01,7.062152624130249023e-01,7.093724012374877930e-01,7.228053808212280273e-01,7.631602883338928223e-01,7.840476632118225098e-01,7.912750244140625000e-01,8.557859659194946289e-01,7.962214350700378418e-01,7.163630127906799316e-01,8.554620742797851562e-01,7.824712395668029785e-01,6.591289639472961426e-01,8.568207025527954102e-01,8.083481192588806152e-01,6.261723041534423828e-01,8.530400395393371582e-01,7.865886092185974121e-01,6.068727970123291016e-01,5.588895678520202637e-01,6.092258095741271973e-01,5.228233933448791504e-01,4.780802428722381592e-01,4.187807440757751465e-01,3.598631322383880615e-01,3.964536190032958984e-01
4.683537185192108154e-01,3.850271403789520264e-01,3.322804570198059082e-01,5.177751183509826660e-01,4.856665730476379395e-01,4.698601961135864258e-01,5.284094214439392090e-01,4.995939433574676514e-01,4.901628196239471436e-01,5.669670104980468750e-01,5.168334841728210449e-01,6.111593246459960938e-01,6.755865216255187988e-01,4.110395312309265137e-01,4.916903078556060791e-01,7.476698756217956543e-01,7.269133329391479492e-01,6.654120683670043945e-01,8.089078068733215332e-01,8.195730447769165039e-01,7.213115692138671875e-01,8.446886539459228516e-01,8.921105265617370605e-01,8.690047860145568848e-01,9.127699136734008789e-01,8.831759095191955566e-01,8.478955626487731934e-01,9.356954097747802734e-01,9.086287617683410645e-01,8.557859659194946289e-01,9.288244843482971191e-01,8.630766868591308594e-01,7.648278474807739258e-01,9.271098375320434570e-01,8.496040105819702148e-01,6.855157613754272461e-01,9.241232872009277344e-01,8.254346251487731934e-01,6.070174574851989746e-01,9.172146320343017578e-01,8.264643549919128418e-01,6.436497569084167480e-01,6.191104054450988770e-01,6.472369432449340820e-01,5.412454605102539062e-01,5.258705019950866699e-01,4.384279549121856689e-01,3.779634535312652588e-01,4.305309355258941650e-01
4.767735302448272705e-01,3.840911090373992920e-01,3.271729648113250732e-01,5.077033042907714844e-01,4.803355634212493896e-01,4.552643597126007080e-01,5.177391767501831055e-01,4.706699550151824951e-01,4.584739506244659424e-01,5.513615608215332031e-01,4.810187220573425293e-01,5.582674741744995117e-01,6.396391391754150391e-01,3.732112646102905273e-01,4.502269327640533447e-01,7.074908018112182617e-01,7.016759514808654785e-01,6.380242705345153809e-01,7.670246958732604980e-01,7.454904913902282715e-01,6.591020822525024414e-01,7.981666922569274902e-01,8.243644833564758301e-01,7.870644927024841309e-01,8.449322581291198730e-01,7.967332005500793457e-01,7.459934949874877930e-01,8.624063730239868164e-01,8.437812924385070801e-01,7.962214350700378418e-01,8.630766868591308594e-01,7.814058065414428711e-01,7.000237107276916504e-01,8.428797721862792969e-01,7.789571285247802734e-01,6.413308978080749512e-01,8.411728143692016602e-01,8.117600083351135254e-01,6.444274783134460449e-01,8.436107039451599121e-01,7.955049872398376465e-01,6.308340430259704590e-01,5.811733603477478027e-01,6.333968639373779297e-01,5.466455221176147461e-01,5.013741254806518555e-01,4.384182095527648926e-01,3.844937980175018311e-01,4.199264943599700928e-01
