9.766832022610598685e-01,5.925194453213348256e-01,6.034545746237450770e-01,4.388636679779658878e-01,3.834497510291137168e-01,3.297821951837500154e-01,3.087190646443664366e-01
5.925194453213348256e-01,9.874584067565894685e-01,7.923722695926850301e-01,6.257837498189776637e-01,5.715558300223109178e-01,5.056239611553899893e-01,4.522149437921398341e-01
6.034545746237450770e-01,7.923722695926850301e-01,9.942448051993700853e-01,9.276787675381880094e-01,8.979711879657349405e-01,8.406436986800565059e-01,7.208144283707709210e-01
4.388636679779658878e-01,6.257837498189776637e-01,9.276787675381880094e-01,9.906603430248274167e-01,9.654091648109530688e-01,9.183386786785717737e-01,7.847842985212936107e-01
3.834497510291137168e-01,5.715558300223109178e-01,8.979711879657349405e-01,9.654091648109530688e-01,9.878288829704610086e-01,9.358483146017970711e-01,8.353127666850843625e-01
3.297821951837500154e-01,5.056239611553899893e-01,8.406436986800565059e-01,9.183386786785717737e-01,9.358483146017970711e-01,9.847850724123800026e-01,8.450009679274784746e-01
3.087190646443664366e-01,4.522149437921398341e-01,7.208144283707709210e-01,7.847842985212936107e-01,8.353127666850843625e-01,8.450009679274784746e-01,9.502553229307241223e-01
