9.738071872444934440e-01,6.494553609236088931e-01,6.600785955801743432e-01,5.185253636458788673e-01,4.812779777271923853e-01,4.050283182887748357e-01,3.941790245131259751e-01
6.494553609236088931e-01,9.420237448591030072e-01,7.995319851480805484e-01,6.736640311840396134e-01,6.160696279751826099e-01,5.372604578806750020e-01,5.014719796195153956e-01
6.600785955801743432e-01,7.995319851480805484e-01,9.909820134673976710e-01,9.356608196855377146e-01,9.066734203423394423e-01,8.504325993893478985e-01,7.569225029199703192e-01
5.185253636458788673e-01,6.736640311840396134e-01,9.356608196855377146e-01,9.906412523630581113e-01,9.659577937418202254e-01,9.205866009291318042e-01,8.124541121350438155e-01
4.812779777271923853e-01,6.160696279751826099e-01,9.066734203423394423e-01,9.659577937418202254e-01,9.892328559006938749e-01,9.407546878657616629e-01,8.552079804697755305e-01
4.050283182887748357e-01,5.372604578806750020e-01,8.504325993893478985e-01,9.205866009291318042e-01,9.407546878657616629e-01,9.875367886652083316e-01,8.707159016898321502e-01
3.941790245131259751e-01,5.014719796195153956e-01,7.569225029199703192e-01,8.124541121350438155e-01,8.552079804697755305e-01,8.707159016898321502e-01,9.590375574712753926e-01
