9.914398193359375000e-01,4.796819686889648438e-01,9.483523738982635320e-22,9.592444896697998047e-01,1.281312201172113419e-02,0.000000000000000000e+00,9.593159556388854980e-01,1.204366446472704411e-03,-3.110301289085602767e-21,9.593149423599243164e-01,2.244320698082447052e-03,-4.761497982893145923e-21,9.015736579895019531e-01,3.316923482543643331e-07,-6.625413783962146807e-22,9.002535939216613770e-01,3.874497735978366109e-07,4.586160886093773194e-23,8.994981050491333008e-01,1.364261152048129588e-06,-8.680790272981205098e-24,8.987960219383239746e-01,4.018165782326832414e-05,4.233487756826521143e-21,8.663650751113891602e-01,1.809267047292451025e-07,-3.275605625676673437e-25,8.653295040130615234e-01,1.236886859601327160e-08,2.840587145504995222e-24,8.647222518920898438e-01,7.873110163814089901e-09,7.609498231029345762e-24,8.641377091407775879e-01,6.287186771203323588e-09,-3.275605625676673437e-25,8.636822104454040527e-01,3.889109922994293811e-09,-1.310283566860580325e-24,8.633797764778137207e-01,2.920390373972736597e-09,-6.426061565019086344e-23,7.361907362937927246e-01,2.537284382597704280e-09,8.727464017299511483e-27,7.361344099044799805e-01,1.242505098808521780e-09,0.000000000000000000e+00,7.360790967941284180e-01
4.796819686889648438e-01,2.157953232526779175e-01,-6.251891490110235854e-24,6.432504057884216309e-01,1.505743057350628078e-05,0.000000000000000000e+00,6.425140500068664551e-01,2.842130470526171848e-06,-3.791610242707764319e-24,6.425022482872009277e-01,5.648552814818685874e-06,-1.470556160873016466e-23,6.036008596420288086e-01,1.009204164681420934e-09,-6.062814547333695471e-24,6.026222705841064453e-01,7.591735573519997615e-10,3.682771005006808168e-25,6.029297709465026855e-01,1.980984487559567242e-09,2.760484631467043241e-25,6.031121611595153809e-01,1.319967140034350450e-07,4.370809116488765005e-23,5.615068078041076660e-01,3.048004904027123985e-10,2.424853892801658673e-28,5.609354972839355469e-01,3.025675196499655328e-11,-2.466778468703396835e-29,5.606396794319152832e-01,2.017914134400111692e-11,8.651827663928371548e-26,5.600140690803527832e-01,1.583810513294814371e-11,2.424853892801658673e-28,5.595102310180664062e-01,9.761260376384139903e-12,9.685635542454544018e-28,5.591816902160644531e-01,7.044483919804722660e-12,-5.534921747157117365e-25,4.622000455856323242e-01,6.090639711325840366e-12,-3.579986890954708988e-29,4.621983170509338379e-01,3.104221740768409177e-12,0.000000000000000000e+00,4.621972739696502686e-01
9.483523738982635320e-22,-6.251891490110235854e-24,-4.895361642934365780e-25,4.297357499599456787e-01,1.263828380615450442e-06,0.000000000000000000e+00,4.286874532699584961e-01,1.912889899813308148e-07,-6.440255499843682748e-25,4.286676943302154541e-01,6.273993449212866835e-07,-3.891741491395018603e-25,3.880792856216430664e-01,1.324583220885244828e-10,-5.872415177857165215e-25,3.880248069763183594e-01,4.366255967891419232e-11,2.839221023306427091e-26,3.890320658683776855e-01,1.466514271131202918e-10,5.760245073591526493e-26,3.895577788352966309e-01,1.280948946913440523e-08,5.981895167828387133e-24,3.582877516746520996e-01,1.921498897494711144e-11,-8.222388119011981125e-28,3.575849235057830811e-01,2.635584242169364266e-12,8.122873392855548262e-28,3.571688234806060791e-01,1.698781306597174634e-12,-1.276728812048436649e-27,3.561976552009582520e-01,1.158484549609872793e-12,-8.222388119011981125e-28,3.553933501243591309e-01,6.774420434341177355e-13,-3.289177114734385860e-27,3.547799289226531982e-01,4.088546721233571324e-13,-4.713170272569046999e-26,2.614725232124328613e-01,5.090730354623262954e-13,-7.819918052404562993e-30,2.614879310131072998e-01,2.833243351301611979e-13,0.000000000000000000e+00,2.615040540695190430e-01
9.592444896697998047e-01,6.432504057884216309e-01,4.297357499599456787e-01,9.866452217102050781e-01,7.138844579458236694e-03,0.000000000000000000e+00,9.865397214889526367e-01,7.062398944981396198e-04,-1.503939662598476860e-21,9.865383505821228027e-01,1.597275491803884506e-03,-2.369260753285854191e-21,9.577051401138305664e-01,2.152578701952734264e-07,-7.375142139574403013e-22,9.570617675781250000e-01,2.178675231334636919e-07,4.689439186894032237e-23,9.568048715591430664e-01,7.585256867059797514e-07,3.115985745037978476e-23,9.564792513847351074e-01,2.690164183150045574e-05,3.365892424325602328e-21,9.126911759376525879e-01,1.026878635457251221e-07,-1.028833625184408004e-25,9.119439125061035156e-01,7.630895915156088449e-09,1.283517121915978784e-24,9.112872481346130371e-01,4.882259929672727594e-09,-1.648011880895157731e-24,9.103932976722717285e-01,3.809069948346177625e-09,-1.028833625184408004e-25,9.096592664718627930e-01,2.292452228047636709e-09,-4.116345721810512202e-25,9.090549349784851074e-01,1.698043816666938710e-09,-6.539257425119783946e-23,7.829664349555969238e-01,1.641958680131949677e-09,2.291315254913443413e-27,7.829247117042541504e-01,8.040436649814353132e-10,0.000000000000000000e+00,7.828841209411621094e-01
1.281312201172113419e-02,1.505743057350628078e-05,1.263828380615450442e-06,7.138844579458236694e-03,3.397460845460570558e-22,0.000000000000000000e+00,4.764631688594818115e-01,7.458197864851576582e-24,0.000000000000000000e+00,4.764295816421508789e-01,2.758857369191753338e-23,0.000000000000000000e+00,4.316487610340118408e-01,2.503757461138005167e-27,0.000000000000000000e+00,4.319500625133514404e-01,8.807904718472722040e-27,0.000000000000000000e+00,4.314315915107727051e-01,2.610111472675748208e-26,0.000000000000000000e+00,4.312036335468292236e-01,3.567692222672199847e-25,0.000000000000000000e+00,3.915364444255828857e-01,1.681279256144719721e-27,0.000000000000000000e+00,3.895359039306640625e-01,6.871503781867344444e-29,0.000000000000000000e+00,3.878506720066070557e-01,4.064397392420094171e-29,0.000000000000000000e+00,3.861030042171478271e-01,3.181500851178498902e-29,0.000000000000000000e+00,3.844562768936157227e-01,1.134508003730019740e-29,0.000000000000000000e+00,3.829508125782012939e-01,1.136971538962789444e-29,0.000000000000000000e+00,2.802968919277191162e-01,1.528852993199243459e-29,0.000000000000000000e+00,2.802565693855285645e-01,7.334564146192981875e-30,0.000000000000000000e+00,2.802187204360961914e-01
0.000000000000000000e+00,0.000000000000000000e+00,0.000000000000000000e+00,0.000000000000000000e+00,0.000000000000000000e+00,0.000000000000000000e+00,-1.072285188195606103e-18,0.000000000000000000e+00,0.000000000000000000e+00,-1.071989367729041826e-18,0.000000000000000000e+00,0.000000000000000000e+00,-3.728945194037651282e-19,0.000000000000000000e+00,0.000000000000000000e+00,-3.687988121488912385e-19,0.000000000000000000e+00,0.000000000000000000e+00,-3.662593159695651590e-19,0.000000000000000000e+00,0.000000000000000000e+00,-3.653677445162037066e-19,0.000000000000000000e+00,0.000000000000000000e+00,-8.354379430178382736e-20,0.000000000000000000e+00,0.000000000000000000e+00,-8.286317329166900371e-20,0.000000000000000000e+00,0.000000000000000000e+00,-8.268178809297261011e-20,0.000000000000000000e+00,0.000000000000000000e+00,-8.269714263309312569e-20,0.000000000000000000e+00,0.000000000000000000e+00,-8.273018462115549780e-20,0.000000000000000000e+00,0.000000000000000000e+00,-8.277706895978106198e-20,0.000000000000000000e+00,0.000000000000000000e+00,-9.799435525974965574e-20,0.000000000000000000e+00,0.000000000000000000e+00,-9.795819841969313863e-20,0.000000000000000000e+00,0.000000000000000000e+00,-9.792304970600817053e-20
9.593159556388854980e-01,6.425140500068664551e-01,4.286874532699584961e-01,9.865397214889526367e-01,4.764631688594818115e-01,-1.072285188195606103e-18,9.864781498908996582e-01,7.053958834148943424e-04,-1.486021387644865413e-21,9.864768385887145996e-01,1.595848705619573593e-03,-2.359993745485846052e-21,9.575884938240051270e-01,2.149593285594164627e-07,-7.362953039520162444e-22,9.569450020790100098e-01,2.176193021341532585e-07,4.676853384467774126e-23,9.566881060600280762e-01,7.578486815873475280e-07,3.158494934865442095e-23,9.563615918159484863e-01,2.685738036234397441e-05,3.383385395966216540e-21,9.125876426696777344e-01,1.025744822413798829e-07,-1.050275234366864428e-25,9.118369817733764648e-01,7.616396402454483905e-09,1.282558360093295797e-24,9.111782312393188477e-01,4.872943826228492981e-09,-1.743392264084525047e-24,9.102826118469238281e-01,3.800688652688677394e-09,-1.050275234366864428e-25,9.095470905303955078e-01,2.287654732313626482e-09,-4.202105256007417211e-25,9.089413881301879883e-01,1.694705598076495789e-09,-6.525870771102545465e-23,7.828289866447448730e-01,1.639294699984361614e-09,2.347607683478954614e-27,7.827872037887573242e-01,8.025659581356592298e-10,0.000000000000000000e+00,7.827465534210205078e-01
1.204366446472704411e-03,2.842130470526171848e-06,1.912889899813308148e-07,7.062398944981396198e-04,7.458197864851576582e-24,0.000000000000000000e+00,7.053958834148943424e-04,1.602939326999223695e-24,0.000000000000000000e+00,5.305228233337402344e-01,7.653808548075609995e-24,0.000000000000000000e+00,4.807072877883911133e-01,1.366807348145847031e-27,0.000000000000000000e+00,4.805587828159332275e-01,2.851744113139612877e-27,0.000000000000000000e+00,4.795428514480590820e-01,1.225912033426411687e-26,0.000000000000000000e+00,4.788905680179595947e-01,1.387573791771419399e-25,0.000000000000000000e+00,4.123930633068084717e-01,9.503480125349427057e-28,0.000000000000000000e+00,4.108111262321472168e-01,4.274862715816177495e-29,0.000000000000000000e+00,4.096486568450927734e-01,2.198597990162165927e-29,0.000000000000000000e+00,4.086748063564300537e-01,1.280440680904378474e-29,0.000000000000000000e+00,4.077466428279876709e-01,6.187643523971386400e-30,0.000000000000000000e+00,4.068948626518249512e-01,4.438949163507347242e-30,0.000000000000000000e+00,3.099580705165863037e-01,8.073216960543479873e-30,0.000000000000000000e+00,3.099149763584136963e-01,3.826623811813730443e-30,0.000000000000000000e+00,3.098741173744201660e-01
-3.110301289085602767e-21,-3.791610242707764319e-24,-6.440255499843682748e-25,-1.503939662598476860e-21,0.000000000000000000e+00,0.000000000000000000e+00,-1.486021387644865413e-21,0.000000000000000000e+00,0.000000000000000000e+00,4.962171191704943491e-19,0.000000000000000000e+00,0.000000000000000000e+00,1.701091242848590111e-19,0.000000000000000000e+00,0.000000000000000000e+00,1.677190376036753222e-19,0.000000000000000000e+00,0.000000000000000000e+00,1.663715603858264401e-19,0.000000000000000000e+00,0.000000000000000000e+00,1.658945615157189083e-19,0.000000000000000000e+00,0.000000000000000000e+00,3.771267308467558742e-20,0.000000000000000000e+00,0.000000000000000000e+00,3.741139839594728937e-20,0.000000000000000000e+00,0.000000000000000000e+00,3.722948974701951455e-20,0.000000000000000000e+00,0.000000000000000000e+00,3.707654211305389907e-20,0.000000000000000000e+00,0.000000000000000000e+00,3.693201815040439976e-20,0.000000000000000000e+00,0.000000000000000000e+00,3.679790180007143679e-20,0.000000000000000000e+00,0.000000000000000000e+00,5.700320028483415991e-20,0.000000000000000000e+00,0.000000000000000000e+00,5.699336459036302157e-20,0.000000000000000000e+00,0.000000000000000000e+00,5.698449178582368323e-20
9.593149423599243164e-01,6.425022482872009277e-01,4.286676943302154541e-01,9.865383505821228027e-01,4.764295816421508789e-01,-1.071989367729041826e-18,9.864768385887145996e-01,5.305228233337402344e-01,4.962171191704943491e-19,9.864571094512939453e-01,1.595431705936789513e-03,-2.356423297919943335e-21,9.575495719909667969e-01,2.148781703681379440e-07,-7.357077351062586678e-22,9.569059014320373535e-01,2.175616344857189688e-07,4.672060896696375435e-23,9.566490650177001953e-01,7.576876441817148589e-07,3.180133073951292361e-23,9.563223123550415039e-01,2.684687024157028645e-05,3.397392738365457397e-21,9.125499725341796875e-01,1.025470837134889734e-07,-1.045932555083622758e-25,9.117983579635620117e-01,7.612376506926921138e-09,1.283810085134655238e-24,9.111389517784118652e-01,4.870327696693266262e-09,-1.765694939596933493e-24,9.102428555488586426e-01,3.798211967165343594e-09,-1.045932555083622758e-25,9.095069169998168945e-01,2.286271838514153387e-09,-4.184735524950582058e-25,9.089009165763854980e-01,1.693751028319923080e-09,-6.520483166664248042e-23,7.827785015106201172e-01,1.638558289052127748e-09,2.362034054320381643e-27,7.827367782592773438e-01,8.021517894363228152e-10,0.000000000000000000e+00,7.826960682868957520e-01
2.244320698082447052e-03,5.648552814818685874e-06,6.273993449212866835e-07,1.597275491803884506e-03,2.758857369191753338e-23,0.000000000000000000e+00,1.595848705619573593e-03,7.653808548075609995e-24,0.000000000000000000e+00,1.595431705936789513e-03,2.023767116480232678e-16,-2.760557933106930433e-33,6.590664386749267578e-01,2.560399615016662737e-20,0.000000000000000000e+00,6.581804156303405762e-01,5.672653421932931444e-20,0.000000000000000000e+00,6.570985913276672363e-01,1.333091383773848528e-19,0.000000000000000000e+00,6.567100286483764648e-01,4.653560961906948624e-18,3.979687552586702833e-33,6.454352140426635742e-01,1.402223488144107984e-20,0.000000000000000000e+00,6.454066038131713867e-01,9.522301869163893224e-22,0.000000000000000000e+00,6.451166868209838867e-01,6.317859005121820493e-22,0.000000000000000000e+00,6.445615887641906738e-01,5.472494959376831243e-22,0.000000000000000000e+00,6.441172361373901367e-01,3.181065065779156673e-22,0.000000000000000000e+00,6.437785029411315918e-01,2.544179413017548728e-22,0.000000000000000000e+00,5.561091899871826172e-01,2.248381564673146702e-22,0.000000000000000000e+00,5.560835003852844238e-01,1.057891251547199294e-22,0.000000000000000000e+00,5.560594201087951660e-01
-4.761497982893145923e-21,-1.470556160873016466e-23,-3.891741491395018603e-25,-2.369260753285854191e-21,0.000000000000000000e+00,0.000000000000000000e+00,-2.359993745485846052e-21,0.000000000000000000e+00,0.000000000000000000e+00,-2.356423297919943335e-21,-2.760557933106930433e-33,0.000000000000000000e+00,1.667405324923265653e-09,0.000000000000000000e+00,0.000000000000000000e+00,1.646536129662479198e-09,0.000000000000000000e+00,0.000000000000000000e+00,1.633278845503127741e-09,0.000000000000000000e+00,0.000000000000000000e+00,1.627672108206468238e-09,2.802596928649634142e-35,0.000000000000000000e+00,3.859454977828136180e-10,0.000000000000000000e+00,0.000000000000000000e+00,3.831596151471217127e-10,0.000000000000000000e+00,0.000000000000000000e+00,3.812284654625130997e-10,0.000000000000000000e+00,0.000000000000000000e+00,3.796739589390085712e-10,0.000000000000000000e+00,0.000000000000000000e+00,3.782257007589606701e-10,0.000000000000000000e+00,0.000000000000000000e+00,3.768444445384488972e-10,0.000000000000000000e+00,0.000000000000000000e+00,6.501114646617622839e-10,0.000000000000000000e+00,0.000000000000000000e+00,6.499951132887815675e-10,0.000000000000000000e+00,0.000000000000000000e+00,6.498815374733624139e-10
9.015736579895019531e-01,6.036008596420288086e-01,3.880792856216430664e-01,9.577051401138305664e-01,4.316487610340118408e-01,-3.728945194037651282e-19,9.575884938240051270e-01,4.807072877883911133e-01,1.701091242848590111e-19,9.575495719909667969e-01,6.590664386749267578e-01,1.667405324923265653e-09,9.709726572036743164e-01,5.786198542523379729e-08,-2.042796587272371233e-22,9.708116054534912109e-01,5.388794477312330855e-08,1.412862976341858812e-23,9.709049463272094727e-01,1.892027370331561542e-07,4.835731942931548956e-24,9.708846211433410645e-01,6.930751169420545921e-06,5.619089296938413955e-22,9.397065043449401855e-01,2.821690614496219496e-08,3.197150943462114997e-26,9.393436908721923828e-01,2.113274888415617170e-09,2.290933173523636318e-25,9.389508366584777832e-01,1.343373301487815752e-09,5.801727817330639162e-25,9.382972717285156250e-01,1.078763300910168255e-09,3.197150943462114997e-26,9.377698302268981934e-01,6.455125323157062667e-10,1.278455469873338026e-25,9.373300075531005859e-01,4.829057154154270393e-10,-1.796706915604298737e-23,8.317835330963134766e-01,4.566375888526152949e-10,-5.559697526259296971e-28,8.317414522171020508e-01,2.256809739087373146e-10,0.000000000000000000e+00,8.317003250122070312e-01
3.316923482543643331e-07,1.009204164681420934e-09,1.324583220885244828e-10,2.152578701952734264e-07,2.503757461138005167e-27,0.000000000000000000e+00,2.149593285594164627e-07,1.366807348145847031e-27,0.000000000000000000e+00,2.148781703681379440e-07,2.560399615016662737e-20,0.000000000000000000e+00,5.786198542523379729e-08,0.000000000000000000e+00,0.000000000000000000e+00,2.627788126119412482e-05,0.000000000000000000e+00,0.000000000000000000e+00,2.604444307507947087e-05,0.000000000000000000e+00,0.000000000000000000e+00,2.592647069832310081e-05,2.081348635277815089e-31,0.000000000000000000e+00,6.690200279990676790e-06,0.000000000000000000e+00,0.000000000000000000e+00,6.624569778068689629e-06,0.000000000000000000e+00,0.000000000000000000e+00,6.580978606507414952e-06,0.000000000000000000e+00,0.000000000000000000e+00,6.550480065925512463e-06,0.000000000000000000e+00,0.000000000000000000e+00,6.524479886138578877e-06,0.000000000000000000e+00,0.000000000000000000e+00,6.500587915070354939e-06,0.000000000000000000e+00,0.000000000000000000e+00,1.014193640003213659e-05,0.000000000000000000e+00,0.000000000000000000e+00,1.013826022244757041e-05,0.000000000000000000e+00,0.000000000000000000e+00,1.013462861010339111e-05
-6.625413783962146807e-22,-6.062814547333695471e-24,-5.872415177857165215e-25,-7.375142139574403013e-22,0.000000000000000000e+00,0.000000000000000000e+00,-7.362953039520162444e-22,0.000000000000000000e+00,0.000000000000000000e+00,-7.357077351062586678e-22,0.000000000000000000e+00,0.000000000000000000e+00,-2.042796587272371233e-22,0.000000000000000000e+00,0.000000000000000000e+00,-8.925172180696331698e-20,0.000000000000000000e+00,0.000000000000000000e+00,-8.870193104295111868e-20,0.000000000000000000e+00,0.000000000000000000e+00,-8.866680171631175729e-20,0.000000000000000000e+00,0.000000000000000000e+00,-2.301494829785692692e-20,0.000000000000000000e+00,0.000000000000000000e+00,-2.304906626695047153e-20,0.000000000000000000e+00,0.000000000000000000e+00,-2.310977680026788886e-20,0.000000000000000000e+00,0.000000000000000000e+00,-2.319535606633731548e-20,0.000000000000000000e+00,0.000000000000000000e+00,-2.326815765376478527e-20,0.000000000000000000e+00,0.000000000000000000e+00,-2.332391156575542001e-20,0.000000000000000000e+00,0.000000000000000000e+00,-4.901579888718007435e-20,0.000000000000000000e+00,0.000000000000000000e+00,-4.900564653763069305e-20,0.000000000000000000e+00,0.000000000000000000e+00,-4.899746520438466076e-20
9.002535939216613770e-01,6.026222705841064453e-01,3.880248069763183594e-01,9.570617675781250000e-01,4.319500625133514404e-01,-3.687988121488912385e-19,9.569450020790100098e-01,4.805587828159332275e-01,1.677190376036753222e-19,9.569059014320373535e-01,6.581804156303405762e-01,1.646536129662479198e-09,9.708116054534912109e-01,2.627788126119412482e-05,-8.925172180696331698e-20,9.704506397247314453e-01,5.322001683794042037e-08,1.396376256739282798e-23,9.705468416213989258e-01,1.868382923930766992e-07,4.711104147250660016e-24,9.705298542976379395e-01,6.824740466981893405e-06,5.531134209014402352e-22,9.393080472946166992e-01,2.780945251856792311e-08,3.108619179480940336e-26,9.389281272888183594e-01,2.080758232381185735e-09,2.302876034590616674e-25,9.385259151458740234e-01,1.322642662060502516e-09,5.614748554308694602e-25,9.378618001937866211e-01,1.062310017729828360e-09,3.108619179480940336e-26,9.373258352279663086e-01,6.356882797931007190e-10,1.243040792128605109e-25,9.368798136711120605e-01,4.755463245409430328e-10,-1.775501230066690630e-23,8.310787081718444824e-01,4.500433081755517151e-10,-5.286446585749635948e-28,8.310368061065673828e-01,2.224048722965221714e-10,0.000000000000000000e+00,8.309957981109619141e-01
3.874497735978366109e-07,7.591735573519997615e-10,4.366255967891419232e-11,2.178675231334636919e-07,8.807904718472722040e-27,0.000000000000000000e+00,2.176193021341532585e-07,2.851744113139612877e-27,0.000000000000000000e+00,2.175616344857189688e-07,5.672653421932931444e-20,0.000000000000000000e+00,5.388794477312330855e-08,0.000000000000000000e+00,0.000000000000000000e+00,5.322001683794042037e-08,8.108698548464858206e-28,0.000000000000000000e+00,4.178019165992736816e-01,7.807315549257532829e-27,0.000000000000000000e+00,4.175181090831756592e-01,1.301203753189583191e-25,0.000000000000000000e+00,3.888390660285949707e-01,1.279423862116114928e-27,0.000000000000000000e+00,3.893229663372039795e-01,5.570994910942450972e-29,0.000000000000000000e+00,3.894960880279541016e-01,3.132120609257517795e-29,0.000000000000000000e+00,3.894102573394775391e-01,1.916302250687899442e-29,0.000000000000000000e+00,3.893603086471557617e-01,9.638481163974133078e-30,0.000000000000000000e+00,3.892866075038909912e-01,5.912666619212345223e-30,0.000000000000000000e+00,3.985719680786132812e-01,1.514604572266146734e-29,0.000000000000000000e+00,3.985400497913360596e-01,7.368910398412143932e-30,0.000000000000000000e+00,3.985088169574737549e-01
4.586160886093773194e-23,3.682771005006808168e-25,2.839221023306427091e-26,4.689439186894032237e-23,0.000000000000000000e+00,0.000000000000000000e+00,4.676853384467774126e-23,0.000000000000000000e+00,0.000000000000000000e+00,4.672060896696375435e-23,0.000000000000000000e+00,0.000000000000000000e+00,1.412862976341858812e-23,0.000000000000000000e+00,0.000000000000000000e+00,1.396376256739282798e-23,0.000000000000000000e+00,0.000000000000000000e+00,-1.605134414383317559e-19,0.000000000000000000e+00,0.000000000000000000e+00,-1.590911560738351093e-19,0.000000000000000000e+00,0.000000000000000000e+00,-6.438225880956951040e-20,0.000000000000000000e+00,0.000000000000000000e+00,-6.311702790153283444e-20,0.000000000000000000e+00,0.000000000000000000e+00,-6.278379043694760456e-20,0.000000000000000000e+00,0.000000000000000000e+00,-6.276632917120449299e-20,0.000000000000000000e+00,0.000000000000000000e+00,-6.280503863893256046e-20,0.000000000000000000e+00,0.000000000000000000e+00,-6.286492522281169254e-20,0.000000000000000000e+00,0.000000000000000000e+00,-1.334516590119883253e-19,0.000000000000000000e+00,0.000000000000000000e+00,-1.334702835004678395e-19,0.000000000000000000e+00,0.000000000000000000e+00,-1.334931214401925458e-19
8.994981050491333008e-01,6.029297709465026855e-01,3.890320658683776855e-01,9.568048715591430664e-01,4.314315915107727051e-01,-3.662593159695651590e-19,9.566881060600280762e-01,4.795428514480590820e-01,1.663715603858264401e-19,9.566490650177001953e-01,6.570985913276672363e-01,1.633278845503127741e-09,9.709049463272094727e-01,2.604444307507947087e-05,-8.870193104295111868e-20,9.705468416213989258e-01,4.178019165992736816e-01,-1.605134414383317559e-19,9.702898859977722168e-01,1.861765781541180331e-07,4.691366847402030301e-24,9.702677130699157715e-01,6.787540769437327981e-06,5.517339114374876639e-22,9.391227960586547852e-01,2.770273255237043486e-08,3.123359476903302484e-26,9.387338161468505859e-01,2.068110571684655952e-09,2.315308482456899820e-25,9.383275508880615234e-01,1.314556574705250114e-09,5.260700877512583820e-25,9.376599788665771484e-01,1.055661558169163072e-09,3.123359476903302484e-26,9.371211528778076172e-01,6.317456002769006318e-10,1.248931117900277252e-25,9.366737008094787598e-01,4.727321867292744173e-10,-1.767396473126449955e-23,8.308106064796447754e-01,4.476650716789265516e-10,-4.930036879136250662e-28,8.307684063911437988e-01,2.210723548667914429e-10,0.000000000000000000e+00,8.307271599769592285e-01
1.364261152048129588e-06,1.980984487559567242e-09,1.466514271131202918e-10,7.585256867059797514e-07,2.610111472675748208e-26,0.000000000000000000e+00,7.578486815873475280e-07,1.225912033426411687e-26,0.000000000000000000e+00,7.576876441817148589e-07,1.333091383773848528e-19,0.000000000000000000e+00,1.892027370331561542e-07,0.000000000000000000e+00,0.000000000000000000e+00,1.868382923930766992e-07,7.807315549257532829e-27,0.000000000000000000e+00,1.861765781541180331e-07,0.000000000000000000e+00,0.000000000000000000e+00,1.200160022563068196e-05,4.562627837723746548e-32,0.000000000000000000e+00,3.161558197461999953e-06,0.000000000000000000e+00,0.000000000000000000e+00,3.120558176306076348e-06,0.000000000000000000e+00,0.000000000000000000e+00,3.095512283834978007e-06,0.000000000000000000e+00,0.000000000000000000e+00,3.080230044361087494e-06,0.000000000000000000e+00,0.000000000000000000e+00,3.066761564696207643e-06,0.000000000000000000e+00,0.000000000000000000e+00,3.054889248232939281e-06,0.000000000000000000e+00,0.000000000000000000e+00,3.765172550629358739e-06,0.000000000000000000e+00,0.000000000000000000e+00,3.763790573430014774e-06,0.000000000000000000e+00,0.000000000000000000e+00,3.762432015719241463e-06
-8.680790272981205098e-24,2.760484631467043241e-25,5.760245073591526493e-26,3.115985745037978476e-23,0.000000000000000000e+00,0.000000000000000000e+00,3.158494934865442095e-23,0.000000000000000000e+00,0.000000000000000000e+00,3.180133073951292361e-23,0.000000000000000000e+00,0.000000000000000000e+00,4.835731942931548956e-24,0.000000000000000000e+00,0.000000000000000000e+00,4.711104147250660016e-24,0.000000000000000000e+00,0.000000000000000000e+00,4.691366847402030301e-24,0.000000000000000000e+00,0.000000000000000000e+00,-1.239826769708494658e-20,0.000000000000000000e+00,0.000000000000000000e+00,-3.419533148345105502e-21,0.000000000000000000e+00,0.000000000000000000e+00,-3.388322832195784160e-21,0.000000000000000000e+00,0.000000000000000000e+00,-3.370928815267120872e-21,0.000000000000000000e+00,0.000000000000000000e+00,-3.366340749755257533e-21,0.000000000000000000e+00,0.000000000000000000e+00,-3.361981087874448266e-21,0.000000000000000000e+00,0.000000000000000000e+00,-3.356987106095194403e-21,0.000000000000000000e+00,0.000000000000000000e+00,-4.815197271946252704e-21,0.000000000000000000e+00,0.000000000000000000e+00,-4.814364032881947579e-21,0.000000000000000000e+00,0.000000000000000000e+00,-4.813605110825801515e-21
8.987960219383239746e-01,6.031121611595153809e-01,3.895577788352966309e-01,9.564792513847351074e-01,4.312036335468292236e-01,-3.653677445162037066e-19,9.563615918159484863e-01,4.788905680179595947e-01,1.658945615157189083e-19,9.563223123550415039e-01,6.567100286483764648e-01,1.627672108206468238e-09,9.708846211433410645e-01,2.592647069832310081e-05,-8.866680171631175729e-20,9.705298542976379395e-01,4.175181090831756592e-01,-1.590911560738351093e-19,9.702677130699157715e-01,1.200160022563068196e-05,-1.239826769708494658e-20,9.701361656188964844e-01,6.760919404769083485e-06,5.460134708060593924e-22,9.390174746513366699e-01,2.763333206701190647e-08,3.245045893765510084e-26,9.386190176010131836e-01,2.059033832324530522e-09,2.333926585896247225e-25,9.382066726684570312e-01,1.308846364622695546e-09,4.846732805470082271e-25,9.375351071357727051e-01,1.050910136690674790e-09,3.245045893765510084e-26,9.369930028915405273e-01,6.289088139155296631e-10,1.297611477842433009e-25,9.365426301956176758e-01,4.707301770601191038e-10,-1.760735173870582687e-23,8.305613398551940918e-01,4.460078972812198117e-10,-4.567905716140576995e-28,8.305189013481140137e-01,2.200999937862491151e-10,0.000000000000000000e+00,8.304774165153503418e-01
4.018165782326832414e-05,1.319967140034350450e-07,1.280948946913440523e-08,2.690164183150045574e-05,3.567692222672199847e-25,0.000000000000000000e+00,2.685738036234397441e-05,1.387573791771419399e-25,0.000000000000000000e+00,2.684687024157028645e-05,4.653560961906948624e-18,2.802596928649634142e-35,6.930751169420545921e-06,2.081348635277815089e-31,0.000000000000000000e+00,6.824740466981893405e-06,1.301203753189583191e-25,0.000000000000000000e+00,6.787540769437327981e-06,4.562627837723746548e-32,0.000000000000000000e+00,6.760919404769083485e-06,2.927666534515042370e-28,0.000000000000000000e+00,3.446019953116774559e-03,4.413949784089087555e-31,0.000000000000000000e+00,3.402932779863476753e-03,1.807675029023521414e-33,0.000000000000000000e+00,3.376658307388424873e-03,4.063765704384228527e-34,0.000000000000000000e+00,3.360817208886146545e-03,3.923635757506672897e-34,0.000000000000000000e+00,3.347052959725260735e-03,2.802596928649634142e-35,0.000000000000000000e+00,3.335028886795043945e-03,0.000000000000000000e+00,0.000000000000000000e+00,4.436518531292676926e-03,1.401298464324817071e-35,0.000000000000000000e+00,4.435072187334299088e-03,0.000000000000000000e+00,0.000000000000000000e+00,4.433637484908103943e-03
4.233487756826521143e-21,4.370809116488765005e-23,5.981895167828387133e-24,3.365892424325602328e-21,0.000000000000000000e+00,0.000000000000000000e+00,3.383385395966216540e-21,0.000000000000000000e+00,0.000000000000000000e+00,3.397392738365457397e-21,3.979687552586702833e-33,0.000000000000000000e+00,5.619089296938413955e-22,0.000000000000000000e+00,0.000000000000000000e+00,5.531134209014402352e-22,0.000000000000000000e+00,0.000000000000000000e+00,5.517339114374876639e-22,0.000000000000000000e+00,0.000000000000000000e+00,5.460134708060593924e-22,0.000000000000000000e+00,0.000000000000000000e+00,-7.231392245110430016e-21,0.000000000000000000e+00,0.000000000000000000e+00,-7.211993082600214235e-21,0.000000000000000000e+00,0.000000000000000000e+00,-7.220414330535629580e-21,0.000000000000000000e+00,0.000000000000000000e+00,-7.229356605321725299e-21,0.000000000000000000e+00,0.000000000000000000e+00,-7.237507242412213629e-21,0.000000000000000000e+00,0.000000000000000000e+00,-7.240715798460124396e-21,0.000000000000000000e+00,0.000000000000000000e+00,-1.215710173546669086e-20,0.000000000000000000e+00,0.000000000000000000e+00,-1.215493846429440862e-20,0.000000000000000000e+00,0.000000000000000000e+00,-1.215275499828295273e-20
8.663650751113891602e-01,5.615068078041076660e-01,3.582877516746520996e-01,9.126911759376525879e-01,3.915364444255828857e-01,-8.354379430178382736e-20,9.125876426696777344e-01,4.123930633068084717e-01,3.771267308467558742e-20,9.125499725341796875e-01,6.454352140426635742e-01,3.859454977828136180e-10,9.397065043449401855e-01,6.690200279990676790e-06,-2.301494829785692692e-20,9.393080472946166992e-01,3.888390660285949707e-01,-6.438225880956951040e-20,9.391227960586547852e-01,3.161558197461999953e-06,-3.419533148345105502e-21,9.390174746513366699e-01,3.446019953116774559e-03,-7.231392245110430016e-21,9.622732996940612793e-01,8.136435525329943630e-09,4.257121771392211423e-26,9.618968367576599121e-01,6.024084009403907203e-10,4.750827287436870642e-26,9.617168903350830078e-01,3.814779880872976037e-10,4.550936590067754053e-25,9.614787101745605469e-01,3.094091649558095014e-10,4.257121771392211423e-26,9.612772464752197266e-01,1.905141322477987842e-10,1.702746033379689397e-25,9.611354470252990723e-01,1.444490915769591766e-10,-3.918879933560238427e-24,8.740290999412536621e-01,1.286503681363626583e-10,-6.962086526424195404e-28,8.739871978759765625e-01,6.221413662022001745e-11,0.000000000000000000e+00,8.739457130432128906e-01
1.809267047292451025e-07,3.048004904027123985e-10,1.921498897494711144e-11,1.026878635457251221e-07,1.681279256144719721e-27,0.000000000000000000e+00,1.025744822413798829e-07,9.503480125349427057e-28,0.000000000000000000e+00,1.025470837134889734e-07,1.402223488144107984e-20,0.000000000000000000e+00,2.821690614496219496e-08,0.000000000000000000e+00,0.000000000000000000e+00,2.780945251856792311e-08,1.279423862116114928e-27,0.000000000000000000e+00,2.770273255237043486e-08,0.000000000000000000e+00,0.000000000000000000e+00,2.763333206701190647e-08,4.413949784089087555e-31,0.000000000000000000e+00,8.136435525329943630e-09,0.000000000000000000e+00,0.000000000000000000e+00,8.391828032472403720e-08,0.000000000000000000e+00,0.000000000000000000e+00,8.331502243663635454e-08,0.000000000000000000e+00,0.000000000000000000e+00,8.299000597844496951e-08,0.000000000000000000e+00,0.000000000000000000e+00,8.272520801710925298e-08,0.000000000000000000e+00,0.000000000000000000e+00,8.251100780398701318e-08,0.000000000000000000e+00,0.000000000000000000e+00,1.246747984851026558e-07,0.000000000000000000e+00,0.000000000000000000e+00,1.246328338311286643e-07,0.000000000000000000e+00,0.000000000000000000e+00,1.245912955027961289e-07
-3.275605625676673437e-25,2.424853892801658673e-28,-8.222388119011981125e-28,-1.028833625184408004e-25,0.000000000000000000e+00,0.000000000000000000e+00,-1.050275234366864428e-25,0.000000000000000000e+00,0.000000000000000000e+00,-1.045932555083622758e-25,0.000000000000000000e+00,0.000000000000000000e+00,3.197150943462114997e-26,0.000000000000000000e+00,0.000000000000000000e+00,3.108619179480940336e-26,0.000000000000000000e+00,0.000000000000000000e+00,3.123359476903302484e-26,0.000000000000000000e+00,0.000000000000000000e+00,3.245045893765510084e-26,0.000000000000000000e+00,0.000000000000000000e+00,4.257121771392211423e-26,0.000000000000000000e+00,0.000000000000000000e+00,1.643104337760732555e-23,0.000000000000000000e+00,0.000000000000000000e+00,1.636493841147161521e-23,0.000000000000000000e+00,0.000000000000000000e+00,1.634137671395447403e-23,0.000000000000000000e+00,0.000000000000000000e+00,1.631842717249978435e-23,0.000000000000000000e+00,0.000000000000000000e+00,1.629157750272968199e-23,0.000000000000000000e+00,0.000000000000000000e+00,3.190086605309008999e-23,0.000000000000000000e+00,0.000000000000000000e+00,3.189716471772279301e-23,0.000000000000000000e+00,0.000000000000000000e+00,3.189383572470276034e-23
8.653295040130615234e-01,5.609354972839355469e-01,3.575849235057830811e-01,9.119439125061035156e-01,3.895359039306640625e-01,-8.286317329166900371e-20,9.118369817733764648e-01,4.108111262321472168e-01,3.741139839594728937e-20,9.117983579635620117e-01,6.454066038131713867e-01,3.831596151471217127e-10,9.393436908721923828e-01,6.624569778068689629e-06,-2.304906626695047153e-20,9.389281272888183594e-01,3.893229663372039795e-01,-6.311702790153283444e-20,9.387338161468505859e-01,3.120558176306076348e-06,-3.388322832195784160e-21,9.386190176010131836e-01,3.402932779863476753e-03,-7.211993082600214235e-21,9.618968367576599121e-01,8.391828032472403720e-08,1.643104337760732555e-23,9.613804817199707031e-01,5.926923396515348941e-10,4.792334929598304349e-26,9.611965417861938477e-01,3.749996979607317371e-10,4.551268897724078404e-25,9.609519839286804199e-01,3.041720486596233286e-10,4.297743793928018104e-26,9.607454538345336914e-01,1.871779814477392279e-10,1.718999033217571056e-25,9.605979919433593750e-01,1.417182898810764868e-10,-3.850370124954961825e-24,8.739768862724304199e-01,1.264614524210116997e-10,-6.731728934670954705e-28,8.739349246025085449e-01,6.121585877094659622e-11,0.000000000000000000e+00,8.738933801651000977e-01
1.236886859601327160e-08,3.025675196499655328e-11,2.635584242169364266e-12,7.630895915156088449e-09,6.871503781867344444e-29,0.000000000000000000e+00,7.616396402454483905e-09,4.274862715816177495e-29,0.000000000000000000e+00,7.612376506926921138e-09,9.522301869163893224e-22,0.000000000000000000e+00,2.113274888415617170e-09,0.000000000000000000e+00,0.000000000000000000e+00,2.080758232381185735e-09,5.570994910942450972e-29,0.000000000000000000e+00,2.068110571684655952e-09,0.000000000000000000e+00,0.000000000000000000e+00,2.059033832324530522e-09,1.807675029023521414e-33,0.000000000000000000e+00,6.024084009403907203e-10,0.000000000000000000e+00,0.000000000000000000e+00,5.926923396515348941e-10,0.000000000000000000e+00,0.000000000000000000e+00,2.345861283004069264e-10,0.000000000000000000e+00,0.000000000000000000e+00,2.338066129592419884e-10,0.000000000000000000e+00,0.000000000000000000e+00,2.331289883361620241e-10,0.000000000000000000e+00,0.000000000000000000e+00,2.325143549919417296e-10,0.000000000000000000e+00,0.000000000000000000e+00,3.424930616890975443e-10,0.000000000000000000e+00,0.000000000000000000e+00,3.423690775328225300e-10,0.000000000000000000e+00,0.000000000000000000e+00,3.422453709323036719e-10
2.840587145504995222e-24,-2.466778468703396835e-29,8.122873392855548262e-28,1.283517121915978784e-24,0.000000000000000000e+00,0.000000000000000000e+00,1.282558360093295797e-24,0.000000000000000000e+00,0.000000000000000000e+00,1.283810085134655238e-24,0.000000000000000000e+00,0.000000000000000000e+00,2.290933173523636318e-25,0.000000000000000000e+00,0.000000000000000000e+00,2.302876034590616674e-25,0.000000000000000000e+00,0.000000000000000000e+00,2.315308482456899820e-25,0.000000000000000000e+00,0.000000000000000000e+00,2.333926585896247225e-25,0.000000000000000000e+00,0.000000000000000000e+00,4.750827287436870642e-26,0.000000000000000000e+00,0.000000000000000000e+00,4.792334929598304349e-26,0.000000000000000000e+00,0.000000000000000000e+00,-1.533362978450088285e-24,0.000000000000000000e+00,0.000000000000000000e+00,-1.533039446871334518e-24,0.000000000000000000e+00,0.000000000000000000e+00,-1.532774586822406563e-24,0.000000000000000000e+00,0.000000000000000000e+00,-1.531026766879276259e-24,0.000000000000000000e+00,0.000000000000000000e+00,-1.822073447986495070e-24,0.000000000000000000e+00,0.000000000000000000e+00,-1.822081139380320975e-24,0.000000000000000000e+00,0.000000000000000000e+00,-1.822122357362618773e-24
8.647222518920898438e-01,5.606396794319152832e-01,3.571688234806060791e-01,9.112872481346130371e-01,3.878506720066070557e-01,-8.268178809297261011e-20,9.111782312393188477e-01,4.096486568450927734e-01,3.722948974701951455e-20,9.111389517784118652e-01,6.451166868209838867e-01,3.812284654625130997e-10,9.389508366584777832e-01,6.580978606507414952e-06,-2.310977680026788886e-20,9.385259151458740234e-01,3.894960880279541016e-01,-6.278379043694760456e-20,9.383275508880615234e-01,3.095512283834978007e-06,-3.370928815267120872e-21,9.382066726684570312e-01,3.376658307388424873e-03,-7.220414330535629580e-21,9.617168903350830078e-01,8.331502243663635454e-08,1.636493841147161521e-23,9.611965417861938477e-01,2.345861283004069264e-10,-1.533362978450088285e-24,9.606229662895202637e-01,3.689976657561544471e-10,4.600295123869366998e-25,9.603629112243652344e-01,2.992306402660460662e-10,4.239939394800366260e-26,9.601435661315917969e-01,1.839397800740272260e-10,1.695877396826026759e-25,9.599837660789489746e-01,1.390362269759748415e-10,-3.811021348572085146e-24,8.736053705215454102e-01,1.244648689668892416e-10,-6.654611810802773200e-28,8.735636472702026367e-01,6.032979671388716270e-11,0.000000000000000000e+00,8.735223412513732910e-01
7.873110163814089901e-09,2.017914134400111692e-11,1.698781306597174634e-12,4.882259929672727594e-09,4.064397392420094171e-29,0.000000000000000000e+00,4.872943826228492981e-09,2.198597990162165927e-29,0.000000000000000000e+00,4.870327696693266262e-09,6.317859005121820493e-22,0.000000000000000000e+00,1.343373301487815752e-09,0.000000000000000000e+00,0.000000000000000000e+00,1.322642662060502516e-09,3.132120609257517795e-29,0.000000000000000000e+00,1.314556574705250114e-09,0.000000000000000000e+00,0.000000000000000000e+00,1.308846364622695546e-09,4.063765704384228527e-34,0.000000000000000000e+00,3.814779880872976037e-10,0.000000000000000000e+00,0.000000000000000000e+00,3.749996979607317371e-10,0.000000000000000000e+00,0.000000000000000000e+00,3.689976657561544471e-10,0.000000000000000000e+00,0.000000000000000000e+00,3.358292255395411985e-10,0.000000000000000000e+00,0.000000000000000000e+00,3.352144950508062493e-10,0.000000000000000000e+00,0.000000000000000000e+00,3.346986576779897860e-10,0.000000000000000000e+00,0.000000000000000000e+00,5.101200573065511890e-10,0.000000000000000000e+00,0.000000000000000000e+00,5.099332622826580064e-10,0.000000000000000000e+00,0.000000000000000000e+00,5.097470778814283676e-10
