9.982934613756958564e-01,6.392328503332350698e-01,6.012494584319612034e-01,3.832449114022521974e-01,3.670545084831078886e-01,3.098421004005863510e-01,2.570564833588693254e-01
6.392328503332350698e-01,9.760084210240710378e-01,9.261187537363041455e-01,6.123590374896736854e-01,5.834298798844395062e-01,5.031285246564178859e-01,4.214356500132890870e-01
6.012494584319612034e-01,9.261187537363041455e-01,9.795503746334476292e-01,7.669280436742657026e-01,7.299711235028120138e-01,6.342552522347255639e-01,5.348751894791198280e-01
3.832449114022521974e-01,6.123590374896736854e-01,7.669280436742657026e-01,9.307327799100091337e-01,8.340866166742059162e-01,7.299578068231882266e-01,6.140724099061871666e-01
3.670545084831078886e-01,5.834298798844395062e-01,7.299711235028120138e-01,8.340866166742059162e-01,8.954605125050085768e-01,8.143507788101986833e-01,7.318758043259535606e-01
3.098421004005863510e-01,5.031285246564178859e-01,6.342552522347255639e-01,7.299578068231882266e-01,8.143507788101986833e-01,8.268199394410506997e-01,7.445395856568866044e-01
2.570564833588693254e-01,4.214356500132890870e-01,5.348751894791198280e-01,6.140724099061871666e-01,7.318758043259535606e-01,7.445395856568866044e-01,8.469756900042423320e-01
