1.000000000000000000e+00,9.702367186546325684e-01,9.313614964485168457e-01,9.851074814796447754e-01,9.611126184463500977e-01,9.338430762290954590e-01,9.823892712593078613e-01,9.707581400871276855e-01,9.338008165359497070e-01,9.793231487274169922e-01,9.529854059219360352e-01,9.140986800193786621e-01,9.283397197723388672e-01,8.680962920188903809e-01,7.945427298545837402e-01,9.236450195312500000e-01,8.691744208335876465e-01,7.364433407783508301e-01,9.208168387413024902e-01,8.867092132568359375e-01,8.724057078361511230e-01,9.177194237709045410e-01,8.819751143455505371e-01,7.908874154090881348e-01,8.699356317520141602e-01,8.399649858474731445e-01,7.930839657783508301e-01,8.638515472412109375e-01,7.797270417213439941e-01,7.441454529762268066e-01,8.608077168464660645e-01,8.061482310295104980e-01,7.305965423583984375e-01,8.580418229103088379e-01,8.088604807853698730e-01,7.590168118476867676e-01,8.532837033271789551e-01,7.653990983963012695e-01,7.094691991806030273e-01,8.497689366340637207e-01,7.862007617950439453e-01,7.417981624603271484e-01,7.648001313209533691e-01,6.881523728370666504e-01,6.405597329139709473e-01,7.595911622047424316e-01,7.199433445930480957e-01,6.650357842445373535e-01,7.562673687934875488e-01
9.702367186546325684e-01,1.000000119209289551e+00,9.864836931228637695e-01,9.915584325790405273e-01,9.830112457275390625e-01,9.790821075439453125e-01,9.922325611114501953e-01,9.850140213966369629e-01,9.739027023315429688e-01,9.926818609237670898e-01,9.664139151573181152e-01,9.702200293540954590e-01,9.801124930381774902e-01,9.444388151168823242e-01,8.953753113746643066e-01,9.780707955360412598e-01,9.475975036621093750e-01,8.406583666801452637e-01,9.768270254135131836e-01,9.562757611274719238e-01,9.489361047744750977e-01,9.751908779144287109e-01,9.499070048332214355e-01,8.762583136558532715e-01,9.468260407447814941e-01,9.274828433990478516e-01,8.940716981887817383e-01,9.430606961250305176e-01,8.886165022850036621e-01,8.583510518074035645e-01,9.413394331932067871e-01,9.086816310882568359e-01,8.535274863243103027e-01,9.394941329956054688e-01,9.065816402435302734e-01,8.667509555816650391e-01,9.365920424461364746e-01,8.761224746704101562e-01,8.315953612327575684e-01,9.347794651985168457e-01,8.920757174491882324e-01,8.573669195175170898e-01,8.544474840164184570e-01,7.970741391181945801e-01,7.568435668945312500e-01,8.510997295379638672e-01,8.228934407234191895e-01,7.779650688171386719e-01,8.488976955413818359e-01
9.313614964485168457e-01,9.864836931228637695e-01,1.000000000000000000e+00,9.768174290657043457e-01,9.839521050453186035e-01,9.909473657608032227e-01,9.797429442405700684e-01,9.788125753402709961e-01,9.852882027626037598e-01,9.825602173805236816e-01,9.700909256935119629e-01,9.912807345390319824e-01,9.948219656944274902e-01,9.808118939399719238e-01,9.490549564361572266e-01,9.945910573005676270e-01,9.819250106811523438e-01,9.078612327575683594e-01,9.943504333496093750e-01,9.861370921134948730e-01,9.816048741340637207e-01,9.939481616020202637e-01,9.827433824539184570e-01,9.326512813568115234e-01,9.799579977989196777e-01,9.691176414489746094e-01,9.440394043922424316e-01,9.780017137527465820e-01,9.432338476181030273e-01,9.195764660835266113e-01,9.770874977111816406e-01,9.558315873146057129e-01,9.159179925918579102e-01,9.761052727699279785e-01,9.546282887458801270e-01,9.242902398109436035e-01,9.744786620140075684e-01,9.346113801002502441e-01,9.007749557495117188e-01,9.734507203102111816e-01,9.458406567573547363e-01,9.167822003364562988e-01,8.978968262672424316e-01,8.575286269187927246e-01,8.235695362091064453e-01,8.957950472831726074e-01,8.752582669258117676e-01,8.390200138092041016e-01,8.943954706192016602e-01
9.851074814796447754e-01,9.915584325790405273e-01,9.768174290657043457e-01,1.000000000000000000e+00,9.918751716613769531e-01,9.784597158432006836e-01,9.998747110366821289e-01,9.953533411026000977e-01,9.778746366500854492e-01,9.994735121726989746e-01,9.841344356536865234e-01,9.686517715454101562e-01,9.768090844154357910e-01,9.378199577331542969e-01,8.811395168304443359e-01,9.740604162216186523e-01,9.393464326858520508e-01,8.367851376533508301e-01,9.723897576332092285e-01,9.506379365921020508e-01,9.391490817070007324e-01,9.706206917762756348e-01,9.481827616691589355e-01,8.774174451828002930e-01,9.372954964637756348e-01,9.157754778861999512e-01,8.774248957633972168e-01,9.331107735633850098e-01,8.710237145423889160e-01,8.406956791877746582e-01,9.309836626052856445e-01,8.901151418685913086e-01,8.290433287620544434e-01,9.290813207626342773e-01,8.930692076683044434e-01,8.516332507133483887e-01,9.256981611251831055e-01,8.596788644790649414e-01,8.134463429450988770e-01,9.231758117675781250e-01,8.757995367050170898e-01,8.359946012496948242e-01,8.393489122390747070e-01,7.796672582626342773e-01,7.371554374694824219e-01,8.354961872100830078e-01,8.046227097511291504e-01,7.572225332260131836e-01,8.330079913139343262e-01
9.611126184463500977e-01,9.830112457275390625e-01,9.839521050453186035e-01,9.918751716613769531e-01,1.000000000000000000e+00,9.926436543464660645e-01,9.930402040481567383e-01,9.956686496734619141e-01,9.906126856803894043e-01,9.940691590309143066e-01,9.890904426574707031e-01,9.837700724601745605e-01,9.861234426498413086e-01,9.592269062995910645e-01,9.076330661773681641e-01,9.844704270362854004e-01,9.604933261871337891e-01,8.777143359184265137e-01,9.834246635437011719e-01,9.696798324584960938e-01,9.585806131362915039e-01,9.824413657188415527e-01,9.682238698005676270e-01,9.093061089515686035e-01,9.565990567207336426e-01,9.390699863433837891e-01,9.025022387504577637e-01,9.534978866577148438e-01,9.036614894866943359e-01,8.755241632461547852e-01,9.518501758575439453e-01,9.176197648048400879e-01,8.640896081924438477e-01,9.504931569099426270e-01,9.206740856170654297e-01,8.834156990051269531e-01,9.477989673614501953e-01,8.952530026435852051e-01,8.558719158172607422e-01,9.457856416702270508e-01,9.076054096221923828e-01,8.691651225090026855e-01,8.650802373886108398e-01,8.156564831733703613e-01,7.750007510185241699e-01,8.619022369384765625e-01,8.356249332427978516e-01,7.916275858879089355e-01,8.598812818527221680e-01
9.338430762290954590e-01,9.790821075439453125e-01,9.909473657608032227e-01,9.784597158432006836e-01,9.926436543464660645e-01,1.000000000000000000e+00,9.809864163398742676e-01,9.842592477798461914e-01,9.936093091964721680e-01,9.834356904029846191e-01,9.755734205245971680e-01,9.917535185813903809e-01,9.935990571975708008e-01,9.748673439025878906e-01,9.346351623535156250e-01,9.931640625000000000e-01,9.765840768814086914e-01,9.039077758789062500e-01,9.928174018859863281e-01,9.852893352508544922e-01,9.801130890846252441e-01,9.924469590187072754e-01,9.800473451614379883e-01,9.248052239418029785e-01,9.739359617233276367e-01,9.602528214454650879e-01,9.315441846847534180e-01,9.717406630516052246e-01,9.344288110733032227e-01,9.084490537643432617e-01,9.706528782844543457e-01,9.475941061973571777e-01,9.051858186721801758e-01,9.695692062377929688e-01,9.443913698196411133e-01,9.121036529541015625e-01,9.676262736320495605e-01,9.269853234291076660e-01,8.941728472709655762e-01,9.664604067802429199e-01,9.376834630966186523e-01,9.051367044448852539e-01,8.877293467521667480e-01,8.454806208610534668e-01,8.106754422187805176e-01,8.853819966316223145e-01,8.646101355552673340e-01,8.270348310470581055e-01,8.838942646980285645e-01
9.823892712593078613e-01,9.922325611114501953e-01,9.797429442405700684e-01,9.998747110366821289e-01,9.930402040481567383e-01,9.809864163398742676e-01,9.999999403953552246e-01,9.959629178047180176e-01,9.802785515785217285e-01,9.998582005500793457e-01,9.853423237800598145e-01,9.721837639808654785e-01,9.799246788024902344e-01,9.430564045906066895e-01,8.881948590278625488e-01,9.773661494255065918e-01,9.445499181747436523e-01,8.448418378829956055e-01,9.758065342903137207e-01,9.551988244056701660e-01,9.440234303474426270e-01,9.741586446762084961e-01,9.529370665550231934e-01,8.841167092323303223e-01,9.422549605369567871e-01,9.216052889823913574e-01,8.841701745986938477e-01,9.382548332214355469e-01,8.783163428306579590e-01,8.484987616539001465e-01,9.362183809280395508e-01,8.967220783233642578e-01,8.371267318725585938e-01,9.343964457511901855e-01,8.996394276618957520e-01,8.590273857116699219e-01,9.311500787734985352e-01,8.672307133674621582e-01,8.219203948974609375e-01,9.287262558937072754e-01,8.829059004783630371e-01,8.436456918716430664e-01,8.451642990112304688e-01,7.871193885803222656e-01,7.451556921005249023e-01,8.414452075958251953e-01,8.114323019981384277e-01,7.648183703422546387e-01,8.390395045280456543e-01
9.707581400871276855e-01,9.850140213966369629e-01,9.788125753402709961e-01,9.953533411026000977e-01,9.956686496734619141e-01,9.842592477798461914e-01,9.959629178047180176e-01,1.000000000000000000e+00,9.883459210395812988e-01,9.963748455047607422e-01,9.907231330871582031e-01,9.790008068084716797e-01,9.810688495635986328e-01,9.508193135261535645e-01,8.981512784957885742e-01,9.788789153099060059e-01,9.526273012161254883e-01,8.648030757904052734e-01,9.775964021682739258e-01,9.603176116943359375e-01,9.491375684738159180e-01,9.763982892036437988e-01,9.609171152114868164e-01,9.013190865516662598e-01,9.489841461181640625e-01,9.300677776336669922e-01,8.938308358192443848e-01,9.455580711364746094e-01,8.915423750877380371e-01,8.641850352287292480e-01,9.437078237533569336e-01,9.064118862152099609e-01,8.496890664100646973e-01,9.422216415405273438e-01,9.119087457656860352e-01,8.750805258750915527e-01,9.393186569213867188e-01,8.819441795349121094e-01,8.408449292182922363e-01,9.370421171188354492e-01,8.950640559196472168e-01,8.562405109405517578e-01,8.542439937591552734e-01,8.023304939270019531e-01,7.616972327232360840e-01,8.508304357528686523e-01,8.229430913925170898e-01,7.789479494094848633e-01,8.486141562461853027e-01
9.338008165359497070e-01,9.739027023315429688e-01,9.852882027626037598e-01,9.778746366500854492e-01,9.906126856803894043e-01,9.936093091964721680e-01,9.802785515785217285e-01,9.883459210395812988e-01,1.000000119209289551e+00,9.827085733413696289e-01,9.782523512840270996e-01,9.900690913200378418e-01,9.902207255363464355e-01,9.741232991218566895e-01,9.335855841636657715e-01,9.896799325942993164e-01,9.740997552871704102e-01,9.044777750968933105e-01,9.892969131469726562e-01,9.822658896446228027e-01,9.764357209205627441e-01,9.890224337577819824e-01,9.785098433494567871e-01,9.272136688232421875e-01,9.710109829902648926e-01,9.579443931579589844e-01,9.295138120651245117e-01,9.689050316810607910e-01,9.315308928489685059e-01,9.061355590820312500e-01,9.677751064300537109e-01,9.437569379806518555e-01,9.012085199356079102e-01,9.667727947235107422e-01,9.420489668846130371e-01,9.116218090057373047e-01,9.648509621620178223e-01,9.242241978645324707e-01,8.929868936538696289e-01,9.635697603225708008e-01,9.342856407165527344e-01,9.021321535110473633e-01,8.841150403022766113e-01,8.432630300521850586e-01,8.087972402572631836e-01,8.817490935325622559e-01,8.610014319419860840e-01,8.247240781784057617e-01,8.802459836006164551e-01
9.793231487274169922e-01,9.926818609237670898e-01,9.825602173805236816e-01,9.994735121726989746e-01,9.940691590309143066e-01,9.834356904029846191e-01,9.998582005500793457e-01,9.963748455047607422e-01,9.827085733413696289e-01,1.000000000000000000e+00,9.862307906150817871e-01,9.755817055702209473e-01,9.829246401786804199e-01,9.482932686805725098e-01,8.952420949935913086e-01,9.805694818496704102e-01,9.497410058975219727e-01,8.529326319694519043e-01,9.791291356086730957e-01,9.597365856170654297e-01,9.488410949707031250e-01,9.776053428649902344e-01,9.575993418693542480e-01,8.907173871994018555e-01,9.471539855003356934e-01,9.273992180824279785e-01,8.908479213714599609e-01,9.433463215827941895e-01,8.856678605079650879e-01,8.562976717948913574e-01,9.414054751396179199e-01,9.033765196800231934e-01,8.452931046485900879e-01,9.396672844886779785e-01,9.061544537544250488e-01,8.663439750671386719e-01,9.365643262863159180e-01,8.748689889907836914e-01,8.305270075798034668e-01,9.342465996742248535e-01,8.900483250617980957e-01,8.513330221176147461e-01,8.510106801986694336e-01,7.946702837944030762e-01,7.532335519790649414e-01,8.474310636520385742e-01,8.183180093765258789e-01,7.724947929382324219e-01,8.451117873191833496e-01
9.529854059219360352e-01,9.664139151573181152e-01,9.700909256935119629e-01,9.841344356536865234e-01,9.890904426574707031e-01,9.755734205245971680e-01,9.853423237800598145e-01,9.907231330871582031e-01,9.782523512840270996e-01,9.862307906150817871e-01,1.000000000000000000e+00,9.786612391471862793e-01,9.744567871093750000e-01,9.527785778045654297e-01,9.047504067420959473e-01,9.724672436714172363e-01,9.536135792732238770e-01,8.883286118507385254e-01,9.713174104690551758e-01,9.581321477890014648e-01,9.446331262588500977e-01,9.706150889396667480e-01,9.656185507774353027e-01,9.237578511238098145e-01,9.478377699851989746e-01,9.321324825286865234e-01,8.968235850334167480e-01,9.450261592864990234e-01,8.964267969131469727e-01,8.731724619865417480e-01,9.432812929153442383e-01,9.037203192710876465e-01,8.507430553436279297e-01,9.421929121017456055e-01,9.186024665832519531e-01,8.850682973861694336e-01,9.396232962608337402e-01,8.884124159812927246e-01,8.497450947761535645e-01,9.371141195297241211e-01,8.991745710372924805e-01,8.591904640197753906e-01,8.554782271385192871e-01,8.115940690040588379e-01,7.723196148872375488e-01,8.523042798042297363e-01,8.265936374664306641e-01,7.847250699996948242e-01,8.502589464187622070e-01
9.140986800193786621e-01,9.702200293540954590e-01,9.912807345390319824e-01,9.686517715454101562e-01,9.837700724601745605e-01,9.917535185813903809e-01,9.721837639808654785e-01,9.790008068084716797e-01,9.900690913200378418e-01,9.755817055702209473e-01,9.786612391471862793e-01,9.999998807907104492e-01,9.945225715637207031e-01,9.878532290458679199e-01,9.587830305099487305e-01,9.947154521942138672e-01,9.890944957733154297e-01,9.359194636344909668e-01,9.948109984397888184e-01,9.917500615119934082e-01,9.870495200157165527e-01,9.950261712074279785e-01,9.922190904617309570e-01,9.548332095146179199e-01,9.861071705818176270e-01,9.769825935363769531e-01,9.541053771972656250e-01,9.848718047142028809e-01,9.575911164283752441e-01,9.377879500389099121e-01,9.841273427009582520e-01,9.646701812744140625e-01,9.289215803146362305e-01,9.835590124130249023e-01,9.666735529899597168e-01,9.413670301437377930e-01,9.823344349861145020e-01,9.505871534347534180e-01,9.224186539649963379e-01,9.813574552536010742e-01,9.587096571922302246e-01,9.292335510253906250e-01,9.062586426734924316e-01,8.736844658851623535e-01,8.420130014419555664e-01,9.045355319976806641e-01,8.875443339347839355e-01,8.545451164245605469e-01,9.033797383308410645e-01
9.283397197723388672e-01,9.801124930381774902e-01,9.948219656944274902e-01,9.768090844154357910e-01,9.861234426498413086e-01,9.935990571975708008e-01,9.799246788024902344e-01,9.810688495635986328e-01,9.902207255363464355e-01,9.829246401786804199e-01,9.744567871093750000e-01,9.945225715637207031e-01,1.000000000000000000e+00,9.875550270080566406e-01,9.545338153839111328e-01,9.999164938926696777e-01,9.884086847305297852e-01,9.212306737899780273e-01,9.997930526733398438e-01,9.941099286079406738e-01,9.879305958747863770e-01,9.996042847633361816e-01,9.905413985252380371e-01,9.421777725219726562e-01,9.855803251266479492e-01,9.753058552742004395e-01,9.489270448684692383e-01,9.838289022445678711e-01,9.502851963043212891e-01,9.247455000877380371e-01,9.829374551773071289e-01,9.629371166229248047e-01,9.222088456153869629e-01,9.820402264595031738e-01,9.608039855957031250e-01,9.290580749511718750e-01,9.804957509040832520e-01,9.437890648841857910e-01,9.098077416419982910e-01,9.794569611549377441e-01,9.542500972747802734e-01,9.231125116348266602e-01,9.039751887321472168e-01,8.653066754341125488e-01,8.296143412590026855e-01,9.019749760627746582e-01,8.832442760467529297e-01,8.450579047203063965e-01,9.006473422050476074e-01
8.680962920188903809e-01,9.444388151168823242e-01,9.808118939399719238e-01,9.378199577331542969e-01,9.592269062995910645e-01,9.748673439025878906e-01,9.430564045906066895e-01,9.508193135261535645e-01,9.741232991218566895e-01,9.482932686805725098e-01,9.527785778045654297e-01,9.878532290458679199e-01,9.875550270080566406e-01,9.999999403953552246e-01,9.857957363128662109e-01,9.891334176063537598e-01,9.980232119560241699e-01,9.634166955947875977e-01,9.899702668190002441e-01,9.947520494461059570e-01,9.891726374626159668e-01,9.909513592720031738e-01,9.971888065338134766e-01,9.755743145942687988e-01,9.922054409980773926e-01,9.917121529579162598e-01,9.739888906478881836e-01,9.923651814460754395e-01,9.798302054405212402e-01,9.611653089523315430e-01,9.923396706581115723e-01,9.836659431457519531e-01,9.566017389297485352e-01,9.923664927482604980e-01,9.853960871696472168e-01,9.635233879089355469e-01,9.922039508819580078e-01,9.759706258773803711e-01,9.514061212539672852e-01,9.919163584709167480e-01,9.816416501998901367e-01,9.558894634246826172e-01,9.231419563293457031e-01,9.029948711395263672e-01,8.724715113639831543e-01,9.224370718002319336e-01,9.117662906646728516e-01,8.820713162422180176e-01,9.218944907188415527e-01
7.945427298545837402e-01,8.953753113746643066e-01,9.490549564361572266e-01,8.811395168304443359e-01,9.076330661773681641e-01,9.346351623535156250e-01,8.881948590278625488e-01,8.981512784957885742e-01,9.335855841636657715e-01,8.952420949935913086e-01,9.047504067420959473e-01,9.587830305099487305e-01,9.545338153839111328e-01,9.857957363128662109e-01,1.000000119209289551e+00,9.576658606529235840e-01,9.835273623466491699e-01,9.787840843200683594e-01,9.593491554260253906e-01,9.723457098007202148e-01,9.728448987007141113e-01,9.612661004066467285e-01,9.794895648956298828e-01,9.827642440795898438e-01,9.788188338279724121e-01,9.872952103614807129e-01,9.887120723724365234e-01,9.806186556816101074e-01,9.872298836708068848e-01,9.833158254623413086e-01,9.814167022705078125e-01,9.855368733406066895e-01,9.794774651527404785e-01,9.820927977561950684e-01,9.881240725517272949e-01,9.840808510780334473e-01,9.832777976989746094e-01,9.846000075340270996e-01,9.748055338859558105e-01,9.838473796844482422e-01,9.870764017105102539e-01,9.744725227355957031e-01,9.224260449409484863e-01,9.184567332267761230e-01,9.021200537681579590e-01,9.230989813804626465e-01,9.206140041351318359e-01,9.083453416824340820e-01,9.233248233795166016e-01
9.236450195312500000e-01,9.780707955360412598e-01,9.945910573005676270e-01,9.740604162216186523e-01,9.844704270362854004e-01,9.931640625000000000e-01,9.773661494255065918e-01,9.788789153099060059e-01,9.896799325942993164e-01,9.805694818496704102e-01,9.724672436714172363e-01,9.947154521942138672e-01,9.999164938926696777e-01,9.891334176063537598e-01,9.576658606529235840e-01,9.999999403953552246e-01,9.899116754531860352e-01,9.249380230903625488e-01,9.999703168869018555e-01,9.952527284622192383e-01,9.894159436225891113e-01,9.998759031295776367e-01,9.916493892669677734e-01,9.446840286254882812e-01,9.869857430458068848e-01,9.774016141891479492e-01,9.518550038337707520e-01,9.853857159614562988e-01,9.536513090133666992e-01,9.285541176795959473e-01,9.845721125602722168e-01,9.658668041229248047e-01,9.265054464340209961e-01,9.837388396263122559e-01,9.634031057357788086e-01,9.324116110801696777e-01,9.823096394538879395e-01,9.473888874053955078e-01,9.142987132072448730e-01,9.813646078109741211e-01,9.574947357177734375e-01,9.269661903381347656e-01,9.063423871994018555e-01,8.690256476402282715e-01,8.339107632637023926e-01,9.044604301452636719e-01,8.864845633506774902e-01,8.490695953369140625e-01,9.032066464424133301e-01
8.691744208335876465e-01,9.475975036621093750e-01,9.819250106811523438e-01,9.393464326858520508e-01,9.604933261871337891e-01,9.765840768814086914e-01,9.445499181747436523e-01,9.526273012161254883e-01,9.740997552871704102e-01,9.497410058975219727e-01,9.536135792732238770e-01,9.890944957733154297e-01,9.884086847305297852e-01,9.980232119560241699e-01,9.835273623466491699e-01,9.899116754531860352e-01,1.000000000000000000e+00,9.648799300193786621e-01,9.907793998718261719e-01,9.946713447570800781e-01,9.893010854721069336e-01,9.917400479316711426e-01,9.975146651268005371e-01,9.748222827911376953e-01,9.928396344184875488e-01,9.913192391395568848e-01,9.740853905677795410e-01,9.929344058036804199e-01,9.804881215095520020e-01,9.626505970954895020e-01,9.928894042968750000e-01,9.842324852943420410e-01,9.569430351257324219e-01,9.928769469261169434e-01,9.866293072700500488e-01,9.652503132820129395e-01,9.926986098289489746e-01,9.764420390129089355e-01,9.522654414176940918e-01,9.924313426017761230e-01,9.818029999732971191e-01,9.558268785476684570e-01,9.224692583084106445e-01,9.018923044204711914e-01,8.719334006309509277e-01,9.217400550842285156e-01,9.113101959228515625e-01,8.819567561149597168e-01,9.211587905883789062e-01
7.364433407783508301e-01,8.406583666801452637e-01,9.078612327575683594e-01,8.367851376533508301e-01,8.777143359184265137e-01,9.039077758789062500e-01,8.448418378829956055e-01,8.648030757904052734e-01,9.044777750968933105e-01,8.529326319694519043e-01,8.883286118507385254e-01,9.359194636344909668e-01,9.212306737899780273e-01,9.634166955947875977e-01,9.787840843200683594e-01,9.249380230903625488e-01,9.648799300193786621e-01,1.000000119209289551e+00,9.271450638771057129e-01,9.488539099693298340e-01,9.462682008743286133e-01,9.300252199172973633e-01,9.630571007728576660e-01,9.878227710723876953e-01,9.532076716423034668e-01,9.652228355407714844e-01,9.667292833328247070e-01,9.561331868171691895e-01,9.761708378791809082e-01,9.769063591957092285e-01,9.571948051452636719e-01,9.618247747421264648e-01,9.617446660995483398e-01,9.585524797439575195e-01,9.738983511924743652e-01,9.749614000320434570e-01,9.603219032287597656e-01,9.758405089378356934e-01,9.739133715629577637e-01,9.608516693115234375e-01,9.723613858222961426e-01,9.561107158660888672e-01,8.973352909088134766e-01,9.069201946258544922e-01,8.937744498252868652e-01,8.984841108322143555e-01,9.022140502929687500e-01,8.941224217414855957e-01,8.990609645843505859e-01
9.208168387413024902e-01,9.768270254135131836e-01,9.943504333496093750e-01,9.723897576332092285e-01,9.834246635437011719e-01,9.928174018859863281e-01,9.758065342903137207e-01,9.775964021682739258e-01,9.892969131469726562e-01,9.791291356086730957e-01,9.713174104690551758e-01,9.948109984397888184e-01,9.997930526733398438e-01,9.899702668190002441e-01,9.593491554260253906e-01,9.999703168869018555e-01,9.907793998718261719e-01,9.271450638771057129e-01,1.000000000000000000e+00,9.958233237266540527e-01,9.901581406593322754e-01,9.999625086784362793e-01,9.922377467155456543e-01,9.461119174957275391e-01,9.877273440361022949e-01,9.785300493240356445e-01,9.534221887588500977e-01,9.862179160118103027e-01,9.555689096450805664e-01,9.306966662406921387e-01,9.854499101638793945e-01,9.675002694129943848e-01,9.288743138313293457e-01,9.846559166908264160e-01,9.648891091346740723e-01,9.343061447143554688e-01,9.832957983016967773e-01,9.494578242301940918e-01,9.168739318847656250e-01,9.824051260948181152e-01,9.593290090560913086e-01,9.290965199470520020e-01,9.076162576675415039e-01,8.711212277412414551e-01,8.363066315650939941e-01,9.058036208152770996e-01,8.882857561111450195e-01,8.512812852859497070e-01,9.045927524566650391e-01
8.867092132568359375e-01,9.562757611274719238e-01,9.861370921134948730e-01,9.506379365921020508e-01,9.696798324584960938e-01,9.852893352508544922e-01,9.551988244056701660e-01,9.603176116943359375e-01,9.822658896446228027e-01,9.597365856170654297e-01,9.581321477890014648e-01,9.917500615119934082e-01,9.941099286079406738e-01,9.947520494461059570e-01,9.723457098007202148e-01,9.952527284622192383e-01,9.946713447570800781e-01,9.488539099693298340e-01,9.958233237266540527e-01,1.000000000000000000e+00,9.960268735885620117e-01,9.964309930801391602e-01,9.954977035522460938e-01,9.597924947738647461e-01,9.910059571266174316e-01,9.863113760948181152e-01,9.656377434730529785e-01,9.904271960258483887e-01,9.708025455474853516e-01,9.488919973373413086e-01,9.900869131088256836e-01,9.789378643035888672e-01,9.486540555953979492e-01,9.897291064262390137e-01,9.755997657775878906e-01,9.495639204978942871e-01,9.890207648277282715e-01,9.668166637420654297e-01,9.399124979972839355e-01,9.885894656181335449e-01,9.740160107612609863e-01,9.466028213500976562e-01,9.166036844253540039e-01,8.890161514282226562e-01,8.578149080276489258e-01,9.154685139656066895e-01,9.026730656623840332e-01,8.701397776603698730e-01,9.146969318389892578e-01
8.724057078361511230e-01,9.489361047744750977e-01,9.816048741340637207e-01,9.391490817070007324e-01,9.585806131362915039e-01,9.801130890846252441e-01,9.440234303474426270e-01,9.491375684738159180e-01,9.764357209205627441e-01,9.488410949707031250e-01,9.446331262588500977e-01,9.870495200157165527e-01,9.879305958747863770e-01,9.891726374626159668e-01,9.728448987007141113e-01,9.894159436225891113e-01,9.893010854721069336e-01,9.462682008743286133e-01,9.901581406593322754e-01,9.960268735885620117e-01,1.000000000000000000e+00,9.909455776214599609e-01,9.890598058700561523e-01,9.545593261718750000e-01,9.894027113914489746e-01,9.853367805480957031e-01,9.716078042984008789e-01,9.890192747116088867e-01,9.726989269256591797e-01,9.549703001976013184e-01,9.888306260108947754e-01,9.814807176589965820e-01,9.589663147926330566e-01,9.884484410285949707e-01,9.748127460479736328e-01,9.548875093460083008e-01,9.879397749900817871e-01,9.687040448188781738e-01,9.481350183486938477e-01,9.878324866294860840e-01,9.755308032035827637e-01,9.549274444580078125e-01,9.179633259773254395e-01,8.915091156959533691e-01,8.668906092643737793e-01,9.170697927474975586e-01,9.057886004447937012e-01,8.798359036445617676e-01,9.164761304855346680e-01
9.177194237709045410e-01,9.751908779144287109e-01,9.939481616020202637e-01,9.706206917762756348e-01,9.824413657188415527e-01,9.924469590187072754e-01,9.741586446762084961e-01,9.763982892036437988e-01,9.890224337577819824e-01,9.776053428649902344e-01,9.706150889396667480e-01,9.950261712074279785e-01,9.996042847633361816e-01,9.909513592720031738e-01,9.612661004066467285e-01,9.998759031295776367e-01,9.917400479316711426e-01,9.300252199172973633e-01,9.999625086784362793e-01,9.964309930801391602e-01,9.909455776214599609e-01,1.000000119209289551e+00,9.930484294891357422e-01,9.482659101486206055e-01,9.885908365249633789e-01,9.798638224601745605e-01,9.552788138389587402e-01,9.871864318847656250e-01,9.577417969703674316e-01,9.332654476165771484e-01,9.864650368690490723e-01,9.691809415817260742e-01,9.314403533935546875e-01,9.857192635536193848e-01,9.666993021965026855e-01,9.367079734802246094e-01,9.844332933425903320e-01,9.518166184425354004e-01,9.198933839797973633e-01,9.835900664329528809e-01,9.613866806030273438e-01,9.315109252929687500e-01,9.090806245803833008e-01,8.736057281494140625e-01,8.391974568367004395e-01,9.073409438133239746e-01,8.903254866600036621e-01,8.538658022880554199e-01,9.061765670776367188e-01
8.819751143455505371e-01,9.499070048332214355e-01,9.827433824539184570e-01,9.481827616691589355e-01,9.682238698005676270e-01,9.800473451614379883e-01,9.529370665550231934e-01,9.609171152114868164e-01,9.785098433494567871e-01,9.575993418693542480e-01,9.656185507774353027e-01,9.922190904617309570e-01,9.905413985252380371e-01,9.971888065338134766e-01,9.794895648956298828e-01,9.916493892669677734e-01,9.975146651268005371e-01,9.630571007728576660e-01,9.922377467155456543e-01,9.954977035522460938e-01,9.890598058700561523e-01,9.930484294891357422e-01,1.000000119209289551e+00,9.771645665168762207e-01,9.910236597061157227e-01,9.883500337600708008e-01,9.695408344268798828e-01,9.908012747764587402e-01,9.736948013305664062e-01,9.563134312629699707e-01,9.905182719230651855e-01,9.774748086929321289e-01,9.476079940795898438e-01,9.904159903526306152e-01,9.817411303520202637e-01,9.597712755203247070e-01,9.899262785911560059e-01,9.694778323173522949e-01,9.441913366317749023e-01,9.892825484275817871e-01,9.753978252410888672e-01,9.476151466369628906e-01,9.160573482513427734e-01,8.932349085807800293e-01,8.628795742988586426e-01,9.150401949882507324e-01,9.028012156486511230e-01,8.727250695228576660e-01,9.142864346504211426e-01
7.908874154090881348e-01,8.762583136558532715e-01,9.326512813568115234e-01,8.774174451828002930e-01,9.093061089515686035e-01,9.248052239418029785e-01,8.841167092323303223e-01,9.013190865516662598e-01,9.272136688232421875e-01,8.907173871994018555e-01,9.237578511238098145e-01,9.548332095146179199e-01,9.421777725219726562e-01,9.755743145942687988e-01,9.827642440795898438e-01,9.446840286254882812e-01,9.748222827911376953e-01,9.878227710723876953e-01,9.461119174957275391e-01,9.597924947738647461e-01,9.545593261718750000e-01,9.482659101486206055e-01,9.771645665168762207e-01,1.000000000000000000e+00,9.660260081291198730e-01,9.740190505981445312e-01,9.697262644767761230e-01,9.678909778594970703e-01,9.720110893249511719e-01,9.704149961471557617e-01,9.683938622474670410e-01,9.634883403778076172e-01,9.523560404777526855e-01,9.693679809570312500e-01,9.796809554100036621e-01,9.762711524963378906e-01,9.703667163848876953e-01,9.720273613929748535e-01,9.617925286293029785e-01,9.701673984527587891e-01,9.716979265213012695e-01,9.551248550415039062e-01,9.112015366554260254e-01,9.111933708190917969e-01,8.901488780975341797e-01,9.114936590194702148e-01,9.070769548416137695e-01,8.905792832374572754e-01,9.114896655082702637e-01
8.699356317520141602e-01,9.468260407447814941e-01,9.799579977989196777e-01,9.372954964637756348e-01,9.565990567207336426e-01,9.739359617233276367e-01,9.422549605369567871e-01,9.489841461181640625e-01,9.710109829902648926e-01,9.471539855003356934e-01,9.478377699851989746e-01,9.861071705818176270e-01,9.855803251266479492e-01,9.922054409980773926e-01,9.788188338279724121e-01,9.869857430458068848e-01,9.928396344184875488e-01,9.532076716423034668e-01,9.877273440361022949e-01,9.910059571266174316e-01,9.894027113914489746e-01,9.885908365249633789e-01,9.910236597061157227e-01,9.660260081291198730e-01,9.999999403953552246e-01,9.971638917922973633e-01,9.821327328681945801e-01,9.999141097068786621e-01,9.854353070259094238e-01,9.681497812271118164e-01,9.998133182525634766e-01,9.912391304969787598e-01,9.654821753501892090e-01,9.996774196624755859e-01,9.910287857055664062e-01,9.707528948783874512e-01,9.993860721588134766e-01,9.818860888481140137e-01,9.589499235153198242e-01,9.991251230239868164e-01,9.879246950149536133e-01,9.662840962409973145e-01,9.393070936203002930e-01,9.163245558738708496e-01,8.864175677299499512e-01,9.384745359420776367e-01,9.270458221435546875e-01,8.964135646820068359e-01,9.378433227539062500e-01
8.399649858474731445e-01,9.274828433990478516e-01,9.691176414489746094e-01,9.157754778861999512e-01,9.390699863433837891e-01,9.602528214454650879e-01,9.216052889823913574e-01,9.300677776336669922e-01,9.579443931579589844e-01,9.273992180824279785e-01,9.321324825286865234e-01,9.769825935363769531e-01,9.753058552742004395e-01,9.917121529579162598e-01,9.872952103614807129e-01,9.774016141891479492e-01,9.913192391395568848e-01,9.652228355407714844e-01,9.785300493240356445e-01,9.863113760948181152e-01,9.853367805480957031e-01,9.798638224601745605e-01,9.883500337600708008e-01,9.740190505981445312e-01,9.971638917922973633e-01,1.000000000000000000e+00,9.896475076675415039e-01,9.978560805320739746e-01,9.921386241912841797e-01,9.784245491027832031e-01,9.981262087821960449e-01,9.944463372230529785e-01,9.756104946136474609e-01,9.983326196670532227e-01,9.955026507377624512e-01,9.797657728195190430e-01,9.986122846603393555e-01,9.894886612892150879e-01,9.708815813064575195e-01,9.986798763275146484e-01,9.938248395919799805e-01,9.752368927001953125e-01,9.409742951393127441e-01,9.254077076911926270e-01,8.990004062652587891e-01,9.406956434249877930e-01,9.329385757446289062e-01,9.071347713470458984e-01,9.404029846191406250e-01
7.930839657783508301e-01,8.940716981887817383e-01,9.440394043922424316e-01,8.774248957633972168e-01,9.025022387504577637e-01,9.315441846847534180e-01,8.841701745986938477e-01,8.938308358192443848e-01,9.295138120651245117e-01,8.908479213714599609e-01,8.968235850334167480e-01,9.541053771972656250e-01,9.489270448684692383e-01,9.739888906478881836e-01,9.887120723724365234e-01,9.518550038337707520e-01,9.740853905677795410e-01,9.667292833328247070e-01,9.534221887588500977e-01,9.656377434730529785e-01,9.716078042984008789e-01,9.552788138389587402e-01,9.695408344268798828e-01,9.697262644767761230e-01,9.821327328681945801e-01,9.896475076675415039e-01,1.000000000000000000e+00,9.836976528167724609e-01,9.894120097160339355e-01,9.914823174476623535e-01,9.844293594360351562e-01,9.881117343902587891e-01,9.882999658584594727e-01,9.849001765251159668e-01,9.887816309928894043e-01,9.914613962173461914e-01,9.859243631362915039e-01,9.858225584030151367e-01,9.829441308975219727e-01,9.865269064903259277e-01,9.886140227317810059e-01,9.855245351791381836e-01,9.348747730255126953e-01,9.281501770019531250e-01,9.183787703514099121e-01,9.354149699211120605e-01,9.329757094383239746e-01,9.254571199417114258e-01,9.355762600898742676e-01
8.638515472412109375e-01,9.430606961250305176e-01,9.780017137527465820e-01,9.331107735633850098e-01,9.534978866577148438e-01,9.717406630516052246e-01,9.382548332214355469e-01,9.455580711364746094e-01,9.689050316810607910e-01,9.433463215827941895e-01,9.450261592864990234e-01,9.848718047142028809e-01,9.838289022445678711e-01,9.923651814460754395e-01,9.806186556816101074e-01,9.853857159614562988e-01,9.929344058036804199e-01,9.561331868171691895e-01,9.862179160118103027e-01,9.904271960258483887e-01,9.890192747116088867e-01,9.871864318847656250e-01,9.908012747764587402e-01,9.678909778594970703e-01,9.999141097068786621e-01,9.978560805320739746e-01,9.836976528167724609e-01,1.000000119209289551e+00,9.874520897865295410e-01,9.708229303359985352e-01,9.999780654907226562e-01,9.925345778465270996e-01,9.681718349456787109e-01,9.999210238456726074e-01,9.924875497817993164e-01,9.731765389442443848e-01,9.997547268867492676e-01,9.841692447662353516e-01,9.622263908386230469e-01,9.995743036270141602e-01,9.897633790969848633e-01,9.687322974205017090e-01,9.403841495513916016e-01,9.190482497215270996e-01,8.897742629051208496e-01,9.396754503250122070e-01,9.290638566017150879e-01,8.993107080459594727e-01,9.391204118728637695e-01
7.797270417213439941e-01,8.886165022850036621e-01,9.432338476181030273e-01,8.710237145423889160e-01,9.036614894866943359e-01,9.344288110733032227e-01,8.783163428306579590e-01,8.915423750877380371e-01,9.315308928489685059e-01,8.856678605079650879e-01,8.964267969131469727e-01,9.575911164283752441e-01,9.502851963043212891e-01,9.798302054405212402e-01,9.872298836708068848e-01,9.536513090133666992e-01,9.804881215095520020e-01,9.761708378791809082e-01,9.555689096450805664e-01,9.708025455474853516e-01,9.726989269256591797e-01,9.577417969703674316e-01,9.736948013305664062e-01,9.720110893249511719e-01,9.854353070259094238e-01,9.921386241912841797e-01,9.894120097160339355e-01,9.874520897865295410e-01,9.999998807907104492e-01,9.910190105438232422e-01,9.883780479431152344e-01,9.950532913208007812e-01,9.881784915924072266e-01,9.891780614852905273e-01,9.956144094467163086e-01,9.872972965240478516e-01,9.904452562332153320e-01,9.971752166748046875e-01,9.874340891838073730e-01,9.912894964218139648e-01,9.976121187210083008e-01,9.837846755981445312e-01,9.376171231269836426e-01,9.352770447731018066e-01,9.151175022125244141e-01,9.383668899536132812e-01,9.381605982780456543e-01,9.200978875160217285e-01,9.387100934982299805e-01
7.441454529762268066e-01,8.583510518074035645e-01,9.195764660835266113e-01,8.406956791877746582e-01,8.755241632461547852e-01,9.084490537643432617e-01,8.484987616539001465e-01,8.641850352287292480e-01,9.061355590820312500e-01,8.562976717948913574e-01,8.731724619865417480e-01,9.377879500389099121e-01,9.247455000877380371e-01,9.611653089523315430e-01,9.833158254623413086e-01,9.285541176795959473e-01,9.626505970954895020e-01,9.769063591957092285e-01,9.306966662406921387e-01,9.488919973373413086e-01,9.549703001976013184e-01,9.332654476165771484e-01,9.563134312629699707e-01,9.704149961471557617e-01,9.681497812271118164e-01,9.784245491027832031e-01,9.914823174476623535e-01,9.708229303359985352e-01,9.910190105438232422e-01,9.999998807907104492e-01,9.720306396484375000e-01,9.813699722290039062e-01,9.896430373191833496e-01,9.731054902076721191e-01,9.858626723289489746e-01,9.952562451362609863e-01,9.749212861061096191e-01,9.873781800270080566e-01,9.913892149925231934e-01,9.759693145751953125e-01,9.863219857215881348e-01,9.844505190849304199e-01,9.261679053306579590e-01,9.313353300094604492e-01,9.262209534645080566e-01,9.274892807006835938e-01,9.302743077278137207e-01,9.292008876800537109e-01,9.281277656555175781e-01
8.608077168464660645e-01,9.413394331932067871e-01,9.770874977111816406e-01,9.309836626052856445e-01,9.518501758575439453e-01,9.706528782844543457e-01,9.362183809280395508e-01,9.437078237533569336e-01,9.677751064300537109e-01,9.414054751396179199e-01,9.432812929153442383e-01,9.841273427009582520e-01,9.829374551773071289e-01,9.923396706581115723e-01,9.814167022705078125e-01,9.845721125602722168e-01,9.928894042968750000e-01,9.571948051452636719e-01,9.854499101638793945e-01,9.900869131088256836e-01,9.888306260108947754e-01,9.864650368690490723e-01,9.905182719230651855e-01,9.683938622474670410e-01,9.998133182525634766e-01,9.981262087821960449e-01,9.844293594360351562e-01,9.999780654907226562e-01,9.883780479431152344e-01,9.720306396484375000e-01,1.000000000000000000e+00,9.932096600532531738e-01,9.695475697517395020e-01,9.999774098396301270e-01,9.930938482284545898e-01,9.742121696472167969e-01,9.998724460601806641e-01,9.852061867713928223e-01,9.637260437011718750e-01,9.997401237487792969e-01,9.906146526336669922e-01,9.699378013610839844e-01,9.408168792724609375e-01,9.202280044555664062e-01,8.912774920463562012e-01,9.401711225509643555e-01,9.299521446228027344e-01,9.006440043449401855e-01,9.396547675132751465e-01
8.061482310295104980e-01,9.086816310882568359e-01,9.558315873146057129e-01,8.901151418685913086e-01,9.176197648048400879e-01,9.475941061973571777e-01,8.967220783233642578e-01,9.064118862152099609e-01,9.437569379806518555e-01,9.033765196800231934e-01,9.037203192710876465e-01,9.646701812744140625e-01,9.629371166229248047e-01,9.836659431457519531e-01,9.855368733406066895e-01,9.658668041229248047e-01,9.842324852943420410e-01,9.618247747421264648e-01,9.675002694129943848e-01,9.789378643035888672e-01,9.814807176589965820e-01,9.691809415817260742e-01,9.774748086929321289e-01,9.634883403778076172e-01,9.912391304969787598e-01,9.944463372230529785e-01,9.881117343902587891e-01,9.925345778465270996e-01,9.950532913208007812e-01,9.813699722290039062e-01,9.932096600532531738e-01,1.000000119209289551e+00,9.869962334632873535e-01,9.936392307281494141e-01,9.936541318893432617e-01,9.802122712135314941e-01,9.944565892219543457e-01,9.945352673530578613e-01,9.796311259269714355e-01,9.952265620231628418e-01,9.975569844245910645e-01,9.828768372535705566e-01,9.419326186180114746e-01,9.315905570983886719e-01,9.069605469703674316e-01,9.422823190689086914e-01,9.379265308380126953e-01,9.143455624580383301e-01,9.423669576644897461e-01
