9.993292753027464004e-01,4.895285988594509363e-01,4.687158594487091379e-01,2.982066323777338712e-01,3.355552386333149895e-01,2.815038926237619643e-01,2.371294497881937247e-01
4.895285988594509363e-01,9.643474727505386701e-01,8.933720417989634566e-01,5.944948733125702267e-01,5.998619735210624082e-01,4.967100970179574304e-01,4.352315673776893101e-01
4.687158594487091379e-01,8.933720417989634566e-01,9.719705096650975706e-01,7.742915239105854219e-01,7.614325851665365574e-01,6.284772698796791124e-01,5.419937681394493278e-01
2.982066323777338712e-01,5.944948733125702267e-01,7.742915239105854219e-01,9.053836042914017446e-01,8.435194386754135687e-01,7.024879197141401521e-01,6.054812104097390124e-01
3.355552386333149895e-01,5.998619735210624082e-01,7.614325851665365574e-01,8.435194386754135687e-01,9.005429824989020782e-01,7.948611761676601661e-01,7.160946969020584030e-01
2.815038926237619643e-01,4.967100970179574304e-01,6.284772698796791124e-01,7.024879197141401521e-01,7.948611761676601661e-01,8.175184542139740662e-01,7.337916792323959658e-01
2.371294497881937247e-01,4.352315673776893101e-01,5.419937681394493278e-01,6.054812104097390124e-01,7.160946969020584030e-01,7.337916792323959658e-01,8.397407672214040053e-01
