9.848241806030273438e-01,9.536493420600891113e-01,8.364062309265136719e-01,9.601124525070190430e-01,8.593485951423645020e-01,7.314195036888122559e-01,9.552679657936096191e-01,8.167947530746459961e-01,6.281907558441162109e-01,9.515283107757568359e-01,9.193865060806274414e-01,8.733873963356018066e-01,8.868494629859924316e-01,8.156219124794006348e-01,7.434313893318176270e-01,8.803343176841735840e-01,8.176015019416809082e-01,7.907745838165283203e-01,8.742939233779907227e-01,7.510907053947448730e-01,6.585648059844970703e-01,8.697295188903808594e-01,7.651085257530212402e-01,7.444152832031250000e-01,8.279291987419128418e-01,8.128241300582885742e-01,7.306886911392211914e-01,8.229609727859497070e-01,7.598265409469604492e-01,6.902334094047546387e-01,8.192467689514160156e-01,7.435914278030395508e-01,7.022212743759155273e-01,8.150365948677062988e-01,7.394717335700988770e-01,6.411060690879821777e-01,8.097786307334899902e-01,7.136214375495910645e-01,6.347373127937316895e-01,8.057637214660644531e-01,7.559660077095031738e-01,6.511067152023315430e-01,6.999579668045043945e-01,6.715047955513000488e-01,6.484580039978027344e-01,6.944904923439025879e-01,6.411520838737487793e-01,6.029713153839111328e-01,6.910361051559448242e-01
9.536493420600891113e-01,9.559518098831176758e-01,8.850780725479125977e-01,9.654865264892578125e-01,8.814584016799926758e-01,7.578800916671752930e-01,9.629934430122375488e-01,8.806610703468322754e-01,7.284013628959655762e-01,9.619703888893127441e-01,9.576866626739501953e-01,9.198665022850036621e-01,9.120265245437622070e-01,8.535990715026855469e-01,7.997432351112365723e-01,9.070910811424255371e-01,8.372226357460021973e-01,8.111729621887207031e-01,9.025523662567138672e-01,7.915031909942626953e-01,7.162901759147644043e-01,8.992351889610290527e-01,8.116198778152465820e-01,7.936033606529235840e-01,8.608623743057250977e-01,8.490173816680908203e-01,7.846789360046386719e-01,8.570528626441955566e-01,8.116637468338012695e-01,7.545914053916931152e-01,8.540346622467041016e-01,7.908765673637390137e-01,7.550156116485595703e-01,8.507112860679626465e-01,7.916553616523742676e-01,7.141408920288085938e-01,8.464735150337219238e-01,7.604520320892333984e-01,6.907321810722351074e-01,8.435273170471191406e-01,7.994180917739868164e-01,7.128936052322387695e-01,7.325757145881652832e-01,7.101105451583862305e-01,6.944223642349243164e-01,7.279962897300720215e-01,6.860346794128417969e-01,6.554504632949829102e-01,7.251670956611633301e-01
8.364062309265136719e-01,8.850780725479125977e-01,9.272761344909667969e-01,9.817443490028381348e-01,9.352308511734008789e-01,8.445995450019836426e-01,9.816600084304809570e-01,9.119860529899597168e-01,7.648938894271850586e-01,9.821310639381408691e-01,9.440093636512756348e-01,8.906155824661254883e-01,9.546965956687927246e-01,9.098629355430603027e-01,8.611695170402526855e-01,9.513070583343505859e-01,9.029262065887451172e-01,8.860026597976684570e-01,9.482257962226867676e-01,8.645716905593872070e-01,8.026447296142578125e-01,9.458285570144653320e-01,8.777694106101989746e-01,8.671136498451232910e-01,9.101751446723937988e-01,8.978332877159118652e-01,8.476677536964416504e-01,9.071260094642639160e-01,8.661777973175048828e-01,8.203451037406921387e-01,9.047864675521850586e-01,8.507232666015625000e-01,8.302280902862548828e-01,9.021708369255065918e-01,8.514411449432373047e-01,7.867374420166015625e-01,8.987119793891906738e-01,8.299682736396789551e-01,7.787378430366516113e-01,8.962823152542114258e-01,8.605426549911499023e-01,7.884090542793273926e-01,7.861362099647521973e-01,7.629416584968566895e-01,7.571895718574523926e-01,7.823624014854431152e-01,7.472081780433654785e-01,7.271589040756225586e-01,7.799096107482910156e-01
9.601124525070190430e-01,9.654865264892578125e-01,9.817443490028381348e-01,9.533733725547790527e-01,8.507123589515686035e-01,7.159564495086669922e-01,9.501000046730041504e-01,8.596349358558654785e-01,7.109445929527282715e-01,9.486399292945861816e-01,9.643837213516235352e-01,9.420924186706542969e-01,8.890475034713745117e-01,8.198393583297729492e-01,7.684850096702575684e-01,8.836532831192016602e-01,8.017811775207519531e-01,7.762150764465332031e-01,8.788396716117858887e-01,7.586845159530639648e-01,6.830703616142272949e-01,8.753614425659179688e-01,7.850852608680725098e-01,7.646485567092895508e-01,8.367691040039062500e-01,8.279431462287902832e-01,7.632488608360290527e-01,8.329061269760131836e-01,7.870342135429382324e-01,7.259411811828613281e-01,8.296312093734741211e-01,7.657814621925354004e-01,7.251207232475280762e-01,8.260986208915710449e-01,7.643496990203857422e-01,6.844206452369689941e-01,8.216125965118408203e-01,7.332918047904968262e-01,6.563541889190673828e-01,8.186895251274108887e-01,7.734209299087524414e-01,6.837663054466247559e-01,7.062367796897888184e-01,6.840429306030273438e-01,6.663920879364013672e-01,7.014186978340148926e-01,6.560052633285522461e-01,6.218774914741516113e-01,6.984347105026245117e-01
8.593485951423645020e-01,8.814584016799926758e-01,9.352308511734008789e-01,8.507123589515686035e-01,7.358920574188232422e-01,5.800935029983520508e-01,8.515802025794982910e-01,8.177292346954345703e-01,7.368260025978088379e-01,8.525685071945190430e-01,9.444995522499084473e-01,9.644666314125061035e-01,7.945263385772705078e-01,7.323886156082153320e-01,7.117527723312377930e-01,7.901202440261840820e-01,6.796643733978271484e-01,6.466115117073059082e-01,7.865664362907409668e-01,6.650311350822448730e-01,6.063012480735778809e-01,7.843329906463623047e-01,7.066992521286010742e-01,6.821199655532836914e-01,7.536599040031433105e-01,7.572239637374877930e-01,7.105286121368408203e-01,7.511879801750183105e-01,7.289733886718750000e-01,6.799724698066711426e-01,7.482094764709472656e-01,6.960727572441101074e-01,6.485586166381835938e-01,7.454127073287963867e-01,7.032505869865417480e-01,6.396900415420532227e-01,7.418237924575805664e-01,6.595174670219421387e-01,5.794025063514709473e-01,7.403441071510314941e-01,6.982932686805725098e-01,6.250347495079040527e-01,6.314973831176757812e-01,6.200647354125976562e-01,6.022395491600036621e-01,6.273302435874938965e-01,5.926159620285034180e-01,5.581592917442321777e-01,6.249701380729675293e-01
7.314195036888122559e-01,7.578800916671752930e-01,8.445995450019836426e-01,7.159564495086669922e-01,5.800935029983520508e-01,4.795992970466613770e-01,7.499845623970031738e-01,7.737683653831481934e-01,7.534729838371276855e-01,7.535054683685302734e-01,8.907845616340637207e-01,9.399271607398986816e-01,7.058243155479431152e-01,6.606542468070983887e-01,6.681382656097412109e-01,7.029435038566589355e-01,5.819661617279052734e-01,5.452796220779418945e-01,7.008683681488037109e-01,5.877301692962646484e-01,5.498219132423400879e-01,6.999314427375793457e-01,6.409472227096557617e-01,6.168016195297241211e-01,6.779395937919616699e-01,6.927098035812377930e-01,6.671502590179443359e-01,6.768811345100402832e-01,6.765187382698059082e-01,6.470199227333068848e-01,6.744511723518371582e-01,6.347402334213256836e-01,5.897301435470581055e-01,6.725153923034667969e-01,6.510168910026550293e-01,6.101356744766235352e-01,6.701247692108154297e-01,6.006101369857788086e-01,5.300176739692687988e-01,6.699925065040588379e-01,6.355339288711547852e-01,5.836434960365295410e-01,5.695844888687133789e-01,5.664829015731811523e-01,5.546925663948059082e-01,5.664104819297790527e-01,5.449782609939575195e-01,5.176377296447753906e-01,5.647914409637451172e-01
9.552679657936096191e-01,9.629934430122375488e-01,9.816600084304809570e-01,9.501000046730041504e-01,8.515802025794982910e-01,7.499845623970031738e-01,9.478979110717773438e-01,8.630485534667968750e-01,7.196811437606811523e-01,9.467453360557556152e-01,9.667547941207885742e-01,9.466606974601745605e-01,8.886952400207519531e-01,8.207874894142150879e-01,7.718849182128906250e-01,8.834660053253173828e-01,8.001111149787902832e-01,7.741190195083618164e-01,8.788299560546875000e-01,7.595956921577453613e-01,6.857832074165344238e-01,8.754953742027282715e-01,7.871527671813964844e-01,7.665434479713439941e-01,8.377394676208496094e-01,8.298430442810058594e-01,7.668556571006774902e-01,8.340209126472473145e-01,7.901943325996398926e-01,7.303812503814697266e-01,8.308060765266418457e-01,7.683286666870117188e-01,7.275545597076416016e-01,8.273665904998779297e-01,7.674652338027954102e-01,6.891520023345947266e-01,8.229951858520507812e-01,7.359200716018676758e-01,6.592953801155090332e-01,8.202099204063415527e-01,7.756282687187194824e-01,6.875950694084167480e-01,7.079620957374572754e-01,6.865358352661132812e-01,6.691934466361999512e-01,7.032322883605957031e-01,6.589207053184509277e-01,6.250389814376831055e-01,7.003116011619567871e-01
8.167947530746459961e-01,8.806610703468322754e-01,9.119860529899597168e-01,8.596349358558654785e-01,8.177292346954345703e-01,7.737683653831481934e-01,8.630485534667968750e-01,8.513607382774353027e-01,7.732104659080505371e-01,8.788248300552368164e-01,9.639596939086914062e-01,9.803407192230224609e-01,8.320740461349487305e-01,7.680594921112060547e-01,7.419812679290771484e-01,8.283420205116271973e-01,7.222161293029785156e-01,6.956158280372619629e-01,8.253428936004638672e-01,7.101823091506958008e-01,6.581090688705444336e-01,8.233426809310913086e-01,7.559708952903747559e-01,7.321379184722900391e-01,7.976410388946533203e-01,7.993479371070861816e-01,7.527747750282287598e-01,7.953881025314331055e-01,7.739233374595642090e-01,7.244737148284912109e-01,7.928714752197265625e-01,7.455855607986450195e-01,7.004588246345520020e-01,7.903962135314941406e-01,7.470723390579223633e-01,6.880675554275512695e-01,7.872896194458007812e-01,7.134078145027160645e-01,6.391959190368652344e-01,7.860130071640014648e-01,7.502689361572265625e-01,6.799749135971069336e-01,6.827208995819091797e-01,6.700038313865661621e-01,6.551719307899475098e-01,6.789016127586364746e-01,6.437109708786010742e-01,6.099023222923278809e-01,6.766331195831298828e-01
6.281907558441162109e-01,7.284013628959655762e-01,7.648938894271850586e-01,7.109445929527282715e-01,7.368260025978088379e-01,7.534729838371276855e-01,7.196811437606811523e-01,7.732104659080505371e-01,8.001897335052490234e-01,7.726538181304931641e-01,9.126816391944885254e-01,9.600992798805236816e-01,7.455602288246154785e-01,6.922808885574340820e-01,6.924101710319519043e-01,7.438815236091613770e-01,6.251718401908874512e-01,6.030291318893432617e-01,7.432531118392944336e-01,6.498199105262756348e-01,6.266080737113952637e-01,7.430065274238586426e-01,7.058537006378173828e-01,6.842167377471923828e-01,7.310984730720520020e-01,7.399768233299255371e-01,7.207753658294677734e-01,7.307317256927490234e-01,7.351228594779968262e-01,7.033306956291198730e-01,7.291890978813171387e-01,7.036545276641845703e-01,6.626170873641967773e-01,7.280458807945251465e-01,7.075495719909667969e-01,6.768991947174072266e-01,7.265256643295288086e-01,6.774550676345825195e-01,6.156831383705139160e-01,7.270725369453430176e-01,7.035793662071228027e-01,6.612590551376342773e-01,6.360589861869812012e-01,6.325004100799560547e-01,6.256740689277648926e-01,6.336127519607543945e-01,6.123474836349487305e-01,5.852806568145751953e-01,6.322405934333801270e-01
9.515283107757568359e-01,9.619703888893127441e-01,9.821310639381408691e-01,9.486399292945861816e-01,8.525685071945190430e-01,7.535054683685302734e-01,9.467453360557556152e-01,8.788248300552368164e-01,7.726538181304931641e-01,9.454182982444763184e-01,9.678046703338623047e-01,9.489402770996093750e-01,8.886831998825073242e-01,8.221642971038818359e-01,7.750952243804931641e-01,8.835789561271667480e-01,7.994994521141052246e-01,7.729787826538085938e-01,8.790666460990905762e-01,7.605637907981872559e-01,6.879163980484008789e-01,8.758351206779479980e-01,7.888479232788085938e-01,7.680916190147399902e-01,8.387030959129333496e-01,8.315386176109313965e-01,7.696478366851806641e-01,8.350858092308044434e-01,7.927041053771972656e-01,7.339170575141906738e-01,8.319144845008850098e-01,7.702941298484802246e-01,7.294242978096008301e-01,8.285397887229919434e-01,7.700722813606262207e-01,6.928202509880065918e-01,8.242540955543518066e-01,7.379645705223083496e-01,6.616041660308837891e-01,8.215616941452026367e-01,7.774128913879394531e-01,6.904734373092651367e-01,7.095415592193603516e-01,6.886619329452514648e-01,6.714797616004943848e-01,7.048735022544860840e-01,6.614385843276977539e-01,6.277678608894348145e-01,7.020009756088256836e-01
9.193865060806274414e-01,9.576866626739501953e-01,9.440093636512756348e-01,9.643837213516235352e-01,9.444995522499084473e-01,8.907845616340637207e-01,9.667547941207885742e-01,9.639596939086914062e-01,9.126816391944885254e-01,9.678046703338623047e-01,9.582148790359497070e-01,9.349573254585266113e-01,9.201191663742065430e-01,8.760301470756530762e-01,8.455312252044677734e-01,9.171082377433776855e-01,8.487594723701477051e-01,8.217517733573913574e-01,9.145448207855224609e-01,8.286426067352294922e-01,7.686843872070312500e-01,9.128311872482299805e-01,8.493434786796569824e-01,8.328763246536254883e-01,8.842148780822753906e-01,8.830044269561767578e-01,8.382682800292968750e-01,8.819350004196166992e-01,8.514752984046936035e-01,8.058012127876281738e-01,8.793696761131286621e-01,8.292835354804992676e-01,7.960348725318908691e-01,8.769121170043945312e-01,8.360023498535156250e-01,7.697756886482238770e-01,8.736203312873840332e-01,8.066448569297790527e-01,7.406878471374511719e-01,8.718292713165283203e-01,8.357470035552978516e-01,7.641033530235290527e-01,7.651305794715881348e-01,7.480653524398803711e-01,7.348464131355285645e-01,7.614445090293884277e-01,7.287267446517944336e-01,7.021307349205017090e-01,7.591570615768432617e-01
8.733873963356018066e-01,9.198665022850036621e-01,8.906155824661254883e-01,9.420924186706542969e-01,9.644666314125061035e-01,9.399271607398986816e-01,9.466606974601745605e-01,9.803407192230224609e-01,9.600992798805236816e-01,9.489402770996093750e-01,9.349573254585266113e-01,9.686342477798461914e-01,8.206498622894287109e-01,7.681369781494140625e-01,7.563198208808898926e-01,8.181728124618530273e-01,7.168677449226379395e-01,6.901556253433227539e-01,8.160593509674072266e-01,7.143974304199218750e-01,6.717609167098999023e-01,8.149981498718261719e-01,7.599514126777648926e-01,7.389996051788330078e-01,7.909108400344848633e-01,7.962366938591003418e-01,7.631579637527465820e-01,7.894414663314819336e-01,7.800301313400268555e-01,7.396137714385986328e-01,7.872874140739440918e-01,7.492120265960693359e-01,7.082599401473999023e-01,7.853255867958068848e-01,7.539227008819580078e-01,7.055085301399230957e-01,7.827502489089965820e-01,7.159602046012878418e-01,6.493359208106994629e-01,7.820637226104736328e-01,7.516829967498779297e-01,6.946207880973815918e-01,6.756981015205383301e-01,6.672438383102416992e-01,6.559938192367553711e-01,6.725040078163146973e-01,6.452861428260803223e-01,6.174396276473999023e-01,6.706606745719909668e-01
8.868494629859924316e-01,9.120265245437622070e-01,9.546965956687927246e-01,8.890475034713745117e-01,7.945263385772705078e-01,7.058243155479431152e-01,8.886952400207519531e-01,8.320740461349487305e-01,7.455602288246154785e-01,8.886831998825073242e-01,9.201191663742065430e-01,8.206498622894287109e-01,9.023377299308776855e-01,8.608481287956237793e-01,8.398412466049194336e-01,9.003312587738037109e-01,8.135360479354858398e-01,7.848778367042541504e-01,8.987221121788024902e-01,8.092313408851623535e-01,7.621009945869445801e-01,8.977388739585876465e-01,8.479728698730468750e-01,8.243105411529541016e-01,8.759669065475463867e-01,8.769755959510803223e-01,8.356216549873352051e-01,8.744643330574035645e-01,8.613761067390441895e-01,8.170856237411499023e-01,8.725875616073608398e-01,8.376299738883972168e-01,7.961536645889282227e-01,8.708140254020690918e-01,8.391914367675781250e-01,7.818203568458557129e-01,8.685038089752197266e-01,8.087572455406188965e-01,7.420772314071655273e-01,8.677344918251037598e-01,8.399905562400817871e-01,7.768454551696777344e-01,7.673361897468566895e-01,7.558763027191162109e-01,7.417096495628356934e-01,7.642710804939270020e-01,7.374926209449768066e-01,7.062658071517944336e-01,7.624543309211730957e-01
8.156219124794006348e-01,8.535990715026855469e-01,9.098629355430603027e-01,8.198393583297729492e-01,7.323886156082153320e-01,6.606542468070983887e-01,8.207874894142150879e-01,7.680594921112060547e-01,6.922808885574340820e-01,8.221642971038818359e-01,8.760301470756530762e-01,7.681369781494140625e-01,8.608481287956237793e-01,8.811649680137634277e-01,8.763805031776428223e-01,9.070976972579956055e-01,8.304241299629211426e-01,8.065977692604064941e-01,9.076380133628845215e-01,8.465880751609802246e-01,8.181097507476806641e-01,9.082155227661132812e-01,8.847906589508056641e-01,8.656183481216430664e-01,8.954731822013854980e-01,9.008055329322814941e-01,8.780242800712585449e-01,8.954044580459594727e-01,8.968180418014526367e-01,8.653852939605712891e-01,8.944703936576843262e-01,8.752700686454772949e-01,8.418596982955932617e-01,8.938143849372863770e-01,8.795843720436096191e-01,8.395529985427856445e-01,8.927611708641052246e-01,8.527074456214904785e-01,7.973148822784423828e-01,8.931257724761962891e-01,8.747298121452331543e-01,8.302436470985412598e-01,7.998269200325012207e-01,7.937224507331848145e-01,7.843891382217407227e-01,7.978922724723815918e-01,7.822937965393066406e-01,7.575094699859619141e-01,7.967641353607177734e-01
7.434313893318176270e-01,7.997432351112365723e-01,8.611695170402526855e-01,7.684850096702575684e-01,7.117527723312377930e-01,6.681382656097412109e-01,7.718849182128906250e-01,7.419812679290771484e-01,6.924101710319519043e-01,7.750952243804931641e-01,8.455312252044677734e-01,7.563198208808898926e-01,8.398412466049194336e-01,8.763805031776428223e-01,8.935298323631286621e-01,9.029578566551208496e-01,8.307824134826660156e-01,8.112329840660095215e-01,9.043722152709960938e-01,8.563715815544128418e-01,8.401941657066345215e-01,9.055647850036621094e-01,8.932912945747375488e-01,8.797078728675842285e-01,8.978180289268493652e-01,9.055907130241394043e-01,8.979835510253906250e-01,8.983460664749145508e-01,9.060702323913574219e-01,8.882169127464294434e-01,8.977592587471008301e-01,8.843116760253906250e-01,8.612081408500671387e-01,8.975149393081665039e-01,8.914046883583068848e-01,8.643974065780639648e-01,8.970071673393249512e-01,8.687217831611633301e-01,8.257461190223693848e-01,8.979364037513732910e-01,8.844915628433227539e-01,8.529727458953857422e-01,8.084235191345214844e-01,8.032119274139404297e-01,8.021537065505981445e-01,8.070383071899414062e-01,7.970938086509704590e-01,7.812802195549011230e-01,8.061942458152770996e-01
8.803343176841735840e-01,9.070910811424255371e-01,9.513070583343505859e-01,8.836532831192016602e-01,7.901202440261840820e-01,7.029435038566589355e-01,8.834660053253173828e-01,8.283420205116271973e-01,7.438815236091613770e-01,8.835789561271667480e-01,9.171082377433776855e-01,8.181728124618530273e-01,9.003312587738037109e-01,9.070976972579956055e-01,9.029578566551208496e-01,8.997881412506103516e-01,8.134573101997375488e-01,7.850244045257568359e-01,8.985152244567871094e-01,8.128609657287597656e-01,7.690436244010925293e-01,8.977987170219421387e-01,8.523571491241455078e-01,8.289761543273925781e-01,8.776186704635620117e-01,8.796758055686950684e-01,8.414902091026306152e-01,8.763657212257385254e-01,8.664495348930358887e-01,8.244777917861938477e-01,8.746380209922790527e-01,8.425107598304748535e-01,8.018719553947448730e-01,8.730493187904357910e-01,8.446140885353088379e-01,7.902391552925109863e-01,8.709590435028076172e-01,8.143026828765869141e-01,7.494025826454162598e-01,8.704025745391845703e-01,8.443877696990966797e-01,7.845832109451293945e-01,7.711368799209594727e-01,7.607274651527404785e-01,7.473378181457519531e-01,7.682635784149169922e-01,7.434994578361511230e-01,7.132164835929870605e-01,7.665699720382690430e-01
8.176015019416809082e-01,8.372226357460021973e-01,9.029262065887451172e-01,8.017811775207519531e-01,6.796643733978271484e-01,5.819661617279052734e-01,8.001111149787902832e-01,7.222161293029785156e-01,6.251718401908874512e-01,7.994994521141052246e-01,8.487594723701477051e-01,7.168677449226379395e-01,8.135360479354858398e-01,8.304241299629211426e-01,8.307824134826660156e-01,8.134573101997375488e-01,8.151940107345581055e-01,7.868685126304626465e-01,8.958907723426818848e-01,8.133758902549743652e-01,7.694604396820068359e-01,8.953529000282287598e-01,8.514793515205383301e-01,8.281096220016479492e-01,8.768756389617919922e-01,8.814967274665832520e-01,8.433969020843505859e-01,8.757399320602416992e-01,8.663577437400817871e-01,8.233493566513061523e-01,8.740826249122619629e-01,8.404883742332458496e-01,7.989596724510192871e-01,8.725486993789672852e-01,8.454043269157409668e-01,7.915986776351928711e-01,8.705424070358276367e-01,8.132829666137695312e-01,7.470977306365966797e-01,8.699932694435119629e-01,8.435233235359191895e-01,7.835602164268493652e-01,7.724667191505432129e-01,7.628145813941955566e-01,7.475427389144897461e-01,7.696465253829956055e-01,7.452080249786376953e-01,7.140983343124389648e-01,7.680047154426574707e-01
7.907745838165283203e-01,8.111729621887207031e-01,8.860026597976684570e-01,7.762150764465332031e-01,6.466115117073059082e-01,5.452796220779418945e-01,7.741190195083618164e-01,6.956158280372619629e-01,6.030291318893432617e-01,7.729787826538085938e-01,8.217517733573913574e-01,6.901556253433227539e-01,7.848778367042541504e-01,8.065977692604064941e-01,8.112329840660095215e-01,7.850244045257568359e-01,7.868685126304626465e-01,7.993819117546081543e-01,9.002044200897216797e-01,8.321501016616821289e-01,8.007699251174926758e-01,9.004608392715454102e-01,8.697221279144287109e-01,8.529788255691528320e-01,8.853173851966857910e-01,8.917928934097290039e-01,8.698240518569946289e-01,8.849194049835205078e-01,8.830147385597229004e-01,8.526509404182434082e-01,8.836179971694946289e-01,8.564868569374084473e-01,8.251752257347106934e-01,8.826057910919189453e-01,8.636586666107177734e-01,8.215523362159729004e-01,8.810670375823974609e-01,8.358892202377319336e-01,7.817708849906921387e-01,8.811593651771545410e-01,8.594249486923217773e-01,8.131307959556579590e-01,7.833445072174072266e-01,7.754870057106018066e-01,7.677962183952331543e-01,7.810673117637634277e-01,7.626525759696960449e-01,7.395496368408203125e-01,7.797235250473022461e-01
8.742939233779907227e-01,9.025523662567138672e-01,9.482257962226867676e-01,8.788396716117858887e-01,7.865664362907409668e-01,7.008683681488037109e-01,8.788299560546875000e-01,8.253428936004638672e-01,7.432531118392944336e-01,8.790666460990905762e-01,9.145448207855224609e-01,8.160593509674072266e-01,8.987221121788024902e-01,9.076380133628845215e-01,9.043722152709960938e-01,8.985152244567871094e-01,8.958907723426818848e-01,9.002044200897216797e-01,8.997187614440917969e-01,8.161139488220214844e-01,7.736986279487609863e-01,8.991200327873229980e-01,8.556563258171081543e-01,8.325005173683166504e-01,8.796708583831787109e-01,8.820622563362121582e-01,8.452206254005432129e-01,8.785253167152404785e-01,8.698686957359313965e-01,8.289502263069152832e-01,8.768674135208129883e-01,8.459600806236267090e-01,8.058120012283325195e-01,8.753630518913269043e-01,8.482857346534729004e-01,7.951254844665527344e-01,8.733705282211303711e-01,8.182321190834045410e-01,7.543036341667175293e-01,8.729026317596435547e-01,8.476839661598205566e-01,7.893114089965820312e-01,7.741963863372802734e-01,7.641718387603759766e-01,7.511660456657409668e-01,7.714104652404785156e-01,7.475531101226806641e-01,7.177498340606689453e-01,7.697708606719970703e-01
7.510907053947448730e-01,7.915031909942626953e-01,8.645716905593872070e-01,7.586845159530639648e-01,6.650311350822448730e-01,5.877301692962646484e-01,7.595956921577453613e-01,7.101823091506958008e-01,6.498199105262756348e-01,7.605637907981872559e-01,8.286426067352294922e-01,7.143974304199218750e-01,8.092313408851623535e-01,8.465880751609802246e-01,8.563715815544128418e-01,8.128609657287597656e-01,8.133758902549743652e-01,8.321501016616821289e-01,8.161139488220214844e-01,7.476246953010559082e-01,7.476237416267395020e-01,7.910251021385192871e-01,7.988058328628540039e-01,7.779240012168884277e-01,7.940451502799987793e-01,8.117804527282714844e-01,8.150624632835388184e-01,7.960861921310424805e-01,8.286775946617126465e-01,8.190240263938903809e-01,7.959954142570495605e-01,7.979071736335754395e-01,7.637463212013244629e-01,7.966680526733398438e-01,8.096691966056823730e-01,7.941725850105285645e-01,7.972849011421203613e-01,7.832829356193542480e-01,7.404786348342895508e-01,7.996525168418884277e-01,7.945839762687683105e-01,7.780932784080505371e-01,7.246506810188293457e-01,7.300859689712524414e-01,7.258712053298950195e-01,7.242112755775451660e-01,7.263073921203613281e-01,7.067325115203857422e-01,7.241305708885192871e-01
6.585648059844970703e-01,7.162901759147644043e-01,8.026447296142578125e-01,6.830703616142272949e-01,6.063012480735778809e-01,5.498219132423400879e-01,6.857832074165344238e-01,6.581090688705444336e-01,6.266080737113952637e-01,6.879163980484008789e-01,7.686843872070312500e-01,6.717609167098999023e-01,7.621009945869445801e-01,8.181097507476806641e-01,8.401941657066345215e-01,7.690436244010925293e-01,7.694604396820068359e-01,8.007699251174926758e-01,7.736986279487609863e-01,7.476237416267395020e-01,7.021107077598571777e-01,7.371463179588317871e-01,7.490258216857910156e-01,7.320869565010070801e-01,7.415929436683654785e-01,7.636846899986267090e-01,7.793768048286437988e-01,7.440388202667236328e-01,7.816691398620605469e-01,7.804785966873168945e-01,7.440975904464721680e-01,7.492339015007019043e-01,7.198607921600341797e-01,7.449891567230224609e-01,7.635830640792846680e-01,7.617471814155578613e-01,7.459130287170410156e-01,7.330482006072998047e-01,6.946418285369873047e-01,7.486666440963745117e-01,7.451184988021850586e-01,7.394154071807861328e-01,6.732052564620971680e-01,6.812115311622619629e-01,6.823135018348693848e-01,6.730085015296936035e-01,6.769960522651672363e-01,6.627557873725891113e-01,6.730780005455017090e-01
8.697295188903808594e-01,8.992351889610290527e-01,9.458285570144653320e-01,8.753614425659179688e-01,7.843329906463623047e-01,6.999314427375793457e-01,8.754953742027282715e-01,8.233426809310913086e-01,7.430065274238586426e-01,8.758351206779479980e-01,9.128311872482299805e-01,8.149981498718261719e-01,8.977388739585876465e-01,9.082155227661132812e-01,9.055647850036621094e-01,8.977987170219421387e-01,8.953529000282287598e-01,9.004608392715454102e-01,8.991200327873229980e-01,7.910251021385192871e-01,7.371463179588317871e-01,8.955728411674499512e-01,8.549019098281860352e-01,8.317483067512512207e-01,8.771798610687255859e-01,8.805496692657470703e-01,8.459945917129516602e-01,8.762136697769165039e-01,8.700078129768371582e-01,8.307819366455078125e-01,8.746449351310729980e-01,8.456022143363952637e-01,8.056961894035339355e-01,8.732633590698242188e-01,8.485563993453979492e-01,7.976487874984741211e-01,8.714222908020019531e-01,8.182414174079895020e-01,7.552968859672546387e-01,8.711135387420654297e-01,8.469682931900024414e-01,7.909194827079772949e-01,7.731660604476928711e-01,7.640396952629089355e-01,7.515599727630615234e-01,7.705081701278686523e-01,7.481130957603454590e-01,7.188670635223388672e-01,7.689555883407592773e-01
7.651085257530212402e-01,8.116198778152465820e-01,8.777694106101989746e-01,7.850852608680725098e-01,7.066992521286010742e-01,6.409472227096557617e-01,7.871527671813964844e-01,7.559708952903747559e-01,7.058537006378173828e-01,7.888479232788085938e-01,8.493434786796569824e-01,7.599514126777648926e-01,8.479728698730468750e-01,8.847906589508056641e-01,8.932912945747375488e-01,8.523571491241455078e-01,8.514793515205383301e-01,8.697221279144287109e-01,8.556563258171081543e-01,7.988058328628540039e-01,7.490258216857910156e-01,8.549019098281860352e-01,8.963563442230224609e-01,8.766934275627136230e-01,9.131299257278442383e-01,9.159501194953918457e-01,8.842665553092956543e-01,9.124127626419067383e-01,9.052782654762268066e-01,8.674659132957458496e-01,9.110999703407287598e-01,8.834613561630249023e-01,8.486317396163940430e-01,9.099832773208618164e-01,8.871946334838867188e-01,8.372407555580139160e-01,9.083353281021118164e-01,8.601264953613281250e-01,8.017070889472961426e-01,9.080452919006347656e-01,8.858012557029724121e-01,8.322450518608093262e-01,8.108599781990051270e-01,8.014197945594787598e-01,7.896802425384521484e-01,8.084743618965148926e-01,7.878549098968505859e-01,7.611178755760192871e-01,8.070436120033264160e-01
7.444152832031250000e-01,7.936033606529235840e-01,8.671136498451232910e-01,7.646485567092895508e-01,6.821199655532836914e-01,6.168016195297241211e-01,7.665434479713439941e-01,7.321379184722900391e-01,6.842167377471923828e-01,7.680916190147399902e-01,8.328763246536254883e-01,7.389996051788330078e-01,8.243105411529541016e-01,8.656183481216430664e-01,8.797078728675842285e-01,8.289761543273925781e-01,8.281096220016479492e-01,8.529788255691528320e-01,8.325005173683166504e-01,7.779240012168884277e-01,7.320869565010070801e-01,8.317483067512512207e-01,8.766934275627136230e-01,8.778725862503051758e-01,9.028256535530090332e-01,9.094623327255249023e-01,8.955467343330383301e-01,9.029136300086975098e-01,9.055858850479125977e-01,8.839525580406188965e-01,9.019813537597656250e-01,8.809221386909484863e-01,8.564887642860412598e-01,9.013962149620056152e-01,8.899440169334411621e-01,8.586624264717102051e-01,9.004089236259460449e-01,8.615470528602600098e-01,8.151344656944274902e-01,9.008391499519348145e-01,8.821834921836853027e-01,8.464987277984619141e-01,8.101870417594909668e-01,8.036948442459106445e-01,7.998380661010742188e-01,8.083674907684326172e-01,7.951490283012390137e-01,7.782185077667236328e-01,8.073052763938903809e-01
8.279291987419128418e-01,8.608623743057250977e-01,9.101751446723937988e-01,8.367691040039062500e-01,7.536599040031433105e-01,6.779395937919616699e-01,8.377394676208496094e-01,7.976410388946533203e-01,7.310984730720520020e-01,8.387030959129333496e-01,8.842148780822753906e-01,7.909108400344848633e-01,8.759669065475463867e-01,8.954731822013854980e-01,8.978180289268493652e-01,8.776186704635620117e-01,8.768756389617919922e-01,8.853173851966857910e-01,8.796708583831787109e-01,7.940451502799987793e-01,7.415929436683654785e-01,8.771798610687255859e-01,9.131299257278442383e-01,9.028256535530090332e-01,8.987268209457397461e-01,9.075509905815124512e-01,8.865699768066406250e-01,8.991500735282897949e-01,9.066020846366882324e-01,8.790220618247985840e-01,8.983794450759887695e-01,8.850665688514709473e-01,8.475936651229858398e-01,8.979941010475158691e-01,8.902508616447448730e-01,8.530387878417968750e-01,8.974386453628540039e-01,8.632690310478210449e-01,8.081748485565185547e-01,8.981485366821289062e-01,8.836374282836914062e-01,8.451395034790039062e-01,8.316115140914916992e-01,8.292157053947448730e-01,8.167590498924255371e-01,8.299813866615295410e-01,8.174358010292053223e-01,7.895879149436950684e-01,8.291143774986267090e-01
8.128241300582885742e-01,8.490173816680908203e-01,8.978332877159118652e-01,8.279431462287902832e-01,7.572239637374877930e-01,6.927098035812377930e-01,8.298430442810058594e-01,7.993479371070861816e-01,7.399768233299255371e-01,8.315386176109313965e-01,8.830044269561767578e-01,7.962366938591003418e-01,8.769755959510803223e-01,9.008055329322814941e-01,9.055907130241394043e-01,8.796758055686950684e-01,8.814967274665832520e-01,8.917928934097290039e-01,8.820622563362121582e-01,8.117804527282714844e-01,7.636846899986267090e-01,8.805496692657470703e-01,9.159501194953918457e-01,9.094623327255249023e-01,9.075509905815124512e-01,9.042704701423645020e-01,9.153339266777038574e-01,8.922991752624511719e-01,9.268107414245605469e-01,9.226585030555725098e-01,8.931570053100585938e-01,9.082121253013610840e-01,8.848607540130615234e-01,8.946971297264099121e-01,9.162218570709228516e-01,9.098027944564819336e-01,8.963307738304138184e-01,9.000897407531738281e-01,8.695049285888671875e-01,8.990127444267272949e-01,9.036687016487121582e-01,8.998721837997436523e-01,8.519179821014404297e-01,8.588393926620483398e-01,8.560928702354431152e-01,8.524287939071655273e-01,8.604703545570373535e-01,8.447948098182678223e-01,8.528446555137634277e-01
7.306886911392211914e-01,7.846789360046386719e-01,8.476677536964416504e-01,7.632488608360290527e-01,7.105286121368408203e-01,6.671502590179443359e-01,7.668556571006774902e-01,7.527747750282287598e-01,7.207753658294677734e-01,7.696478366851806641e-01,8.382682800292968750e-01,7.631579637527465820e-01,8.356216549873352051e-01,8.780242800712585449e-01,8.979835510253906250e-01,8.414902091026306152e-01,8.433969020843505859e-01,8.698240518569946289e-01,8.452206254005432129e-01,8.150624632835388184e-01,7.793768048286437988e-01,8.459945917129516602e-01,8.842665553092956543e-01,8.955467343330383301e-01,8.865699768066406250e-01,9.153339266777038574e-01,9.146589636802673340e-01,8.642551898956298828e-01,9.092201590538024902e-01,9.277556538581848145e-01,8.656951785087585449e-01,8.898602128028869629e-01,8.858629465103149414e-01,8.679578304290771484e-01,9.019553661346435547e-01,9.214941859245300293e-01,8.704125881195068359e-01,8.867138028144836426e-01,8.785659670829772949e-01,8.738785982131958008e-01,8.847476840019226074e-01,9.067268371582031250e-01,8.297162652015686035e-01,8.388574719429016113e-01,8.514115214347839355e-01,8.310783505439758301e-01,8.477371931076049805e-01,8.499367833137512207e-01,8.319575190544128418e-01
8.229609727859497070e-01,8.570528626441955566e-01,9.071260094642639160e-01,8.329061269760131836e-01,7.511879801750183105e-01,6.768811345100402832e-01,8.340209126472473145e-01,7.953881025314331055e-01,7.307317256927490234e-01,8.350858092308044434e-01,8.819350004196166992e-01,7.894414663314819336e-01,8.744643330574035645e-01,8.954044580459594727e-01,8.983460664749145508e-01,8.763657212257385254e-01,8.757399320602416992e-01,8.849194049835205078e-01,8.785253167152404785e-01,7.960861921310424805e-01,7.440388202667236328e-01,8.762136697769165039e-01,9.124127626419067383e-01,9.029136300086975098e-01,8.991500735282897949e-01,8.922991752624511719e-01,8.642551898956298828e-01,8.978826403617858887e-01,9.071658253669738770e-01,8.810608983039855957e-01,8.971986770629882812e-01,8.854233026504516602e-01,8.484694957733154297e-01,8.969234824180603027e-01,8.911098837852478027e-01,8.557850122451782227e-01,8.964983820915222168e-01,8.641666173934936523e-01,8.101567029953002930e-01,8.973336219787597656e-01,8.837676644325256348e-01,8.472809791564941406e-01,8.317392468452453613e-01,8.300353884696960449e-01,8.180513381958007812e-01,8.302267789840698242e-01,8.189274072647094727e-01,7.916797399520874023e-01,8.294361233711242676e-01
7.598265409469604492e-01,8.116637468338012695e-01,8.661777973175048828e-01,7.870342135429382324e-01,7.289733886718750000e-01,6.765187382698059082e-01,7.901943325996398926e-01,7.739233374595642090e-01,7.351228594779968262e-01,7.927041053771972656e-01,8.514752984046936035e-01,7.800301313400268555e-01,8.613761067390441895e-01,8.968180418014526367e-01,9.060702323913574219e-01,8.664495348930358887e-01,8.663577437400817871e-01,8.830147385597229004e-01,8.698686957359313965e-01,8.286775946617126465e-01,7.816691398620605469e-01,8.700078129768371582e-01,9.052782654762268066e-01,9.055858850479125977e-01,9.066020846366882324e-01,9.268107414245605469e-01,9.092201590538024902e-01,9.071658253669738770e-01,9.296387434005737305e-01,9.136997461318969727e-01,9.122151732444763184e-01,9.122198224067687988e-01,8.838156461715698242e-01,9.127095937728881836e-01,9.195391535758972168e-01,8.962291479110717773e-01,9.131454825401306152e-01,8.985271453857421875e-01,8.554319143295288086e-01,9.146583080291748047e-01,9.089490771293640137e-01,8.863923549652099609e-01,8.567068576812744141e-01,8.578189015388488770e-01,8.505612611770629883e-01,8.560900092124938965e-01,8.527011871337890625e-01,8.322055935859680176e-01,8.557808995246887207e-01
6.902334094047546387e-01,7.545914053916931152e-01,8.203451037406921387e-01,7.259411811828613281e-01,6.799724698066711426e-01,6.470199227333068848e-01,7.303812503814697266e-01,7.244737148284912109e-01,7.033306956291198730e-01,7.339170575141906738e-01,8.058012127876281738e-01,7.396137714385986328e-01,8.170856237411499023e-01,8.653852939605712891e-01,8.882169127464294434e-01,8.244777917861938477e-01,8.233493566513061523e-01,8.526509404182434082e-01,8.289502263069152832e-01,8.190240263938903809e-01,7.804785966873168945e-01,8.307819366455078125e-01,8.674659132957458496e-01,8.839525580406188965e-01,8.790220618247985840e-01,9.226585030555725098e-01,9.277556538581848145e-01,8.810608983039855957e-01,9.136997461318969727e-01,9.029923677444458008e-01,8.536892533302307129e-01,8.698564171791076660e-01,8.593795299530029297e-01,8.552749156951904297e-01,8.821462988853454590e-01,8.924340605735778809e-01,8.569831252098083496e-01,8.607094287872314453e-01,8.413835167884826660e-01,8.599416017532348633e-01,8.640258908271789551e-01,8.744109869003295898e-01,8.070295453071594238e-01,8.149282336235046387e-01,8.233904838562011719e-01,8.076878190040588379e-01,8.182919621467590332e-01,8.160503506660461426e-01,8.081781864166259766e-01
8.192467689514160156e-01,8.540346622467041016e-01,9.047864675521850586e-01,8.296312093734741211e-01,7.482094764709472656e-01,6.744511723518371582e-01,8.308060765266418457e-01,7.928714752197265625e-01,7.291890978813171387e-01,8.319144845008850098e-01,8.793696761131286621e-01,7.872874140739440918e-01,8.725875616073608398e-01,8.944703936576843262e-01,8.977592587471008301e-01,8.746380209922790527e-01,8.740826249122619629e-01,8.836179971694946289e-01,8.768674135208129883e-01,7.959954142570495605e-01,7.440975904464721680e-01,8.746449351310729980e-01,9.110999703407287598e-01,9.019813537597656250e-01,8.983794450759887695e-01,8.931570053100585938e-01,8.656951785087585449e-01,8.971986770629882812e-01,9.122151732444763184e-01,8.536892533302307129e-01,8.949775099754333496e-01,8.845698237419128418e-01,8.479675650596618652e-01,8.947945833206176758e-01,8.905475735664367676e-01,8.569617271423339844e-01,8.944787979125976562e-01,8.637071251869201660e-01,8.105580210685729980e-01,8.954265713691711426e-01,8.826885819435119629e-01,8.479610681533813477e-01,8.307014107704162598e-01,8.296317458152770996e-01,8.180804848670959473e-01,8.292880654335021973e-01,8.189954161643981934e-01,7.922269105911254883e-01,8.285614848136901855e-01
7.435914278030395508e-01,7.908765673637390137e-01,8.507232666015625000e-01,7.657814621925354004e-01,6.960727572441101074e-01,6.347402334213256836e-01,7.683286666870117188e-01,7.455855607986450195e-01,7.036545276641845703e-01,7.702941298484802246e-01,8.292835354804992676e-01,7.492120265960693359e-01,8.376299738883972168e-01,8.752700686454772949e-01,8.843116760253906250e-01,8.425107598304748535e-01,8.404883742332458496e-01,8.564868569374084473e-01,8.459600806236267090e-01,7.979071736335754395e-01,7.492339015007019043e-01,8.456022143363952637e-01,8.834613561630249023e-01,8.809221386909484863e-01,8.850665688514709473e-01,9.082121253013610840e-01,8.898602128028869629e-01,8.854233026504516602e-01,9.122198224067687988e-01,8.698564171791076660e-01,8.845698237419128418e-01,8.083370327949523926e-01,7.696971893310546875e-01,8.136810660362243652e-01,8.235161900520324707e-01,8.034015297889709473e-01,8.140224814414978027e-01,7.843892574310302734e-01,7.316970825195312500e-01,8.157083392143249512e-01,8.046526908874511719e-01,7.811101078987121582e-01,7.534685134887695312e-01,7.587579488754272461e-01,7.477858662605285645e-01,7.525116801261901855e-01,7.502730488777160645e-01,7.252268195152282715e-01,7.522273659706115723e-01
