9.989673793220047449e-01,6.547857750313775815e-01,6.307795672498406336e-01,3.988416068356230304e-01,3.399297299527944682e-01,2.541556320543058023e-01,2.426312881535414578e-01
6.547857750313775815e-01,9.877844878200584544e-01,9.275495739392466410e-01,6.678060349716259392e-01,5.596772989674008159e-01,4.484892950782166654e-01,4.095054439017772330e-01
6.307795672498406336e-01,9.275495739392466410e-01,9.820098979657342353e-01,7.983024834748214671e-01,6.993355340094350447e-01,5.680159288596072775e-01,5.041027718201538388e-01
3.988416068356230304e-01,6.678060349716259392e-01,7.983024834748214671e-01,9.491506257925920176e-01,8.505349394483381342e-01,7.194140050532588093e-01,6.106343888942084019e-01
3.399297299527944682e-01,5.596772989674008159e-01,6.993355340094350447e-01,8.505349394483381342e-01,9.136282476895372096e-01,7.990669388593303335e-01,7.101820269433276600e-01
2.541556320543058023e-01,4.484892950782166654e-01,5.680159288596072775e-01,7.194140050532588093e-01,7.990669388593303335e-01,8.244004739058574671e-01,7.283529214671752294e-01
2.426312881535414578e-01,4.095054439017772330e-01,5.041027718201538388e-01,6.106343888942084019e-01,7.101820269433276600e-01,7.283529214671752294e-01,8.458077968694605042e-01
