9.912549257278442383e-01,7.825476527214050293e-01,7.177237272262573242e-01,9.187907576560974121e-01,7.277182936668395996e-01,4.601640105247497559e-01,9.189018011093139648e-01,5.903753638267517090e-01,3.937403261661529541e-01,9.169509410858154297e-01,4.376581907272338867e-01,2.921243607997894287e-01,8.506484031677246094e-01,7.223756313323974609e-01,6.572690010070800781e-01,8.115965127944946289e-01,6.145030260086059570e-01,4.309032857418060303e-01,7.658920288085937500e-01,2.955492734909057617e-01,2.147995084524154663e-01,7.276929616928100586e-01,4.286431670188903809e-01,3.392214179039001465e-01,5.899438858032226562e-01,4.448383748531341553e-01,3.080095946788787842e-01,5.300874114036560059e-01,3.975447118282318115e-01,2.753628492355346680e-01,4.822416007518768311e-01,5.282924175262451172e-01,4.070131182670593262e-01,4.853948950767517090e-01,4.600956141948699951e-01,3.250518739223480225e-01,4.726967215538024902e-01,3.275419771671295166e-01,1.933481693267822266e-01,4.610107541084289551e-01,3.753816187381744385e-01,3.124637305736541748e-01,3.769745826721191406e-01,4.230275750160217285e-01,3.630557358264923096e-01,3.635829985141754150e-01,2.840266227722167969e-01,2.209745198488235474e-01,3.148303925991058350e-01
7.825476527214050293e-01,9.394598603248596191e-01,9.271110892295837402e-01,7.401626706123352051e-01,6.588094830513000488e-01,4.946199357509613037e-01,7.402890324592590332e-01,5.915516018867492676e-01,4.146862924098968506e-01,7.385692596435546875e-01,4.481157362461090088e-01,3.334881663322448730e-01,6.063370108604431152e-01,3.443892896175384521e-01,3.511469960212707520e-01,6.310949921607971191e-01,6.658870577812194824e-01,5.109342932701110840e-01,6.336150765419006348e-01,3.409993648529052734e-01,2.654552757740020752e-01,6.165589690208435059e-01,4.443148970603942871e-01,3.804886043071746826e-01,5.461014509201049805e-01,4.488446712493896484e-01,3.401868343353271484e-01,5.031434893608093262e-01,4.091790020465850830e-01,3.154999315738677979e-01,4.652045667171478271e-01,4.744642972946166992e-01,4.000721275806427002e-01,4.666170775890350342e-01,4.342652857303619385e-01,3.046249747276306152e-01,4.501257836818695068e-01,3.231730759143829346e-01,2.002557814121246338e-01,4.407824873924255371e-01,3.597158789634704590e-01,2.906749248504638672e-01,3.259094953536987305e-01,3.788008689880371094e-01,3.282448947429656982e-01,3.183113634586334229e-01,2.563148140907287598e-01,2.141037136316299438e-01,2.767235934734344482e-01
7.177237272262573242e-01,9.271110892295837402e-01,9.236660599708557129e-01,6.639307737350463867e-01,6.056788563728332520e-01,4.437734186649322510e-01,6.634423732757568359e-01,4.894329607486724854e-01,3.219300508499145508e-01,6.614094972610473633e-01,3.593990206718444824e-01,2.734808027744293213e-01,5.296608805656433105e-01,2.643630206584930420e-01,2.645726501941680908e-01,5.588296055793762207e-01,5.934913158416748047e-01,4.269220530986785889e-01,5.612357854843139648e-01,3.010210394859313965e-01,2.213772386312484741e-01,5.483119487762451172e-01,4.019291996955871582e-01,3.483842015266418457e-01,4.950124323368072510e-01,4.195403456687927246e-01,3.134885430335998535e-01,4.503108859062194824e-01,3.571496009826660156e-01,2.731333374977111816e-01,4.108700752258300781e-01,4.167313873767852783e-01,3.569139838218688965e-01,4.106825292110443115e-01,3.845085799694061279e-01,2.661709785461425781e-01,3.922305107116699219e-01,2.737757563591003418e-01,1.674947738647460938e-01,3.833811879158020020e-01,3.110800981521606445e-01,2.659966349601745605e-01,3.096880316734313965e-01,3.577609360218048096e-01,3.082270622253417969e-01,3.072300553321838379e-01,2.493477314710617065e-01,2.089816033840179443e-01,2.671602368354797363e-01
9.187907576560974121e-01,7.401626706123352051e-01,6.639307737350463867e-01,9.779049158096313477e-01,8.090348839759826660e-01,4.256913661956787109e-01,9.779275655746459961e-01,6.645752787590026855e-01,3.629984855651855469e-01,9.775358438491821289e-01,4.627401530742645264e-01,3.528284728527069092e-01,9.420288205146789551e-01,8.014445900917053223e-01,7.536405324935913086e-01,9.236186742782592773e-01,7.137368321418762207e-01,5.000277161598205566e-01,8.863326311111450195e-01,4.627349674701690674e-01,3.379068076610565186e-01,8.536302447319030762e-01,5.810680985450744629e-01,4.812566637992858887e-01,7.292170524597167969e-01,6.040427088737487793e-01,4.564623832702636719e-01,6.651502251625061035e-01,5.219523310661315918e-01,3.873039782047271729e-01,6.096911430358886719e-01,6.216909885406494141e-01,4.945937097072601318e-01,6.047174930572509766e-01,5.647344589233398438e-01,4.103282094001770020e-01,5.883799791336059570e-01,4.213939309120178223e-01,2.667705714702606201e-01,5.728274583816528320e-01,4.756800234317779541e-01,3.903049528598785400e-01,4.447708725929260254e-01,4.908700883388519287e-01,4.280611574649810791e-01,4.273064136505126953e-01,3.473122715950012207e-01,2.785712480545043945e-01,3.768536448478698730e-01
7.277182936668395996e-01,6.588094830513000488e-01,6.056788563728332520e-01,8.090348839759826660e-01,8.994101881980895996e-01,5.657335519790649414e-01,7.660197615623474121e-01,6.626227498054504395e-01,4.231884479522705078e-01,7.677154541015625000e-01,5.731835961341857910e-01,5.252988934516906738e-01,7.074490785598754883e-01,5.057855844497680664e-01,5.652779936790466309e-01,7.650343179702758789e-01,7.671437263488769531e-01,6.045547723770141602e-01,7.834591269493103027e-01,5.411078929901123047e-01,4.470342397689819336e-01,7.697213292121887207e-01,6.504094600677490234e-01,5.629687309265136719e-01,7.031526565551757812e-01,5.950472950935363770e-01,4.915648698806762695e-01,6.585405468940734863e-01,5.508935451507568359e-01,4.443165957927703857e-01,6.162002086639404297e-01,6.201616525650024414e-01,5.225973725318908691e-01,6.131761670112609863e-01,5.606287121772766113e-01,4.219100773334503174e-01,5.956379771232604980e-01,4.388481974601745605e-01,2.884089052677154541e-01,5.824018716812133789e-01,4.729478359222412109e-01,3.610117733478546143e-01,3.925200700759887695e-01,4.497255980968475342e-01,3.998902440071105957e-01,3.805696070194244385e-01,3.209259212017059326e-01,2.703909277915954590e-01,3.324518501758575439e-01
4.601640105247497559e-01,4.946199357509613037e-01,4.437734186649322510e-01,4.256913661956787109e-01,5.657335519790649414e-01,2.870353162288665771e-01,4.136981368064880371e-01,3.820190429687500000e-01,2.217802256345748901e-01,4.167456030845642090e-01,2.841316163539886475e-01,3.876659572124481201e-01,4.107664823532104492e-01,2.858090400695800781e-01,3.479843735694885254e-01,4.843553304672241211e-01,4.875461757183074951e-01,3.118800520896911621e-01,5.114626884460449219e-01,5.128940343856811523e-01,4.147003293037414551e-01,5.188590884208679199e-01,5.191004872322082520e-01,4.422620236873626709e-01,4.995096921920776367e-01,4.674350023269653320e-01,4.165853559970855713e-01,4.670996367931365967e-01,3.994762897491455078e-01,3.286113440990447998e-01,4.365024566650390625e-01,4.248740077018737793e-01,3.454231619834899902e-01,4.245741963386535645e-01,3.803377449512481689e-01,2.975748181343078613e-01,4.113965928554534912e-01,3.034386932849884033e-01,2.035435885190963745e-01,4.004146456718444824e-01,3.248361051082611084e-01,2.463772147893905640e-01,2.516230940818786621e-01,2.887440919876098633e-01,2.630756795406341553e-01,2.480001449584960938e-01,2.372629791498184204e-01,2.148119509220123291e-01,2.260610759258270264e-01
9.189018011093139648e-01,7.402890324592590332e-01,6.634423732757568359e-01,9.779275655746459961e-01,7.660197615623474121e-01,4.136981368064880371e-01,9.790824055671691895e-01,6.698793768882751465e-01,3.676202893257141113e-01,9.788271784782409668e-01,4.698397517204284668e-01,3.640581965446472168e-01,9.436486363410949707e-01,8.006158471107482910e-01,7.556564211845397949e-01,9.277700185775756836e-01,7.212856411933898926e-01,5.062266588211059570e-01,8.920535445213317871e-01,4.736860096454620361e-01,3.477531373500823975e-01,8.600594401359558105e-01,5.910043716430664062e-01,4.900538921356201172e-01,7.365147471427917480e-01,6.114830374717712402e-01,4.640060067176818848e-01,6.723948717117309570e-01,5.288438200950622559e-01,3.937406837940216064e-01,6.167779564857482910e-01,6.287844181060791016e-01,5.008206963539123535e-01,6.116833090782165527e-01,5.701099634170532227e-01,4.149435758590698242e-01,5.951241254806518555e-01,4.267526566982269287e-01,2.707414031028747559e-01,5.794671773910522461e-01,4.810714423656463623e-01,3.940981328487396240e-01,4.481671452522277832e-01,4.944186210632324219e-01,4.312886595726013184e-01,4.306639730930328369e-01,3.508202433586120605e-01,2.822685539722442627e-01,3.800507485866546631e-01
5.903753638267517090e-01,5.915516018867492676e-01,4.894329607486724854e-01,6.645752787590026855e-01,6.626227498054504395e-01,3.820190429687500000e-01,6.698793768882751465e-01,8.087675571441650391e-01,6.202461123466491699e-01,7.104029059410095215e-01,7.938066720962524414e-01,7.049469351768493652e-01,6.406503319740295410e-01,4.013605117797851562e-01,4.756805896759033203e-01,7.165999412536621094e-01,8.470346927642822266e-01,7.914603352546691895e-01,7.628275156021118164e-01,5.813807845115661621e-01,5.012766718864440918e-01,7.529132962226867676e-01,6.784552931785583496e-01,5.993093252182006836e-01,6.987301707267761230e-01,6.040126681327819824e-01,5.205715894699096680e-01,6.765312552452087402e-01,6.007609367370605469e-01,5.084465146064758301e-01,6.510956287384033203e-01,6.252397894859313965e-01,5.394318103790283203e-01,6.517457365989685059e-01,5.896598696708679199e-01,4.457952976226806641e-01,6.412462592124938965e-01,4.954051077365875244e-01,3.325412869453430176e-01,6.318866610527038574e-01,5.258365273475646973e-01,3.800545036792755127e-01,3.874487280845642090e-01,4.344538748264312744e-01,3.853223323822021484e-01,3.686907589435577393e-01,3.082439601421356201e-01,2.605935931205749512e-01,3.241545557975769043e-01
3.937403261661529541e-01,4.146862924098968506e-01,3.219300508499145508e-01,3.629984855651855469e-01,4.231884479522705078e-01,2.217802256345748901e-01,3.676202893257141113e-01,6.202461123466491699e-01,7.395056486129760742e-01,5.155912637710571289e-01,8.601024746894836426e-01,8.064747452735900879e-01,4.533940255641937256e-01,2.564505338668823242e-01,3.286799788475036621e-01,5.307550430297851562e-01,6.716288924217224121e-01,6.904557347297668457e-01,5.795652270317077637e-01,4.479393661022186279e-01,4.342075586318969727e-01,5.825252532958984375e-01,5.446160435676574707e-01,4.732757210731506348e-01,5.316835045814514160e-01,4.570446908473968506e-01,4.103514552116394043e-01,5.309436321258544922e-01,4.883283972740173340e-01,4.278111159801483154e-01,5.263733267784118652e-01,4.996253252029418945e-01,4.313810467720031738e-01,5.347630977630615234e-01,4.771043062210083008e-01,3.581364154815673828e-01,5.329565405845642090e-01,4.112352728843688965e-01,2.746526896953582764e-01,5.305249691009521484e-01,4.326438605785369873e-01,2.864830791950225830e-01,2.812424600124359131e-01,3.217170834541320801e-01,2.785672843456268311e-01,2.652367055416107178e-01,2.195092588663101196e-01,1.850792169570922852e-01,2.267967909574508667e-01
9.169509410858154297e-01,7.385692596435546875e-01,6.614094972610473633e-01,9.775358438491821289e-01,7.677154541015625000e-01,4.167456030845642090e-01,9.788271784782409668e-01,7.104029059410095215e-01,5.155912637710571289e-01,9.777271151542663574e-01,5.096945166587829590e-01,4.057046473026275635e-01,9.428989291191101074e-01,7.962819337844848633e-01,7.575330138206481934e-01,9.318724870681762695e-01,7.374929189682006836e-01,5.330744981765747070e-01,9.001854658126831055e-01,4.889664649963378906e-01,3.666952550411224365e-01,8.695803880691528320e-01,6.078115105628967285e-01,5.051270723342895508e-01,7.462412714958190918e-01,6.208559870719909668e-01,4.763263761997222900e-01,6.849378943443298340e-01,5.443896055221557617e-01,4.104383587837219238e-01,6.314432024955749512e-01,6.403338909149169922e-01,5.116564035415649414e-01,6.268016695976257324e-01,5.827084779739379883e-01,4.257734417915344238e-01,6.110205054283142090e-01,4.409430027008056641e-01,2.815169394016265869e-01,5.957257151603698730e-01,4.943537116050720215e-01,3.992433845996856689e-01,4.499601423740386963e-01,4.964147806167602539e-01,4.330400228500366211e-01,4.315501749515533447e-01,3.526238203048706055e-01,2.840989828109741211e-01,3.807153999805450439e-01
4.376581907272338867e-01,4.481157362461090088e-01,3.593990206718444824e-01,4.627401530742645264e-01,5.731835961341857910e-01,2.841316163539886475e-01,4.698397517204284668e-01,7.938066720962524414e-01,8.601024746894836426e-01,5.096945166587829590e-01,9.493788480758666992e-01,8.871433734893798828e-01,4.044847786426544189e-01,2.249503731727600098e-01,3.398893177509307861e-01,4.996748268604278564e-01,7.005043625831604004e-01,8.024297356605529785e-01,5.640674233436584473e-01,4.631703794002532959e-01,4.726144969463348389e-01,5.664796829223632812e-01,5.733547806739807129e-01,4.929533302783966064e-01,5.103096365928649902e-01,4.407754838466644287e-01,4.200819134712219238e-01,5.268287658691406250e-01,5.135481953620910645e-01,4.671541750431060791e-01,5.362548232078552246e-01,4.868666529655456543e-01,4.189264178276062012e-01,5.425736308097839355e-01,4.922299385070800781e-01,3.844076991081237793e-01,5.473920106887817383e-01,4.424217343330383301e-01,3.082078397274017334e-01,5.470765829086303711e-01,4.453575611114501953e-01,2.610034942626953125e-01,2.249399870634078979e-01,2.638120353221893311e-01,2.308390885591506958e-01,2.030435800552368164e-01,1.897516697645187378e-01,1.640568226575851440e-01,1.751042753458023071e-01
2.921243607997894287e-01,3.334881663322448730e-01,2.734808027744293213e-01,3.528284728527069092e-01,5.252988934516906738e-01,3.876659572124481201e-01,3.640581965446472168e-01,7.049469351768493652e-01,8.064747452735900879e-01,4.057046473026275635e-01,8.871433734893798828e-01,9.523980617523193359e-01,3.746123611927032471e-01,1.811406314373016357e-01,3.031325042247772217e-01,4.889411330223083496e-01,6.971114277839660645e-01,7.613361477851867676e-01,5.737361907958984375e-01,6.030867099761962891e-01,5.948337316513061523e-01,5.976954102516174316e-01,6.865422725677490234e-01,6.072216629981994629e-01,5.822371244430541992e-01,5.439414978027343750e-01,5.403144359588623047e-01,6.052453517913818359e-01,5.991704463958740234e-01,5.559311509132385254e-01,6.140602231025695801e-01,5.376915931701660156e-01,4.651015996932983398e-01,6.128544807434082031e-01,5.446314215660095215e-01,4.355737268924713135e-01,6.154469847679138184e-01,5.016406178474426270e-01,3.565892279148101807e-01,6.137744188308715820e-01,5.009393095970153809e-01,3.061196208000183105e-01,2.661085426807403564e-01,2.998406589031219482e-01,2.661685645580291748e-01,2.437912076711654663e-01,2.308658808469772339e-01,2.053528130054473877e-01,2.160919904708862305e-01
8.506484031677246094e-01,6.063370108604431152e-01,5.296608805656433105e-01,9.420288205146789551e-01,7.074490785598754883e-01,4.107664823532104492e-01,9.436486363410949707e-01,6.406503319740295410e-01,4.533940255641937256e-01,9.428989291191101074e-01,4.044847786426544189e-01,3.746123611927032471e-01,9.621539711952209473e-01,8.522458076477050781e-01,8.163270950317382812e-01,9.604943394660949707e-01,7.197216153144836426e-01,5.002272725105285645e-01,9.318839311599731445e-01,5.690102577209472656e-01,4.237612187862396240e-01,9.077155590057373047e-01,6.624356508255004883e-01,5.563446879386901855e-01,7.938768267631530762e-01,6.938316226005554199e-01,5.444881916046142578e-01,7.341012358665466309e-01,5.896633863449096680e-01,4.476503729820251465e-01,6.767107844352722168e-01,6.692264080047607422e-01,5.345489382743835449e-01,6.687045097351074219e-01,6.170789599418640137e-01,4.541044831275939941e-01,6.518893241882324219e-01,4.722419679164886475e-01,3.062174320220947266e-01,6.341643333435058594e-01,5.274358391761779785e-01,4.241291284561157227e-01,4.715899825096130371e-01,5.129094123840332031e-01,4.484505057334899902e-01,4.511902332305908203e-01,3.699253797531127930e-01,2.984879314899444580e-01,3.999814987182617188e-01
7.223756313323974609e-01,3.443892896175384521e-01,2.643630206584930420e-01,8.014445900917053223e-01,5.057855844497680664e-01,2.858090400695800781e-01,8.006158471107482910e-01,4.013605117797851562e-01,2.564505338668823242e-01,7.962819337844848633e-01,2.249503731727600098e-01,1.811406314373016357e-01,8.522458076477050781e-01,8.484323620796203613e-01,7.767736911773681641e-01,7.776426076889038086e-01,4.206305146217346191e-01,2.253512442111968994e-01,7.281100749969482422e-01,4.167680442333221436e-01,2.805596292018890381e-01,7.056120038032531738e-01,4.578507244586944580e-01,3.698158562183380127e-01,5.834679007530212402e-01,5.368542075157165527e-01,4.024844169616699219e-01,5.280186533927917480e-01,3.954334259033203125e-01,2.772004008293151855e-01,4.743854105472564697e-01,4.711147546768188477e-01,3.602081239223480225e-01,4.652061462402343750e-01,4.163912236690521240e-01,2.919794917106628418e-01,4.502838551998138428e-01,3.085419833660125732e-01,1.963924318552017212e-01,4.355418980121612549e-01,3.604575097560882568e-01,2.974015772342681885e-01,3.391826152801513672e-01,3.584105074405670166e-01,3.091428279876708984e-01,3.251657485961914062e-01,2.641304731369018555e-01,2.075252532958984375e-01,2.891260683536529541e-01
6.572690010070800781e-01,3.511469960212707520e-01,2.645726501941680908e-01,7.536405324935913086e-01,5.652779936790466309e-01,3.479843735694885254e-01,7.556564211845397949e-01,4.756805896759033203e-01,3.286799788475036621e-01,7.575330138206481934e-01,3.398893177509307861e-01,3.031325042247772217e-01,8.163270950317382812e-01,7.767736911773681641e-01,7.784522175788879395e-01,7.670728564262390137e-01,5.573391318321228027e-01,3.801448047161102295e-01,7.675968408584594727e-01,6.089712381362915039e-01,4.906581342220306396e-01,7.676280140876770020e-01,6.173204779624938965e-01,5.278568863868713379e-01,6.745980381965637207e-01,6.329847574234008789e-01,5.277357101440429688e-01,6.461806297302246094e-01,5.477074384689331055e-01,4.429707229137420654e-01,6.075806021690368652e-01,5.753692388534545898e-01,4.701247513294219971e-01,5.977029800415039062e-01,5.345352888107299805e-01,3.964175283908843994e-01,5.820676684379577637e-01,4.453975558280944824e-01,3.146737813949584961e-01,5.675375461578369141e-01,4.716230034828186035e-01,3.454421162605285645e-01,3.478973209857940674e-01,3.833698332309722900e-01,3.333974778652191162e-01,3.276739418506622314e-01,2.888116240501403809e-01,2.451266497373580933e-01,2.953163981437683105e-01
8.115965127944946289e-01,6.310949921607971191e-01,5.588296055793762207e-01,9.236186742782592773e-01,7.650343179702758789e-01,4.843553304672241211e-01,9.277700185775756836e-01,7.165999412536621094e-01,5.307550430297851562e-01,9.318724870681762695e-01,4.996748268604278564e-01,4.889411330223083496e-01,9.604943394660949707e-01,7.776426076889038086e-01,7.670728564262390137e-01,9.788300991058349609e-01,7.943446040153503418e-01,5.903324484825134277e-01,9.737569689750671387e-01,6.557486653327941895e-01,5.257110595703125000e-01,9.605354070663452148e-01,7.607025504112243652e-01,6.524815559387207031e-01,8.639826774597167969e-01,7.642564177513122559e-01,6.227561831474304199e-01,8.143845200538635254e-01,6.799866557121276855e-01,5.391172170639038086e-01,7.628098726272583008e-01,7.482423782348632812e-01,6.107479929924011230e-01,7.562785744667053223e-01,6.974099874496459961e-01,5.208784341812133789e-01,7.398640513420104980e-01,5.539578795433044434e-01,3.711353242397308350e-01,7.224401831626892090e-01,6.013441681861877441e-01,4.676154553890228271e-01,5.034192800521850586e-01,5.475018024444580078e-01,4.809910655021667480e-01,4.799183011054992676e-01,4.006380736827850342e-01,3.272624313831329346e-01,4.261491000652313232e-01
6.145030260086059570e-01,6.658870577812194824e-01,5.934913158416748047e-01,7.137368321418762207e-01,7.671437263488769531e-01,4.875461757183074951e-01,7.212856411933898926e-01,8.470346927642822266e-01,6.716288924217224121e-01,7.374929189682006836e-01,7.005043625831604004e-01,6.971114277839660645e-01,7.197216153144836426e-01,4.206305146217346191e-01,5.573391318321228027e-01,7.943446040153503418e-01,8.645110130310058594e-01,6.992087960243225098e-01,8.994086980819702148e-01,7.604128122329711914e-01,6.424972414970397949e-01,8.999380469322204590e-01,8.192663788795471191e-01,7.225901484489440918e-01,8.556301593780517578e-01,7.451949715614318848e-01,6.427234411239624023e-01,8.245813250541687012e-01,7.375560402870178223e-01,6.238250732421875000e-01,7.923635244369506836e-01,7.638462781906127930e-01,6.342139244079589844e-01,7.833239436149597168e-01,7.207953333854675293e-01,5.600471496582031250e-01,7.700475454330444336e-01,6.069601774215698242e-01,4.211357533931732178e-01,7.542882561683654785e-01,6.386959552764892578e-01,4.786182343959808350e-01,4.913864731788635254e-01,5.384810566902160645e-01,4.755510985851287842e-01,4.655774235725402832e-01,4.050912857055664062e-01,3.398000597953796387e-01,4.209818840026855469e-01
4.309032857418060303e-01,5.109342932701110840e-01,4.269220530986785889e-01,5.000277161598205566e-01,6.045547723770141602e-01,3.118800520896911621e-01,5.062266588211059570e-01,7.914603352546691895e-01,6.904557347297668457e-01,5.330744981765747070e-01,8.024297356605529785e-01,7.613361477851867676e-01,5.002272725105285645e-01,2.253512442111968994e-01,3.801448047161102295e-01,5.903324484825134277e-01,6.992087960243225098e-01,7.850264906883239746e-01,7.705135345458984375e-01,6.857991814613342285e-01,6.638520359992980957e-01,7.825850248336791992e-01,7.739731669425964355e-01,6.928055882453918457e-01,7.449682950973510742e-01,6.420692801475524902e-01,5.857220292091369629e-01,7.454169392585754395e-01,7.039586901664733887e-01,6.254637837409973145e-01,7.383106946945190430e-01,6.945671439170837402e-01,5.860913395881652832e-01,7.345132827758789062e-01,6.751801967620849609e-01,5.326914787292480469e-01,7.293811440467834473e-01,5.986921191215515137e-01,4.252511560916900635e-01,7.183962464332580566e-01,5.959365367889404297e-01,4.015890657901763916e-01,3.839983940124511719e-01,4.226564764976501465e-01,3.726084828376770020e-01,3.560253977775573730e-01,3.168889880180358887e-01,2.670316994190216064e-01,3.162875771522521973e-01
7.658920288085937500e-01,6.336150765419006348e-01,5.612357854843139648e-01,8.863326311111450195e-01,7.834591269493103027e-01,5.114626884460449219e-01,8.920535445213317871e-01,7.628275156021118164e-01,5.795652270317077637e-01,9.001854658126831055e-01,5.640674233436584473e-01,5.737361907958984375e-01,9.318839311599731445e-01,7.281100749969482422e-01,7.675968408584594727e-01,9.737569689750671387e-01,8.994086980819702148e-01,7.705135345458984375e-01,9.762946367263793945e-01,7.523875832557678223e-01,6.513833403587341309e-01,9.784196019172668457e-01,8.567404747009277344e-01,7.525995969772338867e-01,9.091520905494689941e-01,8.120595216751098633e-01,6.952539682388305664e-01,8.778688311576843262e-01,7.692483067512512207e-01,6.403379440307617188e-01,8.394613862037658691e-01,8.107046484947204590e-01,6.712297797203063965e-01,8.328748941421508789e-01,7.651122808456420898e-01,5.828203558921813965e-01,8.184360861778259277e-01,6.367666721343994141e-01,4.391359984874725342e-01,8.020665049552917480e-01,6.676396131515502930e-01,4.965201914310455322e-01,5.124228596687316895e-01,5.587513446807861328e-01,4.925271272659301758e-01,4.850556552410125732e-01,4.146882295608520508e-01,3.440695703029632568e-01,4.312743246555328369e-01
2.955492734909057617e-01,3.409993648529052734e-01,3.010210394859313965e-01,4.627349674701690674e-01,5.411078929901123047e-01,5.128940343856811523e-01,4.736860096454620361e-01,5.813807845115661621e-01,4.479393661022186279e-01,4.889664649963378906e-01,4.631703794002532959e-01,6.030867099761962891e-01,5.690102577209472656e-01,4.167680442333221436e-01,6.089712381362915039e-01,6.557486653327941895e-01,7.604128122329711914e-01,6.857991814613342285e-01,7.523875832557678223e-01,8.844714760780334473e-01,8.514608740806579590e-01,7.764220833778381348e-01,9.083823561668395996e-01,8.667070269584655762e-01,8.264497518539428711e-01,8.218100666999816895e-01,8.171127438545227051e-01,8.563235998153686523e-01,8.500235676765441895e-01,7.854079008102416992e-01,8.547919988632202148e-01,7.468417882919311523e-01,6.436505913734436035e-01,8.350246548652648926e-01,7.503465414047241211e-01,5.944033861160278320e-01,8.236993551254272461e-01,7.244391441345214844e-01,5.472499728202819824e-01,8.110098838806152344e-01,6.744596362113952637e-01,4.540152251720428467e-01,4.002772569656372070e-01,4.424508810043334961e-01,3.998475968837738037e-01,3.677042722702026367e-01,3.412037193775177002e-01,3.072732985019683838e-01,3.340217471122741699e-01
2.147995084524154663e-01,2.654552757740020752e-01,2.213772386312484741e-01,3.379068076610565186e-01,4.470342397689819336e-01,4.147003293037414551e-01,3.477531373500823975e-01,5.012766718864440918e-01,4.342075586318969727e-01,3.666952550411224365e-01,4.726144969463348389e-01,5.948337316513061523e-01,4.237612187862396240e-01,2.805596292018890381e-01,4.906581342220306396e-01,5.257110595703125000e-01,6.424972414970397949e-01,6.638520359992980957e-01,6.513833403587341309e-01,8.514608740806579590e-01,8.573070168495178223e-01,6.240042448043823242e-01,7.800961136817932129e-01,7.590079903602600098e-01,6.615297198295593262e-01,6.491213440895080566e-01,6.873892545700073242e-01,7.219307422637939453e-01,7.524144649505615234e-01,7.268110513687133789e-01,7.476280927658081055e-01,6.442896723747253418e-01,5.593084692955017090e-01,7.369818687438964844e-01,6.560671925544738770e-01,5.199974179267883301e-01,7.340621352195739746e-01,6.745831966400146484e-01,5.264700055122375488e-01,7.299465537071228027e-01,6.073880195617675781e-01,3.748299479484558105e-01,3.047366142272949219e-01,3.387389481067657471e-01,3.041110038757324219e-01,2.740416228771209717e-01,2.604573369026184082e-01,2.351958751678466797e-01,2.456864416599273682e-01
7.276929616928100586e-01,6.165589690208435059e-01,5.483119487762451172e-01,8.536302447319030762e-01,7.697213292121887207e-01,5.188590884208679199e-01,8.600594401359558105e-01,7.529132962226867676e-01,5.825252532958984375e-01,8.695803880691528320e-01,5.664796829223632812e-01,5.976954102516174316e-01,9.077155590057373047e-01,7.056120038032531738e-01,7.676280140876770020e-01,9.605354070663452148e-01,8.999380469322204590e-01,7.825850248336791992e-01,9.784196019172668457e-01,7.764220833778381348e-01,6.240042448043823242e-01,9.772507548332214355e-01,8.935738801956176758e-01,7.992223501205444336e-01,9.278677701950073242e-01,8.377936482429504395e-01,7.371155023574829102e-01,9.076103568077087402e-01,8.123764991760253906e-01,6.908456683158874512e-01,8.763533830642700195e-01,8.384782671928405762e-01,7.018607854843139648e-01,8.704925775527954102e-01,7.951212525367736816e-01,6.095845699310302734e-01,8.570442795753479004e-01,6.816761493682861328e-01,4.789489507675170898e-01,8.421807885169982910e-01,7.048203349113464355e-01,5.184054374694824219e-01,5.228810310363769531e-01,5.696533918380737305e-01,5.043966770172119141e-01,4.934930503368377686e-01,4.244268536567687988e-01,3.550870120525360107e-01,4.391357302665710449e-01
4.286431670188903809e-01,4.443148970603942871e-01,4.019291996955871582e-01,5.810680985450744629e-01,6.504094600677490234e-01,5.191004872322082520e-01,5.910043716430664062e-01,6.784552931785583496e-01,5.446160435676574707e-01,6.078115105628967285e-01,5.733547806739807129e-01,6.865422725677490234e-01,6.624356508255004883e-01,4.578507244586944580e-01,6.173204779624938965e-01,7.607025504112243652e-01,8.192663788795471191e-01,7.739731669425964355e-01,8.567404747009277344e-01,9.083823561668395996e-01,7.800961136817932129e-01,8.935738801956176758e-01,9.681608080863952637e-01,9.205679893493652344e-01,9.160826206207275391e-01,8.774802088737487793e-01,8.318858742713928223e-01,9.241072535514831543e-01,8.832010626792907715e-01,7.960965633392333984e-01,9.115618467330932617e-01,8.313595652580261230e-01,7.260318994522094727e-01,9.010276794433593750e-01,8.161690831184387207e-01,6.469894051551818848e-01,8.900917768478393555e-01,7.516475319862365723e-01,5.516451001167297363e-01,8.786180615425109863e-01,7.534785270690917969e-01,5.532479286193847656e-01,5.206707119941711426e-01,5.591282844543457031e-01,5.075715184211730957e-01,4.875672161579132080e-01,4.323151707649230957e-01,3.756989538669586182e-01,4.407285451889038086e-01
3.392214179039001465e-01,3.804886043071746826e-01,3.483842015266418457e-01,4.812566637992858887e-01,5.629687309265136719e-01,4.422620236873626709e-01,4.900538921356201172e-01,5.993093252182006836e-01,4.732757210731506348e-01,5.051270723342895508e-01,4.929533302783966064e-01,6.072216629981994629e-01,5.563446879386901855e-01,3.698158562183380127e-01,5.278568863868713379e-01,6.524815559387207031e-01,7.225901484489440918e-01,6.928055882453918457e-01,7.525995969772338867e-01,8.667070269584655762e-01,7.590079903602600098e-01,7.992223501205444336e-01,9.205679893493652344e-01,9.268378019332885742e-01,8.770290613174438477e-01,8.589659333229064941e-01,8.264968395233154297e-01,8.878772258758544922e-01,8.571919798851013184e-01,7.859088182449340820e-01,8.774098157882690430e-01,7.980235815048217773e-01,7.158207893371582031e-01,8.658610582351684570e-01,7.860586643218994141e-01,6.332951784133911133e-01,8.534888625144958496e-01,7.441679835319519043e-01,5.578709244728088379e-01,8.422979712486267090e-01,7.464378476142883301e-01,5.899497270584106445e-01,5.529441833496093750e-01,5.803357958793640137e-01,5.373014807701110840e-01,5.195506215095520020e-01,4.547642469406127930e-01,3.989974260330200195e-01,4.739971160888671875e-01
5.899438858032226562e-01,5.461014509201049805e-01,4.950124323368072510e-01,7.292170524597167969e-01,7.031526565551757812e-01,4.995096921920776367e-01,7.365147471427917480e-01,6.987301707267761230e-01,5.316835045814514160e-01,7.462412714958190918e-01,5.103096365928649902e-01,5.822371244430541992e-01,7.938768267631530762e-01,5.834679007530212402e-01,6.745980381965637207e-01,8.639826774597167969e-01,8.556301593780517578e-01,7.449682950973510742e-01,9.091520905494689941e-01,8.264497518539428711e-01,6.615297198295593262e-01,9.278677701950073242e-01,9.160826206207275391e-01,8.770290613174438477e-01,9.631953239440917969e-01,9.132636785507202148e-01,8.284329175949096680e-01,9.480264186859130859e-01,8.705523014068603516e-01,7.583228349685668945e-01,9.177593588829040527e-01,8.673868775367736816e-01,7.535638213157653809e-01,9.088689088821411133e-01,8.341877460479736328e-01,6.559356451034545898e-01,8.933595418930053711e-01,7.391015291213989258e-01,5.337091684341430664e-01,8.778710365295410156e-01,7.712020874023437500e-01,6.237151026725769043e-01,6.197831034660339355e-01,6.542497873306274414e-01,5.954323410987854004e-01,5.876652598381042480e-01,5.021101236343383789e-01,4.291555881500244141e-01,5.321035385131835938e-01
4.448383748531341553e-01,4.488446712493896484e-01,4.195403456687927246e-01,6.040427088737487793e-01,5.950472950935363770e-01,4.674350023269653320e-01,6.114830374717712402e-01,6.040126681327819824e-01,4.570446908473968506e-01,6.208559870719909668e-01,4.407754838466644287e-01,5.439414978027343750e-01,6.938316226005554199e-01,5.368542075157165527e-01,6.329847574234008789e-01,7.642564177513122559e-01,7.451949715614318848e-01,6.420692801475524902e-01,8.120595216751098633e-01,8.218100666999816895e-01,6.491213440895080566e-01,8.377936482429504395e-01,8.774802088737487793e-01,8.589659333229064941e-01,9.132636785507202148e-01,9.322869777679443359e-01,8.889905810356140137e-01,9.208095073699951172e-01,8.767856955528259277e-01,7.805606722831726074e-01,8.981740474700927734e-01,8.249837160110473633e-01,7.224535942077636719e-01,8.824276328086853027e-01,8.090264797210693359e-01,6.469761729240417480e-01,8.666717410087585449e-01,7.450138926506042480e-01,5.542840957641601562e-01,8.508529067039489746e-01,7.524922490119934082e-01,6.120573282241821289e-01,5.896782875061035156e-01,6.196597814559936523e-01,5.709379911422729492e-01,5.556820631027221680e-01,4.806666076183319092e-01,4.203599393367767334e-01,5.089049935340881348e-01
3.080095946788787842e-01,3.401868343353271484e-01,3.134885430335998535e-01,4.564623832702636719e-01,4.915648698806762695e-01,4.165853559970855713e-01,4.640060067176818848e-01,5.205715894699096680e-01,4.103514552116394043e-01,4.763263761997222900e-01,4.200819134712219238e-01,5.403144359588623047e-01,5.444881916046142578e-01,4.024844169616699219e-01,5.277357101440429688e-01,6.227561831474304199e-01,6.427234411239624023e-01,5.857220292091369629e-01,6.952539682388305664e-01,8.171127438545227051e-01,6.873892545700073242e-01,7.371155023574829102e-01,8.318858742713928223e-01,8.264968395233154297e-01,8.284329175949096680e-01,8.889905810356140137e-01,9.168335795402526855e-01,8.742128610610961914e-01,8.678665161132812500e-01,8.201683759689331055e-01,8.753178715705871582e-01,7.710816860198974609e-01,6.925180554389953613e-01,8.580238223075866699e-01,7.850947976112365723e-01,6.447124481201171875e-01,8.469555974006652832e-01,7.697125673294067383e-01,6.048647761344909668e-01,8.347070813179016113e-01,7.355384230613708496e-01,5.782901644706726074e-01,5.230364203453063965e-01,5.524366497993469238e-01,5.181143879890441895e-01,4.858376085758209229e-01,4.355658590793609619e-01,3.937721848487854004e-01,4.480321705341339111e-01
5.300874114036560059e-01,5.031434893608093262e-01,4.503108859062194824e-01,6.651502251625061035e-01,6.585405468940734863e-01,4.670996367931365967e-01,6.723948717117309570e-01,6.765312552452087402e-01,5.309436321258544922e-01,6.849378943443298340e-01,5.268287658691406250e-01,6.052453517913818359e-01,7.341012358665466309e-01,5.280186533927917480e-01,6.461806297302246094e-01,8.143845200538635254e-01,8.245813250541687012e-01,7.454169392585754395e-01,8.778688311576843262e-01,8.563235998153686523e-01,7.219307422637939453e-01,9.076103568077087402e-01,9.241072535514831543e-01,8.878772258758544922e-01,9.480264186859130859e-01,9.208095073699951172e-01,8.742128610610961914e-01,9.594182968139648438e-01,9.162649512290954590e-01,8.323990702629089355e-01,9.508859515190124512e-01,8.812896013259887695e-01,7.757595181465148926e-01,9.426599144935607910e-01,8.671776652336120605e-01,6.984849572181701660e-01,9.318461418151855469e-01,8.033580183982849121e-01,6.053303480148315430e-01,9.196510314941406250e-01,8.130696415901184082e-01,6.390687823295593262e-01,6.079967021942138672e-01,6.443464159965515137e-01,5.896608233451843262e-01,5.708703398704528809e-01,5.009383559226989746e-01,4.374731779098510742e-01,5.198304057121276855e-01
3.975447118282318115e-01,4.091790020465850830e-01,3.571496009826660156e-01,5.219523310661315918e-01,5.508935451507568359e-01,3.994762897491455078e-01,5.288438200950622559e-01,6.007609367370605469e-01,4.883283972740173340e-01,5.443896055221557617e-01,5.135481953620910645e-01,5.991704463958740234e-01,5.896633863449096680e-01,3.954334259033203125e-01,5.477074384689331055e-01,6.799866557121276855e-01,7.375560402870178223e-01,7.039586901664733887e-01,7.692483067512512207e-01,8.500235676765441895e-01,7.524144649505615234e-01,8.123764991760253906e-01,8.832010626792907715e-01,8.571919798851013184e-01,8.705523014068603516e-01,8.767856955528259277e-01,8.678665161132812500e-01,9.162649512290954590e-01,9.132942557334899902e-01,8.473162055015563965e-01,9.295840859413146973e-01,8.579707145690917969e-01,7.669647336006164551e-01,9.259886145591735840e-01,8.570412397384643555e-01,7.016084194183349609e-01,9.212332963943481445e-01,8.199437260627746582e-01,6.322956681251525879e-01,9.136641621589660645e-01,8.214405179023742676e-01,6.261830925941467285e-01,5.664098858833312988e-01,6.070227026939392090e-01,5.619891881942749023e-01,5.266176462173461914e-01,4.727263748645782471e-01,4.143559634685516357e-01,4.796560704708099365e-01
2.753628492355346680e-01,3.154999315738677979e-01,2.731333374977111816e-01,3.873039782047271729e-01,4.443165957927703857e-01,3.286113440990447998e-01,3.937406837940216064e-01,5.084465146064758301e-01,4.278111159801483154e-01,4.104383587837219238e-01,4.671541750431060791e-01,5.559311509132385254e-01,4.476503729820251465e-01,2.772004008293151855e-01,4.429707229137420654e-01,5.391172170639038086e-01,6.238250732421875000e-01,6.254637837409973145e-01,6.403379440307617188e-01,7.854079008102416992e-01,7.268110513687133789e-01,6.908456683158874512e-01,7.960965633392333984e-01,7.859088182449340820e-01,7.583228349685668945e-01,7.805606722831726074e-01,8.201683759689331055e-01,8.323990702629089355e-01,8.473162055015563965e-01,8.494542837142944336e-01,8.860586285591125488e-01,8.129300475120544434e-01,7.611661553382873535e-01,8.896232843399047852e-01,8.239599466323852539e-01,7.075302004814147949e-01,8.927553296089172363e-01,8.240464925765991211e-01,6.676772236824035645e-01,8.918595314025878906e-01,8.299921154975891113e-01,6.556361913681030273e-01,5.772495865821838379e-01,6.092745065689086914e-01,5.799695253372192383e-01,5.371242761611938477e-01,4.897485673427581787e-01,4.401823282241821289e-01,4.942703545093536377e-01
4.822416007518768311e-01,4.652045667171478271e-01,4.108700752258300781e-01,6.096911430358886719e-01,6.162002086639404297e-01,4.365024566650390625e-01,6.167779564857482910e-01,6.510956287384033203e-01,5.263733267784118652e-01,6.314432024955749512e-01,5.362548232078552246e-01,6.140602231025695801e-01,6.767107844352722168e-01,4.743854105472564697e-01,6.075806021690368652e-01,7.628098726272583008e-01,7.923635244369506836e-01,7.383106946945190430e-01,8.394613862037658691e-01,8.547919988632202148e-01,7.476280927658081055e-01,8.763533830642700195e-01,9.115618467330932617e-01,8.774098157882690430e-01,9.177593588829040527e-01,8.981740474700927734e-01,8.753178715705871582e-01,9.508859515190124512e-01,9.295840859413146973e-01,8.860586285591125488e-01,9.440801739692687988e-01,8.757956027984619141e-01,7.920765280723571777e-01,9.447581768035888672e-01,8.755332827568054199e-01,7.311869859695434570e-01,9.433385133743286133e-01,8.381327986717224121e-01,6.544427275657653809e-01,9.387947320938110352e-01,8.611104488372802734e-01,6.891397833824157715e-01,6.362193226814270020e-01,6.704623699188232422e-01,6.247622966766357422e-01,5.978235006332397461e-01,5.389340519905090332e-01,4.789785444736480713e-01,5.496897697448730469e-01
5.282924175262451172e-01,4.744642972946166992e-01,4.167313873767852783e-01,6.216909885406494141e-01,6.201616525650024414e-01,4.248740077018737793e-01,6.287844181060791016e-01,6.252397894859313965e-01,4.996253252029418945e-01,6.403338909149169922e-01,4.868666529655456543e-01,5.376915931701660156e-01,6.692264080047607422e-01,4.711147546768188477e-01,5.753692388534545898e-01,7.482423782348632812e-01,7.638462781906127930e-01,6.945671439170837402e-01,8.107046484947204590e-01,7.468417882919311523e-01,6.442896723747253418e-01,8.384782671928405762e-01,8.313595652580261230e-01,7.980235815048217773e-01,8.673868775367736816e-01,8.249837160110473633e-01,7.710816860198974609e-01,8.812896013259887695e-01,8.579707145690917969e-01,8.129300475120544434e-01,8.757956027984619141e-01,8.007718324661254883e-01,7.396696209907531738e-01,8.760707378387451172e-01,8.216921091079711914e-01,7.001634836196899414e-01,8.763855099678039551e-01,8.326336741447448730e-01,6.889071464538574219e-01,8.797475099563598633e-01,8.375729918479919434e-01,6.799762845039367676e-01,6.041663289070129395e-01,6.357399821281433105e-01,5.985269546508789062e-01,5.666289925575256348e-01,5.242907404899597168e-01,4.806908071041107178e-01,5.275210738182067871e-01
