9.920417666435241699e-01,5.796131491661071777e-01,2.756821811199188232e-01,8.661580681800842285e-01,5.011835694313049316e-01,3.510952889919281006e-01,8.406758904457092285e-01,4.745284914970397949e-01,3.018628954887390137e-01,8.354343175888061523e-01,7.003804445266723633e-01,4.602807462215423584e-01,7.366670966148376465e-01,7.798599600791931152e-01,6.746552586555480957e-01,6.925756931304931641e-01,5.734659433364868164e-01,4.763366281986236572e-01,6.392273902893066406e-01,3.556531369686126709e-01,2.280742377042770386e-01,5.947327613830566406e-01,4.675252139568328857e-01,3.414559364318847656e-01,3.174755573272705078e-01,1.280287653207778931e-01,5.144302546977996826e-02,3.002290725708007812e-01,1.224527508020401001e-01,3.416837379336357117e-02,2.811239957809448242e-01,9.074105322360992432e-02,2.691500820219516754e-02,2.722498178482055664e-01,1.397857367992401123e-01,6.430408358573913574e-02,2.643077373504638672e-01,1.078151389956474304e-01,4.494864121079444885e-02,2.615446746349334717e-01,2.461377382278442383e-01,1.422163695096969604e-01,2.023711651563644409e-01,9.528968586414165998e-11,-6.036729669737113129e-28,2.023711800575256348e-01,2.146021138571541087e-10,3.344321496460047829e-27,2.023712098598480225e-01
5.796131491661071777e-01,7.677382230758666992e-01,4.418803155422210693e-01,8.583684563636779785e-01,8.298296928405761719e-01,6.819701194763183594e-01,8.501437902450561523e-01,6.054992079734802246e-01,4.285078048706054688e-01,8.382043838500976562e-01,7.295325994491577148e-01,5.946738719940185547e-01,7.575052976608276367e-01,5.932686328887939453e-01,4.981743097305297852e-01,7.496816515922546387e-01,7.532446384429931641e-01,6.681128144264221191e-01,7.311985492706298828e-01,5.293256044387817383e-01,3.999401628971099854e-01,6.856110095977783203e-01,5.705476403236389160e-01,4.432556331157684326e-01,3.926849067211151123e-01,1.558067053556442261e-01,7.398208975791931152e-02,3.727170228958129883e-01,1.761850565671920776e-01,5.445148423314094543e-02,3.501020371913909912e-01,1.115232557058334351e-01,3.542124480009078979e-02,3.393274247646331787e-01,2.097547203302383423e-01,1.133816540241241455e-01,3.361856639385223389e-01,1.247356235980987549e-01,4.669129475951194763e-02,3.312986493110656738e-01,3.031438887119293213e-01,1.799467802047729492e-01,2.471691966056823730e-01,8.423524898437673158e-12,-3.792455783346062658e-29,2.471692115068435669e-01,2.780028811322221571e-11,5.165536222358519185e-28,2.471691817045211792e-01
2.756821811199188232e-01,4.418803155422210693e-01,4.341207444667816162e-01,7.721149325370788574e-01,7.837684750556945801e-01,7.290325164794921875e-01,7.885126471519470215e-01,6.131381392478942871e-01,4.817645549774169922e-01,7.788776159286499023e-01,6.971389055252075195e-01,6.118913888931274414e-01,7.046030759811401367e-01,5.045757293701171875e-01,4.192580282688140869e-01,7.187002897262573242e-01,7.493795156478881836e-01,6.896095871925354004e-01,7.207640409469604492e-01,5.487580299377441406e-01,4.281966686248779297e-01,6.803753376007080078e-01,5.679509639739990234e-01,4.225133061408996582e-01,3.701316416263580322e-01,1.486397236585617065e-01,6.814692914485931396e-02,3.520956337451934814e-01,1.732416152954101562e-01,5.763176456093788147e-02,3.323412239551544189e-01,1.127389818429946899e-01,3.835896030068397522e-02,3.230579793453216553e-01,1.962764561176300049e-01,1.051328629255294800e-01,3.193456828594207764e-01,1.229383796453475952e-01,4.879024252295494080e-02,3.152525126934051514e-01,2.733381092548370361e-01,1.596212834119796753e-01,2.214217185974121094e-01,8.082990006486046042e-12,-6.531987610502394845e-29,2.214216887950897217e-01,2.730673846762510237e-11,6.175225217967943647e-28,2.214216738939285278e-01
8.661580681800842285e-01,8.583684563636779785e-01,7.721149325370788574e-01,9.666261672973632812e-01,7.373300194740295410e-01,6.028831005096435547e-01,9.632104635238647461e-01,6.608590483665466309e-01,4.687031805515289307e-01,9.599143266677856445e-01,8.618264198303222656e-01,6.585242152214050293e-01,8.906828165054321289e-01,8.520928621292114258e-01,7.581111192703247070e-01,8.585937619209289551e-01,7.416567206382751465e-01,6.301711797714233398e-01,8.186100721359252930e-01,5.726073384284973145e-01,4.275747239589691162e-01,7.746212482452392578e-01,6.387788653373718262e-01,4.868381619453430176e-01,4.369013309478759766e-01,1.702910214662551880e-01,7.371990382671356201e-02,4.150850474834442139e-01,1.895105838775634766e-01,6.210833415389060974e-02,3.915735185146331787e-01,1.332968175411224365e-01,4.245961457490921021e-02,3.802616000175476074e-01,2.060148417949676514e-01,1.011263206601142883e-01,3.715290427207946777e-01,1.435929089784622192e-01,5.839513614773750305e-02,3.670621514320373535e-01,3.405695259571075439e-01,1.962485015392303467e-01,2.768811881542205811e-01,6.290171161715818471e-11,-4.500118278405493358e-28,2.768812179565429688e-01,1.825749412764920976e-10,2.318978349669649475e-27,2.768812179565429688e-01
5.011835694313049316e-01,8.298296928405761719e-01,7.837684750556945801e-01,7.373300194740295410e-01,5.127351880073547363e-01,4.175803661346435547e-01,7.124353647232055664e-01,5.269789099693298340e-01,3.531672954559326172e-01,7.175182104110717773e-01,7.052418589591979980e-01,5.099321603775024414e-01,6.969255208969116211e-01,7.957694530487060547e-01,7.792227268218994141e-01,6.582584977149963379e-01,4.562029242515563965e-01,3.554800152778625488e-01,6.069047451019287109e-01,3.988442420959472656e-01,2.931011319160461426e-01,5.796785950660705566e-01,4.680326581001281738e-01,3.697467446327209473e-01,3.426725268363952637e-01,1.110268831253051758e-01,3.732305020093917847e-02,3.249303996562957764e-01,1.413573175668716431e-01,4.166600853204727173e-02,3.066112697124481201e-01,1.103628501296043396e-01,3.326381370425224304e-02,2.982245981693267822e-01,1.492606252431869507e-01,6.728251278400421143e-02,2.888803482055664062e-01,1.100057289004325867e-01,4.467774927616119385e-02,2.854088246822357178e-01,2.946240305900573730e-01,1.651667505502700806e-01,2.329859584569931030e-01,1.013026208057654642e-11,-8.192957742790556726e-29,2.329860031604766846e-01,2.403003664108727122e-11,-1.390456570175238122e-29,2.329860180616378784e-01
3.510952889919281006e-01,6.819701194763183594e-01,7.290325164794921875e-01,6.028831005096435547e-01,4.175803661346435547e-01,4.368219971656799316e-01,6.281540989875793457e-01,5.120974183082580566e-01,3.761406242847442627e-01,6.344482898712158203e-01,6.432542800903320312e-01,5.031940340995788574e-01,6.109592318534851074e-01,6.633892059326171875e-01,7.001509070396423340e-01,6.036352515220642090e-01,4.385790526866912842e-01,3.532876968383789062e-01,5.717400908470153809e-01,4.006310403347015381e-01,3.112970888614654541e-01,5.543060898780822754e-01,4.551071822643280029e-01,3.535979092121124268e-01,3.238719105720520020e-01,1.081282347440719604e-01,3.723747283220291138e-02,3.078116178512573242e-01,1.422735005617141724e-01,4.572314023971557617e-02,2.915230691432952881e-01,1.107042431831359863e-01,3.570040687918663025e-02,2.839604020118713379e-01,1.534628272056579590e-01,7.479102909564971924e-02,2.769707143306732178e-01,1.128965392708778381e-01,5.288648605346679688e-02,2.748924195766448975e-01,2.670983970165252686e-01,1.543541699647903442e-01,2.178587317466735840e-01,6.647184538910444473e-12,-8.375619559100426005e-29,2.178587615489959717e-01,1.734047974655261726e-11,4.137340785357545487e-29,2.178587764501571655e-01
8.406758904457092285e-01,8.501437902450561523e-01,7.885126471519470215e-01,9.632104635238647461e-01,7.124353647232055664e-01,6.281540989875793457e-01,9.688656926155090332e-01,7.118465304374694824e-01,5.310223698616027832e-01,9.675301909446716309e-01,8.878272771835327148e-01,7.136349081993103027e-01,9.089446663856506348e-01,8.197862505912780762e-01,7.211678624153137207e-01,8.937827944755554199e-01,8.016855120658874512e-01,6.880114674568176270e-01,8.646112084388732910e-01,6.328158974647521973e-01,4.827893078327178955e-01,8.234553337097167969e-01,6.920419931411743164e-01,5.250880122184753418e-01,4.673426747322082520e-01,1.850262284278869629e-01,8.191047608852386475e-02,4.446095228195190430e-01,2.073698490858078003e-01,7.058830559253692627e-02,4.202775061130523682e-01,1.461516469717025757e-01,4.895618557929992676e-02,4.086045026779174805e-01,2.202016711235046387e-01,1.081263571977615356e-01,3.991777896881103516e-01,1.603828519582748413e-01,6.955192983150482178e-02,3.952732384204864502e-01,3.620078265666961670e-01,2.067439854145050049e-01,2.946937978267669678e-01,5.682543324780908733e-11,-4.327266065896738940e-28,2.946937978267669678e-01,1.708884977968949670e-10,2.465965900804266632e-27,2.946937978267669678e-01
4.745284914970397949e-01,6.054992079734802246e-01,6.131381392478942871e-01,6.608590483665466309e-01,5.269789099693298340e-01,5.120974183082580566e-01,7.118465304374694824e-01,7.141472101211547852e-01,6.365598440170288086e-01,7.035564184188842773e-01,7.401863932609558105e-01,7.123094201087951660e-01,6.897575259208679199e-01,4.543673992156982422e-01,3.770015537738800049e-01,7.127465009689331055e-01,6.958084702491760254e-01,6.128145456314086914e-01,7.392515540122985840e-01,7.608065605163574219e-01,6.683341860771179199e-01,7.299060225486755371e-01,6.385580301284790039e-01,4.736298918724060059e-01,4.079235196113586426e-01,1.568058729171752930e-01,7.264151424169540405e-02,3.900870084762573242e-01,2.068839967250823975e-01,8.361926674842834473e-02,3.733243644237518311e-01,1.413219124078750610e-01,5.130939558148384094e-02,3.645414710044860840e-01,2.148066759109497070e-01,1.186599805951118469e-01,3.604997694492340088e-01,1.460878252983093262e-01,6.995163112878799438e-02,3.576224148273468018e-01,2.926397919654846191e-01,1.751690059900283813e-01,2.508803009986877441e-01,6.838567039035847728e-12,-4.707713966184439700e-29,2.508802711963653564e-01,2.463623055559693853e-11,2.621617970017438914e-28,2.508802711963653564e-01
3.018628954887390137e-01,4.285078048706054688e-01,4.817645549774169922e-01,4.687031805515289307e-01,3.531672954559326172e-01,3.761406242847442627e-01,5.310223698616027832e-01,6.365598440170288086e-01,5.981677770614624023e-01,5.196649432182312012e-01,5.751326084136962891e-01,5.930957198143005371e-01,5.057255029678344727e-01,2.746332287788391113e-01,2.160631120204925537e-01,5.370243191719055176e-01,5.321310758590698242e-01,4.718509316444396973e-01,5.759927630424499512e-01,6.697674393653869629e-01,6.288721561431884766e-01,5.894154906272888184e-01,5.281986594200134277e-01,3.865510523319244385e-01,3.284159898757934570e-01,1.306327730417251587e-01,6.174290925264358521e-02,3.155227899551391602e-01,1.727207601070404053e-01,7.562498003244400024e-02,3.040941953659057617e-01,1.225453391671180725e-01,4.962030053138732910e-02,2.981444597244262695e-01,1.735853403806686401e-01,9.620717912912368774e-02,2.945176064968109131e-01,1.150452271103858948e-01,5.634465813636779785e-02,2.919652760028839111e-01,2.177523821592330933e-01,1.334830224514007568e-01,1.889058351516723633e-01,3.737470402609410769e-12,-2.147418357912674902e-29,1.889058500528335571e-01,1.537881974544852426e-11,2.288079644458624247e-28,1.889058053493499756e-01
8.354343175888061523e-01,8.382043838500976562e-01,7.788776159286499023e-01,9.599143266677856445e-01,7.175182104110717773e-01,6.344482898712158203e-01,9.675301909446716309e-01,7.035564184188842773e-01,5.196649432182312012e-01,9.716728925704956055e-01,9.102132916450500488e-01,7.525853514671325684e-01,9.218845963478088379e-01,8.101321458816528320e-01,7.073341012001037598e-01,9.104176759719848633e-01,8.185203075408935547e-01,7.030562758445739746e-01,8.878679275512695312e-01,6.810696125030517578e-01,5.354824662208557129e-01,8.540921807289123535e-01,7.273423075675964355e-01,5.539838075637817383e-01,4.920626580715179443e-01,1.965453326702117920e-01,8.826791495084762573e-02,4.690165817737579346e-01,2.232006192207336426e-01,7.947271317243576050e-02,4.445809423923492432e-01,1.583623737096786499e-01,5.556182190775871277e-02,4.328547120094299316e-01,2.342924177646636963e-01,1.163666471838951111e-01,4.232016503810882568e-01,1.697210222482681274e-01,7.496402412652969360e-02,4.191929996013641357e-01,3.758717775344848633e-01,2.177993208169937134e-01,3.083044588565826416e-01,5.333150934760944040e-11,-4.294144885678139452e-28,3.083044886589050293e-01,1.669978461071863762e-10,2.490492040867054764e-27,3.083044886589050293e-01
7.003804445266723633e-01,7.295325994491577148e-01,6.971389055252075195e-01,8.618264198303222656e-01,7.052418589591979980e-01,6.432542800903320312e-01,8.878272771835327148e-01,7.401863932609558105e-01,5.751326084136962891e-01,9.102132916450500488e-01,9.014878273010253906e-01,8.517186641693115234e-01,8.686619400978088379e-01,6.320698857307434082e-01,5.260750055313110352e-01,8.847488760948181152e-01,8.449256420135498047e-01,7.430832982063293457e-01,8.958316445350646973e-01,8.066416382789611816e-01,6.723732352256774902e-01,8.839830160140991211e-01,7.988768219947814941e-01,6.242489814758300781e-01,5.514484643936157227e-01,2.327584326267242432e-01,1.197054609656333923e-01,5.306832194328308105e-01,2.709046602249145508e-01,1.080798730254173279e-01,5.072914361953735352e-01,1.936227083206176758e-01,7.547319680452346802e-02,4.959082305431365967e-01,2.734030187129974365e-01,1.411919891834259033e-01,4.862357378005981445e-01,1.918319612741470337e-01,9.068126231431961060e-02,4.822306334972381592e-01,4.132992327213287354e-01,2.478487193584442139e-01,3.524686992168426514e-01,1.542230232409735891e-11,-1.427297292876901603e-28,3.524686694145202637e-01,5.210293307911229022e-11,8.390770248119812769e-28,3.524686694145202637e-01
4.602807462215423584e-01,5.946738719940185547e-01,6.118913888931274414e-01,6.585242152214050293e-01,5.099321603775024414e-01,5.031940340995788574e-01,7.136349081993103027e-01,7.123094201087951660e-01,5.930957198143005371e-01,7.525853514671325684e-01,8.517186641693115234e-01,8.682042360305786133e-01,7.801434397697448730e-01,4.985442161560058594e-01,4.085470139980316162e-01,8.050897717475891113e-01,7.705915570259094238e-01,6.946309208869934082e-01,8.297072052955627441e-01,8.119632005691528320e-01,7.091915011405944824e-01,8.305894732475280762e-01,7.758614420890808105e-01,6.566746830940246582e-01,5.891095995903015137e-01,2.603313028812408447e-01,1.479235291481018066e-01,5.718935728073120117e-01,3.056142628192901611e-01,1.378000974655151367e-01,5.512381792068481445e-01,2.159075736999511719e-01,8.744904398918151855e-02,5.397409200668334961e-01,2.937088012695312500e-01,1.569415628910064697e-01,5.297442674636840820e-01,2.102207839488983154e-01,1.106459274888038635e-01,5.268137454986572266e-01,4.440232515335083008e-01,2.726752460002899170e-01,3.961539864540100098e-01,7.153215086236341946e-12,-6.030988231831651731e-29,3.961539864540100098e-01,2.524545503201913732e-11,2.801646197498980173e-28,3.961540162563323975e-01
7.366670966148376465e-01,7.575052976608276367e-01,7.046030759811401367e-01,8.906828165054321289e-01,6.969255208969116211e-01,6.109592318534851074e-01,9.089446663856506348e-01,6.897575259208679199e-01,5.057255029678344727e-01,9.218845963478088379e-01,8.686619400978088379e-01,7.801434397697448730e-01,9.410198330879211426e-01,7.474415302276611328e-01,6.317560672760009766e-01,9.405114650726318359e-01,8.570692539215087891e-01,7.443399429321289062e-01,9.332441091537475586e-01,7.984043359756469727e-01,6.583674550056457520e-01,9.153681397438049316e-01,8.311219215393066406e-01,6.826303005218505859e-01,6.155188679695129395e-01,2.658895552158355713e-01,1.429287195205688477e-01,5.933120250701904297e-01,3.012613356113433838e-01,1.240624189376831055e-01,5.673423409461975098e-01,2.132535874843597412e-01,8.378373086452484131e-02,5.541905164718627930e-01,2.943237423896789551e-01,1.504736542701721191e-01,5.420966148376464844e-01,2.164147049188613892e-01,1.080093458294868469e-01,5.385026335716247559e-01,4.701171219348907471e-01,2.804821133613586426e-01,4.067178666591644287e-01,3.165711096042578276e-11,-2.292334264447018700e-28,4.067178964614868164e-01,1.063207230589391372e-10,1.107804148475271121e-27,4.067178666591644287e-01
7.798599600791931152e-01,5.932686328887939453e-01,5.045757293701171875e-01,8.520928621292114258e-01,7.957694530487060547e-01,6.633892059326171875e-01,8.197862505912780762e-01,4.543673992156982422e-01,2.746332287788391113e-01,8.101321458816528320e-01,6.320698857307434082e-01,4.985442161560058594e-01,7.474415302276611328e-01,7.227111458778381348e-01,6.058859825134277344e-01,8.928570747375488281e-01,8.380348682403564453e-01,7.294005155563354492e-01,8.897987008094787598e-01,7.710210680961608887e-01,6.358505487442016602e-01,8.721690177917480469e-01,7.871358394622802734e-01,6.302621960639953613e-01,5.604148507118225098e-01,2.381639629602432251e-01,1.227426454424858093e-01,5.376906991004943848e-01,2.758455872535705566e-01,1.086862236261367798e-01,5.126992464065551758e-01,1.934587508440017700e-01,7.799648493528366089e-02,5.007988810539245605e-01,2.723986506462097168e-01,1.417873799800872803e-01,4.908225536346435547e-01,2.018841207027435303e-01,1.006971970200538635e-01,4.877411723136901855e-01,4.086916148662567139e-01,2.503632307052612305e-01,3.598672449588775635e-01,3.822459709867942479e-12,-3.023704896936545511e-29,3.598672449588775635e-01,1.281151660453838659e-11,1.593209898313542713e-28,3.598672449588775635e-01
6.746552586555480957e-01,4.981743097305297852e-01,4.192580282688140869e-01,7.581111192703247070e-01,7.792227268218994141e-01,7.001509070396423340e-01,7.211678624153137207e-01,3.770015537738800049e-01,2.160631120204925537e-01,7.073341012001037598e-01,5.260750055313110352e-01,4.085470139980316162e-01,6.317560672760009766e-01,6.058859825134277344e-01,4.849063158035278320e-01,7.742801904678344727e-01,7.495148777961730957e-01,7.051329016685485840e-01,7.939704656600952148e-01,7.228725552558898926e-01,6.403653621673583984e-01,7.894867658615112305e-01,7.239741683006286621e-01,6.028010249137878418e-01,5.276830792427062988e-01,2.270032316446304321e-01,1.218616738915443420e-01,5.080073475837707520e-01,2.647945880889892578e-01,1.077403724193572998e-01,4.862045049667358398e-01,1.842825263738632202e-01,7.711558043956756592e-02,4.755528867244720459e-01,2.573418319225311279e-01,1.354884058237075806e-01,4.658147394657135010e-01,2.035564482212066650e-01,1.073246598243713379e-01,4.644304513931274414e-01,3.703909218311309814e-01,2.336604744195938110e-01,3.332286179065704346e-01,2.245282085255873028e-12,-1.688951336504401028e-29,3.332286477088928223e-01,7.724062708880374828e-12,8.790200655607190984e-29,3.332286179065704346e-01
6.925756931304931641e-01,7.496816515922546387e-01,7.187002897262573242e-01,8.585937619209289551e-01,6.582584977149963379e-01,6.036352515220642090e-01,8.937827944755554199e-01,7.127465009689331055e-01,5.370243191719055176e-01,9.104176759719848633e-01,8.847488760948181152e-01,8.050897717475891113e-01,9.405114650726318359e-01,8.928570747375488281e-01,7.742801904678344727e-01,9.216342568397521973e-01,8.594411015510559082e-01,7.676317095756530762e-01,9.343851208686828613e-01,8.331570625305175781e-01,7.129728198051452637e-01,9.298906326293945312e-01,8.584481477737426758e-01,7.125606536865234375e-01,6.452404856681823730e-01,2.730414867401123047e-01,1.460938304662704468e-01,6.234226822853088379e-01,3.194262087345123291e-01,1.333062797784805298e-01,5.980767011642456055e-01,2.335047870874404907e-01,9.908831119537353516e-02,5.861108899116516113e-01,3.204266428947448730e-01,1.703077107667922974e-01,5.752860307693481445e-01,2.331780791282653809e-01,1.208741366863250732e-01,5.722431540489196777e-01,4.860008358955383301e-01,2.948316633701324463e-01,4.255099296569824219e-01,2.567927294416794126e-11,-2.076753610933332116e-28,4.255098998546600342e-01,8.921208910495082023e-11,8.439139015708126004e-28,4.255099594593048096e-01
5.734659433364868164e-01,7.532446384429931641e-01,7.493795156478881836e-01,7.416567206382751465e-01,4.562029242515563965e-01,4.385790526866912842e-01,8.016855120658874512e-01,6.958084702491760254e-01,5.321310758590698242e-01,8.185203075408935547e-01,8.449256420135498047e-01,7.705915570259094238e-01,8.570692539215087891e-01,8.380348682403564453e-01,7.495148777961730957e-01,8.594411015510559082e-01,7.797372341156005859e-01,7.016355991363525391e-01,8.368130922317504883e-01,8.503012657165527344e-01,7.564979195594787598e-01,8.477740287780761719e-01,8.030580878257751465e-01,6.598713397979736328e-01,5.916414260864257812e-01,2.456572353839874268e-01,1.339112818241119385e-01,5.734490752220153809e-01,3.027397394180297852e-01,1.345845758914947510e-01,5.529649257659912109e-01,2.245098352432250977e-01,9.728334099054336548e-02,5.430665016174316406e-01,3.041849434375762939e-01,1.638411432504653931e-01,5.344873070716857910e-01,2.140576243400573730e-01,1.155649870634078979e-01,5.320200920104980469e-01,4.438938796520233154e-01,2.671501338481903076e-01,3.892695009708404541e-01,3.612902728725164714e-12,-4.142895287687779800e-29,3.892694711685180664e-01,1.381096192271114020e-11,1.192124996633314338e-28,3.892694711685180664e-01
4.763366281986236572e-01,6.681128144264221191e-01,6.896095871925354004e-01,6.301711797714233398e-01,3.554800152778625488e-01,3.532876968383789062e-01,6.880114674568176270e-01,6.128145456314086914e-01,4.718509316444396973e-01,7.030562758445739746e-01,7.430832982063293457e-01,6.946309208869934082e-01,7.443399429321289062e-01,7.294005155563354492e-01,7.051329016685485840e-01,7.676317095756530762e-01,7.016355991363525391e-01,6.036506891250610352e-01,6.968381404876708984e-01,7.626585364341735840e-01,7.500964999198913574e-01,7.316017746925354004e-01,7.147675752639770508e-01,6.192076802253723145e-01,5.580376982688903809e-01,2.258388698101043701e-01,1.243683248758316040e-01,5.424749851226806641e-01,2.987290322780609131e-01,1.451691091060638428e-01,5.279084444046020508e-01,2.204834967851638794e-01,9.667839109897613525e-02,5.194650292396545410e-01,2.918733954429626465e-01,1.619381010532379150e-01,5.121284127235412598e-01,2.027196288108825684e-01,1.117750331759452820e-01,5.099369883537292480e-01,4.035504162311553955e-01,2.458347827196121216e-01,3.610730767250061035e-01,2.070561387276792509e-12,-3.113881450831063051e-29,3.610730767250061035e-01,8.189207124920105940e-12,6.786916938709857045e-29,3.610731363296508789e-01
6.392273902893066406e-01,7.311985492706298828e-01,7.207640409469604492e-01,8.186100721359252930e-01,6.069047451019287109e-01,5.717400908470153809e-01,8.646112084388732910e-01,7.392515540122985840e-01,5.759927630424499512e-01,8.878679275512695312e-01,8.958316445350646973e-01,8.297072052955627441e-01,9.332441091537475586e-01,8.897987008094787598e-01,7.939704656600952148e-01,9.343851208686828613e-01,8.368130922317504883e-01,6.968381404876708984e-01,9.086679816246032715e-01,8.414462804794311523e-01,7.454832792282104492e-01,9.239013791084289551e-01,8.825597167015075684e-01,7.558906078338623047e-01,7.010936737060546875e-01,2.953009605407714844e-01,1.613123863935470581e-01,6.806170344352722168e-01,3.580320477485656738e-01,1.594587415456771851e-01,6.572687029838562012e-01,2.727275788784027100e-01,1.236253157258033752e-01,6.465895175933837891e-01,3.617123365402221680e-01,1.969734728336334229e-01,6.361063718795776367e-01,2.521311640739440918e-01,1.349311321973800659e-01,6.330527663230895996e-01,5.274649262428283691e-01,3.212902247905731201e-01,4.663591384887695312e-01,2.198503011585639655e-11,-2.121250055627211764e-28,4.663591682910919189e-01,8.099675097295033765e-11,7.246018192922941940e-28,4.663591980934143066e-01
3.556531369686126709e-01,5.293256044387817383e-01,5.487580299377441406e-01,5.726073384284973145e-01,3.988442420959472656e-01,4.006310403347015381e-01,6.328158974647521973e-01,7.608065605163574219e-01,6.697674393653869629e-01,6.810696125030517578e-01,8.066416382789611816e-01,8.119632005691528320e-01,7.984043359756469727e-01,7.710210680961608887e-01,7.228725552558898926e-01,8.331570625305175781e-01,8.503012657165527344e-01,7.626585364341735840e-01,8.414462804794311523e-01,7.520657777786254883e-01,7.031168341636657715e-01,7.782373428344726562e-01,7.915838956832885742e-01,7.031086683273315430e-01,6.756682991981506348e-01,3.345452845096588135e-01,2.079394608736038208e-01,6.658050417900085449e-01,3.745918571949005127e-01,1.783768832683563232e-01,6.484469771385192871e-01,2.965612709522247314e-01,1.450922787189483643e-01,6.408132910728454590e-01,3.707614243030548096e-01,2.169178277254104614e-01,6.334231495857238770e-01,2.471124380826950073e-01,1.452733427286148071e-01,6.317532658576965332e-01,4.578872919082641602e-01,2.943389415740966797e-01,4.443367421627044678e-01,2.218872655057602117e-12,-2.440616215041665289e-29,4.443367421627044678e-01,7.982180021126605851e-12,7.301305743465844796e-29,4.443367421627044678e-01
2.280742377042770386e-01,3.999401628971099854e-01,4.281966686248779297e-01,4.275747239589691162e-01,2.931011319160461426e-01,3.112970888614654541e-01,4.827893078327178955e-01,6.683341860771179199e-01,6.288721561431884766e-01,5.354824662208557129e-01,6.723732352256774902e-01,7.091915011405944824e-01,6.583674550056457520e-01,6.358505487442016602e-01,6.403653621673583984e-01,7.129728198051452637e-01,7.564979195594787598e-01,7.500964999198913574e-01,7.454832792282104492e-01,7.031168341636657715e-01,5.832822322845458984e-01,5.701087713241577148e-01,6.205922365188598633e-01,6.026046872138977051e-01,6.115876436233520508e-01,3.402660489082336426e-01,2.287856638431549072e-01,6.117451190948486328e-01,3.601428270339965820e-01,1.720071136951446533e-01,6.001583933830261230e-01,2.898345589637756348e-01,1.475808024406433105e-01,5.952984690666198730e-01,3.617770373821258545e-01,2.264035642147064209e-01,5.928172469139099121e-01,2.233377248048782349e-01,1.381143629550933838e-01,5.913372635841369629e-01,3.655987381935119629e-01,2.490002214908599854e-01,3.894706666469573975e-01,1.154148391441234267e-12,-1.649822909955359322e-29,3.894706666469573975e-01,4.399352410144885539e-12,3.748200019709920652e-29,3.894706666469573975e-01
5.947327613830566406e-01,6.856110095977783203e-01,6.803753376007080078e-01,7.746212482452392578e-01,5.796785950660705566e-01,5.543060898780822754e-01,8.234553337097167969e-01,7.299060225486755371e-01,5.894154906272888184e-01,8.540921807289123535e-01,8.839830160140991211e-01,8.305894732475280762e-01,9.153681397438049316e-01,8.721690177917480469e-01,7.894867658615112305e-01,9.298906326293945312e-01,8.477740287780761719e-01,7.316017746925354004e-01,9.239013791084289551e-01,7.782373428344726562e-01,5.701087713241577148e-01,9.020287990570068359e-01,8.873686194419860840e-01,7.892360687255859375e-01,7.550896406173706055e-01,3.378228843212127686e-01,1.946012079715728760e-01,7.382122874259948730e-01,4.011519551277160645e-01,1.818430274724960327e-01,7.164545655250549316e-01,3.144903481006622314e-01,1.513232886791229248e-01,7.073459029197692871e-01,4.067586362361907959e-01,2.309668064117431641e-01,6.986664533615112305e-01,2.751307785511016846e-01,1.536519974470138550e-01,6.960266232490539551e-01,5.471029281616210938e-01,3.432427048683166504e-01,5.046901702880859375e-01,1.668772585394773245e-11,-1.549233936187133715e-28,5.046901702880859375e-01,6.117469725230861854e-11,6.076778419965673505e-28,5.046901106834411621e-01
4.675252139568328857e-01,5.705476403236389160e-01,5.679509639739990234e-01,6.387788653373718262e-01,4.680326581001281738e-01,4.551071822643280029e-01,6.920419931411743164e-01,6.385580301284790039e-01,5.281986594200134277e-01,7.273423075675964355e-01,7.988768219947814941e-01,7.758614420890808105e-01,8.311219215393066406e-01,7.871358394622802734e-01,7.239741683006286621e-01,8.584481477737426758e-01,8.030580878257751465e-01,7.147675752639770508e-01,8.825597167015075684e-01,7.915838956832885742e-01,6.205922365188598633e-01,8.873686194419860840e-01,8.464189171791076660e-01,8.219989538192749023e-01,8.372977375984191895e-01,3.855398297309875488e-01,2.349775135517120361e-01,8.260926008224487305e-01,4.719635248184204102e-01,2.385092526674270630e-01,8.113465905189514160e-01,3.781605064868927002e-01,2.009767740964889526e-01,8.055008053779602051e-01,4.851125776767730713e-01,2.876304686069488525e-01,7.996004819869995117e-01,3.166177868843078613e-01,1.944901794195175171e-01,7.990871667861938477e-01,6.489684581756591797e-01,4.219185411930084229e-01,6.175062656402587891e-01,7.303112108114628853e-12,-5.539084659176384958e-29,6.175062656402587891e-01,2.745332780551557050e-11,1.252476900335604954e-28,6.175063252449035645e-01
3.414559364318847656e-01,4.432556331157684326e-01,4.225133061408996582e-01,4.868381619453430176e-01,3.697467446327209473e-01,3.535979092121124268e-01,5.250880122184753418e-01,4.736298918724060059e-01,3.865510523319244385e-01,5.539838075637817383e-01,6.242489814758300781e-01,6.566746830940246582e-01,6.826303005218505859e-01,6.302621960639953613e-01,6.028010249137878418e-01,7.125606536865234375e-01,6.598713397979736328e-01,6.192076802253723145e-01,7.558906078338623047e-01,7.031086683273315430e-01,6.026046872138977051e-01,7.892360687255859375e-01,8.219989538192749023e-01,8.181908130645751953e-01,8.667230010032653809e-01,4.337547123432159424e-01,2.802420854568481445e-01,8.640493750572204590e-01,4.890694320201873779e-01,2.427487224340438843e-01,8.497925400733947754e-01,3.935684859752655029e-01,2.089233696460723877e-01,8.444322347640991211e-01,5.160650610923767090e-01,3.110865652561187744e-01,8.410982489585876465e-01,3.373057544231414795e-01,2.129951417446136475e-01,8.419376611709594727e-01,7.275357842445373535e-01,4.677391052246093750e-01,6.902184486389160156e-01,3.689614152396769597e-12,-1.258444454453599567e-29,6.902184486389160156e-01,1.351570331348250775e-11,1.765547827341834977e-29,6.902183890342712402e-01
3.174755573272705078e-01,3.926849067211151123e-01,3.701316416263580322e-01,4.369013309478759766e-01,3.426725268363952637e-01,3.238719105720520020e-01,4.673426747322082520e-01,4.079235196113586426e-01,3.284159898757934570e-01,4.920626580715179443e-01,5.514484643936157227e-01,5.891095995903015137e-01,6.155188679695129395e-01,5.604148507118225098e-01,5.276830792427062988e-01,6.452404856681823730e-01,5.916414260864257812e-01,5.580376982688903809e-01,7.010936737060546875e-01,6.756682991981506348e-01,6.115876436233520508e-01,7.550896406173706055e-01,8.372977375984191895e-01,8.667230010032653809e-01,8.679439425468444824e-01,4.373736083507537842e-01,2.775862216949462891e-01,8.666275143623352051e-01,5.267538428306579590e-01,2.752113938331604004e-01,8.602745532989501953e-01,4.320869147777557373e-01,2.417171448469161987e-01,8.593982458114624023e-01,5.381440520286560059e-01,3.400403261184692383e-01,8.591945767402648926e-01,3.581632673740386963e-01,2.407028675079345703e-01,8.628194332122802734e-01,7.622769474983215332e-01,5.117383599281311035e-01,7.396634221076965332e-01,6.896577493115119140e-12,-2.229472904119846896e-29,7.396633625030517578e-01,2.701552523354244784e-11,2.768068993180736244e-29,7.396633625030517578e-01
1.280287653207778931e-01,1.558067053556442261e-01,1.486397236585617065e-01,1.702910214662551880e-01,1.110268831253051758e-01,1.081282347440719604e-01,1.850262284278869629e-01,1.568058729171752930e-01,1.306327730417251587e-01,1.965453326702117920e-01,2.327584326267242432e-01,2.603313028812408447e-01,2.658895552158355713e-01,2.381639629602432251e-01,2.270032316446304321e-01,2.730414867401123047e-01,2.456572353839874268e-01,2.258388698101043701e-01,2.953009605407714844e-01,3.345452845096588135e-01,3.402660489082336426e-01,3.378228843212127686e-01,3.855398297309875488e-01,4.337547123432159424e-01,4.373736083507537842e-01,3.955660164356231689e-01,3.496069312095642090e-01,5.404713749885559082e-01,2.721580862998962402e-01,9.766432642936706543e-02,5.182071328163146973e-01,1.988889425992965698e-01,9.604825079441070557e-02,5.093567371368408203e-01,3.012282848358154297e-01,1.805137693881988525e-01,5.068173408508300781e-01,1.541374474763870239e-01,8.972773700952529907e-02,5.023350715637207031e-01,5.458445549011230469e-01,3.079348802566528320e-01,4.957458674907684326e-01,6.163908901520021022e-13,-9.906899938730162681e-31,4.957459270954132080e-01,2.887061900311294060e-12,-2.338907252825467742e-30,4.957458674907684326e-01
5.144302546977996826e-02,7.398208975791931152e-02,6.814692914485931396e-02,7.371990382671356201e-02,3.732305020093917847e-02,3.723747283220291138e-02,8.191047608852386475e-02,7.264151424169540405e-02,6.174290925264358521e-02,8.826791495084762573e-02,1.197054609656333923e-01,1.479235291481018066e-01,1.429287195205688477e-01,1.227426454424858093e-01,1.218616738915443420e-01,1.460938304662704468e-01,1.339112818241119385e-01,1.243683248758316040e-01,1.613123863935470581e-01,2.079394608736038208e-01,2.287856638431549072e-01,1.946012079715728760e-01,2.349775135517120361e-01,2.802420854568481445e-01,2.775862216949462891e-01,3.496069312095642090e-01,3.663255274295806885e-01,3.755300045013427734e-01,1.786967515945434570e-01,4.257218912243843079e-02,3.542862832546234131e-01,1.545206457376480103e-01,9.684728831052780151e-02,3.515467643737792969e-01,2.298880517482757568e-01,1.625179201364517212e-01,3.564860224723815918e-01,9.316471964120864868e-02,6.386700272560119629e-02,3.530545234680175781e-01,3.578962385654449463e-01,2.292234897613525391e-01,3.849281370639801025e-01,1.776795263653749291e-13,5.706647974654462061e-31,3.849281370639801025e-01,1.014216922251565123e-12,-3.226783902837711522e-30,3.849281668663024902e-01
3.002290725708007812e-01,3.727170228958129883e-01,3.520956337451934814e-01,4.150850474834442139e-01,3.249303996562957764e-01,3.078116178512573242e-01,4.446095228195190430e-01,3.900870084762573242e-01,3.155227899551391602e-01,4.690165817737579346e-01,5.306832194328308105e-01,5.718935728073120117e-01,5.933120250701904297e-01,5.376906991004943848e-01,5.080073475837707520e-01,6.234226822853088379e-01,5.734490752220153809e-01,5.424749851226806641e-01,6.806170344352722168e-01,6.658050417900085449e-01,6.117451190948486328e-01,7.382122874259948730e-01,8.260926008224487305e-01,8.640493750572204590e-01,8.666275143623352051e-01,5.404713749885559082e-01,3.755300045013427734e-01,8.518840670585632324e-01,5.174074172973632812e-01,2.637957334518432617e-01,8.431627154350280762e-01,4.320535659790039062e-01,2.498760670423507690e-01,8.433773517608642578e-01,5.289563536643981934e-01,3.421254158020019531e-01,8.441802859306335449e-01,3.478578031063079834e-01,2.374330610036849976e-01,8.476564288139343262e-01,7.303007245063781738e-01,5.037232637405395508e-01,7.405238747596740723e-01,6.605809215604052653e-12,-1.995901537142531521e-29,7.405238747596740723e-01,2.694350298426684276e-11,2.166626048452568759e-29,7.405238151550292969e-01
1.224527508020401001e-01,1.761850565671920776e-01,1.732416152954101562e-01,1.895105838775634766e-01,1.413573175668716431e-01,1.422735005617141724e-01,2.073698490858078003e-01,2.068839967250823975e-01,1.727207601070404053e-01,2.232006192207336426e-01,2.709046602249145508e-01,3.056142628192901611e-01,3.012613356113433838e-01,2.758455872535705566e-01,2.647945880889892578e-01,3.194262087345123291e-01,3.027397394180297852e-01,2.987290322780609131e-01,3.580320477485656738e-01,3.745918571949005127e-01,3.601428270339965820e-01,4.011519551277160645e-01,4.719635248184204102e-01,4.890694320201873779e-01,5.267538428306579590e-01,2.721580862998962402e-01,1.786967515945434570e-01,5.174074172973632812e-01,2.665511965751647949e-01,2.008954882621765137e-01,3.369828462600708008e-01,1.327808648347854614e-01,8.094961196184158325e-02,3.348628878593444824e-01,1.577132493257522583e-01,8.125945180654525757e-02,3.249148428440093994e-01,4.588921070098876953e-01,4.439432024955749512e-01,3.702628910541534424e-01,2.324895113706588745e-01,1.660860031843185425e-01,3.328852951526641846e-01,1.243378094711519721e-13,-5.263697252982127025e-31,3.328853249549865723e-01,6.539813178843556507e-13,-6.080177761549155429e-30,3.328853547573089600e-01
3.416837379336357117e-02,5.445148423314094543e-02,5.763176456093788147e-02,6.210833415389060974e-02,4.166600853204727173e-02,4.572314023971557617e-02,7.058830559253692627e-02,8.361926674842834473e-02,7.562498003244400024e-02,7.947271317243576050e-02,1.080798730254173279e-01,1.378000974655151367e-01,1.240624189376831055e-01,1.086862236261367798e-01,1.077403724193572998e-01,1.333062797784805298e-01,1.345845758914947510e-01,1.451691091060638428e-01,1.594587415456771851e-01,1.783768832683563232e-01,1.720071136951446533e-01,1.818430274724960327e-01,2.385092526674270630e-01,2.427487224340438843e-01,2.752113938331604004e-01,9.766432642936706543e-02,4.257218912243843079e-02,2.637957334518432617e-01,2.008954882621765137e-01,1.934242844581604004e-01,2.140935659408569336e-01,8.331040292978286743e-02,6.255254894495010376e-02,2.141985595226287842e-01,8.649900555610656738e-02,3.694839775562286377e-02,2.045322358608245850e-01,3.877629339694976807e-01,4.494759142398834229e-01,2.545177638530731201e-01,1.292875260114669800e-01,1.095260530710220337e-01,2.527628839015960693e-01,6.331996830078595595e-14,3.082576418788438803e-31,2.527629137039184570e-01,3.473634682844839450e-13,-2.863861588885742345e-30,2.527629435062408447e-01
2.811239957809448242e-01,3.501020371913909912e-01,3.323412239551544189e-01,3.915735185146331787e-01,3.066112697124481201e-01,2.915230691432952881e-01,4.202775061130523682e-01,3.733243644237518311e-01,3.040941953659057617e-01,4.445809423923492432e-01,5.072914361953735352e-01,5.512381792068481445e-01,5.673423409461975098e-01,5.126992464065551758e-01,4.862045049667358398e-01,5.980767011642456055e-01,5.529649257659912109e-01,5.279084444046020508e-01,6.572687029838562012e-01,6.484469771385192871e-01,6.001583933830261230e-01,7.164545655250549316e-01,8.113465905189514160e-01,8.497925400733947754e-01,8.602745532989501953e-01,5.182071328163146973e-01,3.542862832546234131e-01,8.431627154350280762e-01,3.369828462600708008e-01,2.140935659408569336e-01,8.354938626289367676e-01,4.287661015987396240e-01,2.517289519309997559e-01,8.362628221511840820e-01,5.184943675994873047e-01,3.335772156715393066e-01,8.357614278793334961e-01,3.863321542739868164e-01,2.913653552532196045e-01,8.462404012680053711e-01,7.103332281112670898e-01,4.981524348258972168e-01,7.433379292488098145e-01,6.484502171333339504e-12,-1.898820975787216456e-29,7.433379292488098145e-01,2.670635414203648139e-11,1.721478337242501673e-29,7.433378696441650391e-01
9.074105322360992432e-02,1.115232557058334351e-01,1.127389818429946899e-01,1.332968175411224365e-01,1.103628501296043396e-01,1.107042431831359863e-01,1.461516469717025757e-01,1.413219124078750610e-01,1.225453391671180725e-01,1.583623737096786499e-01,1.936227083206176758e-01,2.159075736999511719e-01,2.132535874843597412e-01,1.934587508440017700e-01,1.842825263738632202e-01,2.335047870874404907e-01,2.245098352432250977e-01,2.204834967851638794e-01,2.727275788784027100e-01,2.965612709522247314e-01,2.898345589637756348e-01,3.144903481006622314e-01,3.781605064868927002e-01,3.935684859752655029e-01,4.320869147777557373e-01,1.988889425992965698e-01,1.545206457376480103e-01,4.320535659790039062e-01,1.327808648347854614e-01,8.331040292978286743e-02,4.287661015987396240e-01,1.826039254665374756e-01,1.138089150190353394e-01,2.966048717498779297e-01,1.583260744810104370e-01,1.030898168683052063e-01,2.919656336307525635e-01,1.055531427264213562e-01,6.267801672220230103e-02,2.909276783466339111e-01,2.479807436466217041e-01,3.335163891315460205e-01,3.265499770641326904e-01,1.064555141629987267e-13,-2.721882089809244157e-31,3.265500068664550781e-01,5.506311552549991717e-13,6.714587736868732971e-30,3.265500366687774658e-01
