9.797750711441040039e-01,9.729152321815490723e-01,8.711645603179931641e-01,9.420515298843383789e-01,9.129700064659118652e-01,7.361899614334106445e-01,9.403083920478820801e-01,8.181222081184387207e-01,7.409560084342956543e-01,9.400787353515625000e-01,8.732686638832092285e-01,8.536260128021240234e-01,9.110459685325622559e-01,8.129798173904418945e-01,7.594385743141174316e-01,9.058732986450195312e-01,8.014602661132812500e-01,7.245690822601318359e-01,9.022665023803710938e-01,8.734441399574279785e-01,7.469213008880615234e-01,8.998019099235534668e-01,8.216854929924011230e-01,8.015162944793701172e-01,8.395414948463439941e-01,7.623027563095092773e-01,6.705085635185241699e-01,8.325028419494628906e-01,7.754613161087036133e-01,7.158142328262329102e-01,8.280147910118103027e-01,7.675382494926452637e-01,7.428160905838012695e-01,8.263466954231262207e-01,8.039260506629943848e-01,7.212752103805541992e-01,8.222439885139465332e-01,7.692528367042541504e-01,6.848261356353759766e-01,8.180572390556335449e-01,7.947371602058410645e-01,7.040261626243591309e-01,7.171453833580017090e-01,6.388217210769653320e-01,5.689011216163635254e-01,7.109940648078918457e-01,6.620257496833801270e-01,6.138725280761718750e-01,7.060567736625671387e-01
9.729152321815490723e-01,9.688129425048828125e-01,9.150889515876770020e-01,9.350211620330810547e-01,9.327918887138366699e-01,8.078429698944091797e-01,9.353636503219604492e-01,8.664826154708862305e-01,8.161033391952514648e-01,9.369013309478759766e-01,8.683261871337890625e-01,8.672047853469848633e-01,9.213278293609619141e-01,8.494457006454467773e-01,8.015360832214355469e-01,9.186477065086364746e-01,8.355474472045898438e-01,7.847769260406494141e-01,9.170978069305419922e-01,9.268509149551391602e-01,8.184212446212768555e-01,9.161245226860046387e-01,8.583750724792480469e-01,8.658264875411987305e-01,8.784090280532836914e-01,8.016445636749267578e-01,7.239360809326171875e-01,8.740410804748535156e-01,8.309237957000732422e-01,7.769122123718261719e-01,8.710007071495056152e-01,8.355789780616760254e-01,8.166822195053100586e-01,8.701412677764892578e-01,8.627631068229675293e-01,7.996914386749267578e-01,8.674724102020263672e-01,8.216061592102050781e-01,7.565422058105468750e-01,8.645108938217163086e-01,8.353966474533081055e-01,7.605444788932800293e-01,7.705784440040588379e-01,7.195242047309875488e-01,6.643309593200683594e-01,7.659784555435180664e-01,7.324295639991760254e-01,6.938985586166381836e-01,7.624568939208984375e-01
8.711645603179931641e-01,9.150889515876770020e-01,8.684356212615966797e-01,8.441013693809509277e-01,8.646290302276611328e-01,7.699171304702758789e-01,8.460063338279724121e-01,8.100216388702392578e-01,7.867330908775329590e-01,8.492146134376525879e-01,7.703917622566223145e-01,7.908363342285156250e-01,8.424707055091857910e-01,7.988330125808715820e-01,7.640675902366638184e-01,8.418760895729064941e-01,7.694287300109863281e-01,7.469781637191772461e-01,8.416855335235595703e-01,8.888705968856811523e-01,7.780500054359436035e-01,8.417099714279174805e-01,8.006609082221984863e-01,8.294929265975952148e-01,8.249892592430114746e-01,7.390831112861633301e-01,6.712529063224792480e-01,8.229274153709411621e-01,7.877100110054016113e-01,7.361947298049926758e-01,8.208974003791809082e-01,8.084999322891235352e-01,7.945679426193237305e-01,8.207968473434448242e-01,8.286125659942626953e-01,7.852608561515808105e-01,8.192974925041198730e-01,7.755018472671508789e-01,7.278836965560913086e-01,8.170310258865356445e-01,7.781748771667480469e-01,7.166943550109863281e-01,7.435606122016906738e-01,7.241490483283996582e-01,6.805658340454101562e-01,7.402032613754272461e-01,7.251029014587402344e-01,6.945499181747436523e-01,7.379944324493408203e-01
9.420515298843383789e-01,9.350211620330810547e-01,8.441013693809509277e-01,9.382122159004211426e-01,9.300445318222045898e-01,7.922800183296203613e-01,9.382567405700683594e-01,8.560459613800048828e-01,7.948769927024841309e-01,9.396541118621826172e-01,8.608195781707763672e-01,8.574745655059814453e-01,9.171464443206787109e-01,8.333904147148132324e-01,7.950550317764282227e-01,9.139502644538879395e-01,8.249375820159912109e-01,7.721565365791320801e-01,9.118049740791320801e-01,9.162397980690002441e-01,7.950543165206909180e-01,9.101284742355346680e-01,8.494622707366943359e-01,8.428384065628051758e-01,8.685526251792907715e-01,7.943376302719116211e-01,7.180948257446289062e-01,8.634603619575500488e-01,8.117992877960205078e-01,7.591686844825744629e-01,8.600708842277526855e-01,8.181822299957275391e-01,7.991325855255126953e-01,8.588016629219055176e-01,8.490946888923645020e-01,7.871794700622558594e-01,8.557053804397583008e-01,8.110414147377014160e-01,7.413725256919860840e-01,8.523834347724914551e-01,8.257418870925903320e-01,7.477484941482543945e-01,7.595086097717285156e-01,7.012064456939697266e-01,6.458926200866699219e-01,7.545120120048522949e-01,7.179964780807495117e-01,6.784598827362060547e-01,7.505548000335693359e-01
9.129700064659118652e-01,9.327918887138366699e-01,8.646290302276611328e-01,9.300445318222045898e-01,7.571648359298706055e-01,6.756556034088134766e-01,7.170932292938232422e-01,6.990548968315124512e-01,6.885973215103149414e-01,7.214726209640502930e-01,6.189501285552978516e-01,6.592776179313659668e-01,7.229468226432800293e-01,6.998221278190612793e-01,6.902458071708679199e-01,7.236634492874145508e-01,6.563895940780639648e-01,6.587297320365905762e-01,7.240878343582153320e-01,7.974725961685180664e-01,6.716881990432739258e-01,7.241539359092712402e-01,6.949757337570190430e-01,7.271665334701538086e-01,7.253739833831787109e-01,6.301654577255249023e-01,5.696657896041870117e-01,7.250441908836364746e-01,6.922591328620910645e-01,6.409820318222045898e-01,7.237722873687744141e-01,7.308621406555175781e-01,7.188830375671386719e-01,7.240258455276489258e-01,7.419915795326232910e-01,7.160873413085937500e-01,7.233219146728515625e-01,6.780902147293090820e-01,6.388582587242126465e-01,7.213439941406250000e-01,6.756256222724914551e-01,6.210598349571228027e-01,6.825539469718933105e-01,6.896139979362487793e-01,6.539145708084106445e-01,6.801938414573669434e-01,6.846176981925964355e-01,6.563093066215515137e-01,6.789293289184570312e-01
7.361899614334106445e-01,8.078429698944091797e-01,7.699171304702758789e-01,7.922800183296203613e-01,6.756556034088134766e-01,6.970540285110473633e-01,7.538476586341857910e-01,7.202087640762329102e-01,7.058117389678955078e-01,7.575544714927673340e-01,6.606607437133789062e-01,6.948466897010803223e-01,7.552014589309692383e-01,7.268472313880920410e-01,7.128222584724426270e-01,7.551512122154235840e-01,6.784971356391906738e-01,6.708828210830688477e-01,7.551044225692749023e-01,8.173615932464599609e-01,6.948282122611999512e-01,7.550421357154846191e-01,7.172670960426330566e-01,7.485251426696777344e-01,7.479748725891113281e-01,6.498651504516601562e-01,5.859593749046325684e-01,7.468854188919067383e-01,7.121794819831848145e-01,6.602331399917602539e-01,7.451472282409667969e-01,7.453826665878295898e-01,7.344947457313537598e-01,7.453876733779907227e-01,7.581361532211303711e-01,7.265655398368835449e-01,7.443258762359619141e-01,6.949227452278137207e-01,6.539126038551330566e-01,7.420485019683837891e-01,6.977837085723876953e-01,6.403160691261291504e-01,6.931483149528503418e-01,6.907574534416198730e-01,6.515043973922729492e-01,6.902677416801452637e-01,6.892226338386535645e-01,6.610286235809326172e-01,6.886262297630310059e-01
9.403083920478820801e-01,9.353636503219604492e-01,8.460063338279724121e-01,9.382567405700683594e-01,7.170932292938232422e-01,7.538476586341857910e-01,9.384987950325012207e-01,8.610134124755859375e-01,8.019495606422424316e-01,9.400234818458557129e-01,8.618797659873962402e-01,8.603897690773010254e-01,9.192048311233520508e-01,8.384710550308227539e-01,8.013365268707275391e-01,9.162709712982177734e-01,8.298427462577819824e-01,7.792997360229492188e-01,9.143012762069702148e-01,9.211599826812744141e-01,8.017076849937438965e-01,9.127403497695922852e-01,8.544998168945312500e-01,8.493497371673583984e-01,8.734396696090698242e-01,7.996882200241088867e-01,7.244749665260314941e-01,8.685923814773559570e-01,8.182131648063659668e-01,7.661048173904418945e-01,8.653374910354614258e-01,8.255118727684020996e-01,8.067728877067565918e-01,8.641351461410522461e-01,8.555360436439514160e-01,7.951607704162597656e-01,8.611713647842407227e-01,8.172971010208129883e-01,7.492397427558898926e-01,8.579533696174621582e-01,8.310851454734802246e-01,7.544897794723510742e-01,7.659437656402587891e-01,7.098528146743774414e-01,6.555155515670776367e-01,7.610914111137390137e-01,7.259452342987060547e-01,6.870625019073486328e-01,7.572605013847351074e-01
8.181222081184387207e-01,8.664826154708862305e-01,8.100216388702392578e-01,8.560459613800048828e-01,6.990548968315124512e-01,7.202087640762329102e-01,8.610134124755859375e-01,8.012040257453918457e-01,7.941147089004516602e-01,7.956328392028808594e-01,7.162127494812011719e-01,7.576347589492797852e-01,8.050124049186706543e-01,7.909733653068542480e-01,7.822402119636535645e-01,8.068944215774536133e-01,7.622949481010437012e-01,7.681230306625366211e-01,8.081172704696655273e-01,8.776013255119323730e-01,7.793318033218383789e-01,8.088117837905883789e-01,7.959409356117248535e-01,8.285051584243774414e-01,8.181739449501037598e-01,7.418034076690673828e-01,6.889915466308593750e-01,8.185886740684509277e-01,7.932707667350769043e-01,7.489758133888244629e-01,8.179565668106079102e-01,8.265061974525451660e-01,8.147068023681640625e-01,8.183586597442626953e-01,8.356642127037048340e-01,8.135219812393188477e-01,8.181045651435852051e-01,7.856880426406860352e-01,7.522595524787902832e-01,8.167699575424194336e-01,7.787025570869445801e-01,7.318954467773437500e-01,7.663755416870117188e-01,7.709078788757324219e-01,7.379845380783081055e-01,7.645368576049804688e-01,7.666019797325134277e-01,7.417289018630981445e-01,7.635920643806457520e-01
7.409560084342956543e-01,8.161033391952514648e-01,7.867330908775329590e-01,7.948769927024841309e-01,6.885973215103149414e-01,7.058117389678955078e-01,8.019495606422424316e-01,7.941147089004516602e-01,7.685137987136840820e-01,8.045477271080017090e-01,7.181738018989562988e-01,7.523396611213684082e-01,8.052964210510253906e-01,7.728704214096069336e-01,7.634271383285522461e-01,8.061201572418212891e-01,7.464730739593505859e-01,7.444515824317932129e-01,8.066802620887756348e-01,8.700760602951049805e-01,7.596480250358581543e-01,8.069680929183959961e-01,7.832776904106140137e-01,8.126419186592102051e-01,8.059371113777160645e-01,7.227554321289062500e-01,6.661235690116882324e-01,8.052082657814025879e-01,7.707132697105407715e-01,7.254889607429504395e-01,8.039481043815612793e-01,8.032797574996948242e-01,7.936933040618896484e-01,8.040756583213806152e-01,8.194285035133361816e-01,7.896354198455810547e-01,8.032632470130920410e-01,7.675570249557495117e-01,7.289429306983947754e-01,8.013054132461547852e-01,7.633658647537231445e-01,7.106145620346069336e-01,7.443616986274719238e-01,7.376916408538818359e-01,7.021895647048950195e-01,7.418405413627624512e-01,7.390574216842651367e-01,7.132009267807006836e-01,7.403407692909240723e-01
9.400787353515625000e-01,9.369013309478759766e-01,8.492146134376525879e-01,9.396541118621826172e-01,7.214726209640502930e-01,7.575544714927673340e-01,9.400234818458557129e-01,7.956328392028808594e-01,8.045477271080017090e-01,9.366165995597839355e-01,8.574382662773132324e-01,8.575657606124877930e-01,9.166973829269409180e-01,8.379322290420532227e-01,8.018184900283813477e-01,9.139227867126464844e-01,8.282478451728820801e-01,7.795855402946472168e-01,9.120612740516662598e-01,9.217209815979003906e-01,8.020743727684020996e-01,9.105711579322814941e-01,8.534767627716064453e-01,8.497959375381469727e-01,8.728727102279663086e-01,7.983944416046142578e-01,7.236513495445251465e-01,8.682019114494323730e-01,8.183573484420776367e-01,7.661949992179870605e-01,8.650269508361816406e-01,8.269655704498291016e-01,8.083791136741638184e-01,8.638799190521240234e-01,8.564395904541015625e-01,7.972517013549804688e-01,8.610045313835144043e-01,8.171427845954895020e-01,7.501010894775390625e-01,8.578346371650695801e-01,8.303078413009643555e-01,7.544426321983337402e-01,7.672652602195739746e-01,7.133466005325317383e-01,6.596170663833618164e-01,7.625030279159545898e-01,7.287862300872802734e-01,6.902613639831542969e-01,7.587655782699584961e-01
8.732686638832092285e-01,8.683261871337890625e-01,7.703917622566223145e-01,8.608195781707763672e-01,6.189501285552978516e-01,6.606607437133789062e-01,8.618797659873962402e-01,7.162127494812011719e-01,7.181738018989562988e-01,8.574382662773132324e-01,8.116997480392456055e-01,8.255435824394226074e-01,8.850115537643432617e-01,8.180056810379028320e-01,7.908213138580322266e-01,8.836527466773986816e-01,8.079859018325805664e-01,7.739484310150146484e-01,8.827562332153320312e-01,9.171870350837707520e-01,7.978894710540771484e-01,8.818039894104003906e-01,8.355843424797058105e-01,8.430173993110656738e-01,8.577028512954711914e-01,7.819120287895202637e-01,7.137867212295532227e-01,8.545184135437011719e-01,8.087638616561889648e-01,7.578336596488952637e-01,8.521175980567932129e-01,8.282570838928222656e-01,8.112786412239074707e-01,8.513492941856384277e-01,8.537080883979797363e-01,8.038818836212158203e-01,8.492494821548461914e-01,8.086553812026977539e-01,7.502933740615844727e-01,8.466097712516784668e-01,8.147816061973571777e-01,7.475546002388000488e-01,7.688033580780029297e-01,7.317575216293334961e-01,6.848872303962707520e-01,7.648851871490478516e-01,7.418851256370544434e-01,7.067876458168029785e-01,7.619145512580871582e-01
8.536260128021240234e-01,8.672047853469848633e-01,7.908363342285156250e-01,8.574745655059814453e-01,6.592776179313659668e-01,6.948466897010803223e-01,8.603897690773010254e-01,7.576347589492797852e-01,7.523396611213684082e-01,8.575657606124877930e-01,8.255435824394226074e-01,8.504207730293273926e-01,8.929009437561035156e-01,8.508977293968200684e-01,8.393582105636596680e-01,8.935620188713073730e-01,8.455601334571838379e-01,8.323978781700134277e-01,8.939647078514099121e-01,9.375509023666381836e-01,8.434161543846130371e-01,8.938001990318298340e-01,8.702695965766906738e-01,8.847943544387817383e-01,8.865068554878234863e-01,8.241361975669860840e-01,7.692865133285522461e-01,8.850691914558410645e-01,8.515088558197021484e-01,8.143905401229858398e-01,8.838036656379699707e-01,8.722926974296569824e-01,8.622340559959411621e-01,8.834167718887329102e-01,8.902822136878967285e-01,8.568437099456787109e-01,8.823094367980957031e-01,8.521711826324462891e-01,8.111150264739990234e-01,8.805671930313110352e-01,8.517501354217529297e-01,8.002698421478271484e-01,8.061026334762573242e-01,7.827115058898925781e-01,7.490497827529907227e-01,8.034034371376037598e-01,7.884736657142639160e-01,7.623190283775329590e-01,8.013880848884582520e-01
9.110459685325622559e-01,9.213278293609619141e-01,8.424707055091857910e-01,9.171464443206787109e-01,7.229468226432800293e-01,7.552014589309692383e-01,9.192048311233520508e-01,8.050124049186706543e-01,8.052964210510253906e-01,9.166973829269409180e-01,8.850115537643432617e-01,8.929009437561035156e-01,9.241880178451538086e-01,8.782277703285217285e-01,8.551972508430480957e-01,9.240008592605590820e-01,8.681648373603820801e-01,8.406053781509399414e-01,9.238662719726562500e-01,9.523254036903381348e-01,8.532195687294006348e-01,9.234301447868347168e-01,8.920726180076599121e-01,8.964667320251464844e-01,9.086609482765197754e-01,8.433196544647216797e-01,7.784474492073059082e-01,9.065137505531311035e-01,8.707804679870605469e-01,8.223962187767028809e-01,9.047474861145019531e-01,8.870520591735839844e-01,8.680418133735656738e-01,9.042372703552246094e-01,9.055216312408447266e-01,8.614423871040344238e-01,9.026694893836975098e-01,8.678728342056274414e-01,8.140550851821899414e-01,9.005952477455139160e-01,8.738898634910583496e-01,8.103759288787841797e-01,8.220903873443603516e-01,7.897790074348449707e-01,7.439914345741271973e-01,8.188760280609130859e-01,7.994191646575927734e-01,7.656711339950561523e-01,8.164436221122741699e-01
8.129798173904418945e-01,8.494457006454467773e-01,7.988330125808715820e-01,8.333904147148132324e-01,6.998221278190612793e-01,7.268472313880920410e-01,8.384710550308227539e-01,7.909733653068542480e-01,7.728704214096069336e-01,8.379322290420532227e-01,8.180056810379028320e-01,8.508977293968200684e-01,8.782277703285217285e-01,8.834689259529113770e-01,8.752359151840209961e-01,9.046392440795898438e-01,8.716719746589660645e-01,8.642754554748535156e-01,9.057615399360656738e-01,9.483658671379089355e-01,8.664791584014892578e-01,9.060616493225097656e-01,8.966366648674011230e-01,9.061367511749267578e-01,9.091058373451232910e-01,8.523815870285034180e-01,7.990756630897521973e-01,9.089276790618896484e-01,8.842505216598510742e-01,8.429297804832458496e-01,9.082769751548767090e-01,9.061090350151062012e-01,8.901371955871582031e-01,9.082129597663879395e-01,9.157764911651611328e-01,8.888209462165832520e-01,9.076654911041259766e-01,8.816461563110351562e-01,8.407074809074401855e-01,9.064542651176452637e-01,8.811537623405456543e-01,8.292708396911621094e-01,8.387960195541381836e-01,8.246147036552429199e-01,7.891175746917724609e-01,8.368694782257080078e-01,8.287678360939025879e-01,8.017472028732299805e-01,8.355017304420471191e-01
7.594385743141174316e-01,8.015360832214355469e-01,7.640675902366638184e-01,7.950550317764282227e-01,6.902458071708679199e-01,7.128222584724426270e-01,8.013365268707275391e-01,7.822402119636535645e-01,7.634271383285522461e-01,8.018184900283813477e-01,7.908213138580322266e-01,8.393582105636596680e-01,8.551972508430480957e-01,8.752359151840209961e-01,8.861840963363647461e-01,8.991083502769470215e-01,8.789309859275817871e-01,8.835706114768981934e-01,9.009991884231567383e-01,9.493475556373596191e-01,8.866267204284667969e-01,9.018936157226562500e-01,9.028502702713012695e-01,9.230120182037353516e-01,9.117448925971984863e-01,8.619178533554077148e-01,8.211122155189514160e-01,9.123609066009521484e-01,8.951237797737121582e-01,8.660317659378051758e-01,9.122745394706726074e-01,9.167298674583435059e-01,9.096978902816772461e-01,9.125238656997680664e-01,9.231920838356018066e-01,9.067665934562683105e-01,9.125148653984069824e-01,8.925725221633911133e-01,8.655610680580139160e-01,9.118328690528869629e-01,8.874934911727905273e-01,8.478474020957946777e-01,8.426010608673095703e-01,8.344135284423828125e-01,8.093538284301757812e-01,8.412687778472900391e-01,8.366038203239440918e-01,8.189726471900939941e-01,8.404148817062377930e-01
9.058732986450195312e-01,9.186477065086364746e-01,8.418760895729064941e-01,9.139502644538879395e-01,7.236634492874145508e-01,7.551512122154235840e-01,9.162709712982177734e-01,8.068944215774536133e-01,8.061201572418212891e-01,9.139227867126464844e-01,8.836527466773986816e-01,8.935620188713073730e-01,9.240008592605590820e-01,9.046392440795898438e-01,8.991083502769470215e-01,9.211521148681640625e-01,8.668175935745239258e-01,8.409700393676757812e-01,9.211454391479492188e-01,9.519505500793457031e-01,8.537619113922119141e-01,9.207958579063415527e-01,8.909495472908020020e-01,8.965807557106018066e-01,9.076614975929260254e-01,8.424713611602783203e-01,7.785599827766418457e-01,9.057000875473022461e-01,8.707731962203979492e-01,8.226698637008666992e-01,9.040300250053405762e-01,8.880026936531066895e-01,8.692330121994018555e-01,9.035756587982177734e-01,9.057976007461547852e-01,8.630102276802062988e-01,9.021048545837402344e-01,8.678165078163146973e-01,8.151629567146301270e-01,9.001083374023437500e-01,8.731082081794738770e-01,8.106669187545776367e-01,8.228349089622497559e-01,7.924563884735107422e-01,7.474570274353027344e-01,8.197296261787414551e-01,8.015036582946777344e-01,7.683081626892089844e-01,8.173984289169311523e-01
8.014602661132812500e-01,8.355474472045898438e-01,7.694287300109863281e-01,8.249375820159912109e-01,6.563895940780639648e-01,6.784971356391906738e-01,8.298427462577819824e-01,7.622949481010437012e-01,7.464730739593505859e-01,8.282478451728820801e-01,8.079859018325805664e-01,8.455601334571838379e-01,8.681648373603820801e-01,8.716719746589660645e-01,8.789309859275817871e-01,8.668175935745239258e-01,8.891676664352416992e-01,9.070561528205871582e-01,8.798414468765258789e-01,9.372084736824035645e-01,9.058076739311218262e-01,8.816554546356201172e-01,9.055452346801757812e-01,9.288897514343261719e-01,9.116758108139038086e-01,8.788149952888488770e-01,8.509811162948608398e-01,9.144751429557800293e-01,9.125378131866455078e-01,8.874414563179016113e-01,9.156705737113952637e-01,9.375333786010742188e-01,9.284820556640625000e-01,9.164785146713256836e-01,9.325955510139465332e-01,9.293043017387390137e-01,9.176559448242187500e-01,9.086316227912902832e-01,8.952792286872863770e-01,9.181863665580749512e-01,8.990932703018188477e-01,8.741779923439025879e-01,8.598601818084716797e-01,8.669202923774719238e-01,8.490450978279113770e-01,8.599805235862731934e-01,8.659254312515258789e-01,8.534270524978637695e-01,8.603017330169677734e-01
7.245690822601318359e-01,7.847769260406494141e-01,7.469781637191772461e-01,7.721565365791320801e-01,6.587297320365905762e-01,6.708828210830688477e-01,7.792997360229492188e-01,7.681230306625366211e-01,7.444515824317932129e-01,7.795855402946472168e-01,7.739484310150146484e-01,8.323978781700134277e-01,8.406053781509399414e-01,8.642754554748535156e-01,8.835706114768981934e-01,8.409700393676757812e-01,9.070561528205871582e-01,9.329630732536315918e-01,8.544410467147827148e-01,9.077804684638977051e-01,9.064685106277465820e-01,8.562765717506408691e-01,9.021174907684326172e-01,9.223414063453674316e-01,8.981738090515136719e-01,8.898865580558776855e-01,8.872393965721130371e-01,9.019474387168884277e-01,9.083390235900878906e-01,9.051749110221862793e-01,9.041320085525512695e-01,9.316982030868530273e-01,9.346646666526794434e-01,9.048606157302856445e-01,9.215649962425231934e-01,9.400777220726013184e-01,9.067003130912780762e-01,9.149281978607177734e-01,9.194849729537963867e-01,9.080317616462707520e-01,8.979465365409851074e-01,8.920276165008544922e-01,8.532536625862121582e-01,8.618088364601135254e-01,8.650192022323608398e-01,8.543663024902343750e-01,8.623631000518798828e-01,8.648349046707153320e-01,8.552282452583312988e-01
9.022665023803710938e-01,9.170978069305419922e-01,8.416855335235595703e-01,9.118049740791320801e-01,7.240878343582153320e-01,7.551044225692749023e-01,9.143012762069702148e-01,8.081172704696655273e-01,8.066802620887756348e-01,9.120612740516662598e-01,8.827562332153320312e-01,8.939647078514099121e-01,9.238662719726562500e-01,9.057615399360656738e-01,9.009991884231567383e-01,9.211454391479492188e-01,8.798414468765258789e-01,8.544410467147827148e-01,9.166871309280395508e-01,9.505375027656555176e-01,8.534154295921325684e-01,9.164390563964843750e-01,8.887047171592712402e-01,8.959040641784667969e-01,9.055525064468383789e-01,8.404999971389770508e-01,7.779345512390136719e-01,9.038460850715637207e-01,8.700050711631774902e-01,8.224632740020751953e-01,9.023087620735168457e-01,8.886145949363708496e-01,8.703024983406066895e-01,9.019250869750976562e-01,9.054347276687622070e-01,8.646870851516723633e-01,9.005880355834960938e-01,8.669157624244689941e-01,8.160216212272644043e-01,8.986905813217163086e-01,8.712733983993530273e-01,8.103440999984741211e-01,8.232416510581970215e-01,7.955686450004577637e-01,7.518491148948669434e-01,8.202899098396301270e-01,8.038395643234252930e-01,7.714891433715820312e-01,8.180991411209106445e-01
8.734441399574279785e-01,9.268509149551391602e-01,8.888705968856811523e-01,9.162397980690002441e-01,7.974725961685180664e-01,8.173615932464599609e-01,9.211599826812744141e-01,8.776013255119323730e-01,8.700760602951049805e-01,9.217209815979003906e-01,9.171870350837707520e-01,9.375509023666381836e-01,9.523254036903381348e-01,9.483658671379089355e-01,9.493475556373596191e-01,9.519505500793457031e-01,9.372084736824035645e-01,9.077804684638977051e-01,9.505375027656555176e-01,8.698173165321350098e-01,7.690701484680175781e-01,7.954964637756347656e-01,7.819439172744750977e-01,8.142108917236328125e-01,8.066367506980895996e-01,7.284387946128845215e-01,6.744962930679321289e-01,8.072986006736755371e-01,7.813063859939575195e-01,7.326894998550415039e-01,8.067855238914489746e-01,8.195847272872924805e-01,8.037148714065551758e-01,8.072583675384521484e-01,8.280218839645385742e-01,8.019087910652160645e-01,8.071449398994445801e-01,7.739227414131164551e-01,7.395604252815246582e-01,8.058916926383972168e-01,7.675570845603942871e-01,7.201446294784545898e-01,7.599306106567382812e-01,7.662147879600524902e-01,7.309854626655578613e-01,7.582539319992065430e-01,7.634877562522888184e-01,7.364228963851928711e-01,7.574269175529479980e-01
7.469213008880615234e-01,8.184212446212768555e-01,7.780500054359436035e-01,7.950543165206909180e-01,6.716881990432739258e-01,6.948282122611999512e-01,8.017076849937438965e-01,7.793318033218383789e-01,7.596480250358581543e-01,8.020743727684020996e-01,7.978894710540771484e-01,8.434161543846130371e-01,8.532195687294006348e-01,8.664791584014892578e-01,8.866267204284667969e-01,8.537619113922119141e-01,9.058076739311218262e-01,9.064685106277465820e-01,8.534154295921325684e-01,7.690701484680175781e-01,6.731640100479125977e-01,6.652967929840087891e-01,6.590579152107238770e-01,7.109042406082153320e-01,6.881448626518249512e-01,6.059030890464782715e-01,5.660725235939025879e-01,6.903436779975891113e-01,6.697993278503417969e-01,6.260016560554504395e-01,6.905556917190551758e-01,7.202135920524597168e-01,7.112058997154235840e-01,6.916552782058715820e-01,7.238036394119262695e-01,7.135882973670959473e-01,6.924606561660766602e-01,6.628906130790710449e-01,6.465597152709960938e-01,6.918020844459533691e-01,6.487535238265991211e-01,6.172446012496948242e-01,6.614886522293090820e-01,6.890226602554321289e-01,6.673281192779541016e-01,6.607885360717773438e-01,6.796398162841796875e-01,6.636446714401245117e-01,6.609986424446105957e-01
8.998019099235534668e-01,9.161245226860046387e-01,8.417099714279174805e-01,9.101284742355346680e-01,7.241539359092712402e-01,7.550421357154846191e-01,9.127403497695922852e-01,8.088117837905883789e-01,8.069680929183959961e-01,9.105711579322814941e-01,8.818039894104003906e-01,8.938001990318298340e-01,9.234301447868347168e-01,9.060616493225097656e-01,9.018936157226562500e-01,9.207958579063415527e-01,8.816554546356201172e-01,8.562765717506408691e-01,9.164390563964843750e-01,7.954964637756347656e-01,6.652967929840087891e-01,9.131073951721191406e-01,8.850464224815368652e-01,8.929176330566406250e-01,9.023585319519042969e-01,8.363461494445800781e-01,7.735247611999511719e-01,9.006726145744323730e-01,8.665921092033386230e-01,8.186450600624084473e-01,8.991328477859497070e-01,8.858420848846435547e-01,8.675170540809631348e-01,8.987634181976318359e-01,9.027620553970336914e-01,8.619580268859863281e-01,8.974355459213256836e-01,8.633725047111511230e-01,8.124555945396423340e-01,8.955255746841430664e-01,8.675757050514221191e-01,8.065353631973266602e-01,8.207693099975585938e-01,7.937622666358947754e-01,7.499573826789855957e-01,8.178183436393737793e-01,8.018379211425781250e-01,7.693763375282287598e-01,8.156405687332153320e-01
8.216854929924011230e-01,8.583750724792480469e-01,8.006609082221984863e-01,8.494622707366943359e-01,6.949757337570190430e-01,7.172670960426330566e-01,8.544998168945312500e-01,7.959409356117248535e-01,7.832776904106140137e-01,8.534767627716064453e-01,8.355843424797058105e-01,8.702695965766906738e-01,8.920726180076599121e-01,8.966366648674011230e-01,9.028502702713012695e-01,8.909495472908020020e-01,9.055452346801757812e-01,9.021174907684326172e-01,8.887047171592712402e-01,7.819439172744750977e-01,6.590579152107238770e-01,8.850464224815368652e-01,8.832301497459411621e-01,8.909602165222167969e-01,8.994465470314025879e-01,8.366574048995971680e-01,7.793425917625427246e-01,8.980913758277893066e-01,8.650267124176025391e-01,8.190271258354187012e-01,8.967627882957458496e-01,8.868377208709716797e-01,8.694084286689758301e-01,8.964304924011230469e-01,9.024198055267333984e-01,8.664283156394958496e-01,8.952880501747131348e-01,8.657030463218688965e-01,8.179141283035278320e-01,8.935546875000000000e-01,8.660666942596435547e-01,8.085852265357971191e-01,8.226200938224792480e-01,7.978741526603698730e-01,7.562788724899291992e-01,8.199045658111572266e-01,8.059121370315551758e-01,7.752968072891235352e-01,8.179076910018920898e-01
8.015162944793701172e-01,8.658264875411987305e-01,8.294929265975952148e-01,8.428384065628051758e-01,7.271665334701538086e-01,7.485251426696777344e-01,8.493497371673583984e-01,8.285051584243774414e-01,8.126419186592102051e-01,8.497959375381469727e-01,8.430173993110656738e-01,8.847943544387817383e-01,8.964667320251464844e-01,9.061367511749267578e-01,9.230120182037353516e-01,8.965807557106018066e-01,9.288897514343261719e-01,9.223414063453674316e-01,8.959040641784667969e-01,8.142108917236328125e-01,7.109042406082153320e-01,8.929176330566406250e-01,8.909602165222167969e-01,9.053472280502319336e-01,8.998700380325317383e-01,8.468495607376098633e-01,8.062193989753723145e-01,9.001637697219848633e-01,8.771708607673645020e-01,8.433991074562072754e-01,8.998494148254394531e-01,9.032434225082397461e-01,8.944643139839172363e-01,8.999744057655334473e-01,9.135621190071105957e-01,8.947891592979431152e-01,8.997961878776550293e-01,8.795158863067626953e-01,8.499857187271118164e-01,8.989417552947998047e-01,8.725500702857971191e-01,8.336849212646484375e-01,8.397883772850036621e-01,8.283990025520324707e-01,8.000943064689636230e-01,8.381525874137878418e-01,8.324496746063232422e-01,8.121432065963745117e-01,8.370838165283203125e-01
8.395414948463439941e-01,8.784090280532836914e-01,8.249892592430114746e-01,8.685526251792907715e-01,7.253739833831787109e-01,7.479748725891113281e-01,8.734396696090698242e-01,8.181739449501037598e-01,8.059371113777160645e-01,8.728727102279663086e-01,8.577028512954711914e-01,8.865068554878234863e-01,9.086609482765197754e-01,9.091058373451232910e-01,9.117448925971984863e-01,9.076614975929260254e-01,9.116758108139038086e-01,8.981738090515136719e-01,9.055525064468383789e-01,8.066367506980895996e-01,6.881448626518249512e-01,9.023585319519042969e-01,8.994465470314025879e-01,8.998700380325317383e-01,8.559424877166748047e-01,7.845739722251892090e-01,7.301700115203857422e-01,8.562355637550354004e-01,8.289849162101745605e-01,7.816113233566284180e-01,8.556140661239624023e-01,8.620343804359436035e-01,8.448298573493957520e-01,8.557531833648681641e-01,8.723012208938598633e-01,8.461324572563171387e-01,8.553808927536010742e-01,8.227486014366149902e-01,7.828421592712402344e-01,8.540297150611877441e-01,8.202278017997741699e-01,7.726097106933593750e-01,8.195114731788635254e-01,8.183705806732177734e-01,7.792829275131225586e-01,8.176569342613220215e-01,8.187456727027893066e-01,7.875744104385375977e-01,8.165287971496582031e-01
7.623027563095092773e-01,8.016445636749267578e-01,7.390831112861633301e-01,7.943376302719116211e-01,6.301654577255249023e-01,6.498651504516601562e-01,7.996882200241088867e-01,7.418034076690673828e-01,7.227554321289062500e-01,7.983944416046142578e-01,7.819120287895202637e-01,8.241361975669860840e-01,8.433196544647216797e-01,8.523815870285034180e-01,8.619178533554077148e-01,8.424713611602783203e-01,8.788149952888488770e-01,8.898865580558776855e-01,8.404999971389770508e-01,7.284387946128845215e-01,6.059030890464782715e-01,8.363461494445800781e-01,8.366574048995971680e-01,8.468495607376098633e-01,7.845739722251892090e-01,7.131806612014770508e-01,6.746153831481933594e-01,7.839286923408508301e-01,7.660623788833618164e-01,7.260676026344299316e-01,7.844868898391723633e-01,8.119562864303588867e-01,7.986125349998474121e-01,7.851818203926086426e-01,8.130971193313598633e-01,8.084051012992858887e-01,7.859800457954406738e-01,7.603090405464172363e-01,7.377961874008178711e-01,7.854574322700500488e-01,7.499057054519653320e-01,7.175034880638122559e-01,7.731738090515136719e-01,7.976419329643249512e-01,7.730991840362548828e-01,7.727450728416442871e-01,7.913014888763427734e-01,7.690448164939880371e-01,7.728732824325561523e-01
6.705085635185241699e-01,7.239360809326171875e-01,6.712529063224792480e-01,7.180948257446289062e-01,5.696657896041870117e-01,5.859593749046325684e-01,7.244749665260314941e-01,6.889915466308593750e-01,6.661235690116882324e-01,7.236513495445251465e-01,7.137867212295532227e-01,7.692865133285522461e-01,7.784474492073059082e-01,7.990756630897521973e-01,8.211122155189514160e-01,7.785599827766418457e-01,8.509811162948608398e-01,8.872393965721130371e-01,7.779345512390136719e-01,6.744962930679321289e-01,5.660725235939025879e-01,7.735247611999511719e-01,7.793425917625427246e-01,8.062193989753723145e-01,7.301700115203857422e-01,6.746153831481933594e-01,6.689753532409667969e-01,7.546006441116333008e-01,7.440893650054931641e-01,7.187173962593078613e-01,7.558973431587219238e-01,7.926086783409118652e-01,7.911202311515808105e-01,7.568970918655395508e-01,7.893861532211303711e-01,8.044555783271789551e-01,7.583937048912048340e-01,7.395976185798645020e-01,7.356056571006774902e-01,7.584837675094604492e-01,7.245990633964538574e-01,7.092680931091308594e-01,7.526672482490539551e-01,7.876114845275878906e-01,7.808884382247924805e-01,7.530966997146606445e-01,7.773967981338500977e-01,7.693324685096740723e-01,7.539725899696350098e-01
8.325028419494628906e-01,8.740410804748535156e-01,8.229274153709411621e-01,8.634603619575500488e-01,7.250441908836364746e-01,7.468854188919067383e-01,8.685923814773559570e-01,8.185886740684509277e-01,8.052082657814025879e-01,8.682019114494323730e-01,8.545184135437011719e-01,8.850691914558410645e-01,9.065137505531311035e-01,9.089276790618896484e-01,9.123609066009521484e-01,9.057000875473022461e-01,9.144751429557800293e-01,9.019474387168884277e-01,9.038460850715637207e-01,8.072986006736755371e-01,6.903436779975891113e-01,9.006726145744323730e-01,8.980913758277893066e-01,9.001637697219848633e-01,8.562355637550354004e-01,7.839286923408508301e-01,7.546006441116333008e-01,8.532963991165161133e-01,8.272706866264343262e-01,7.806026339530944824e-01,8.527985215187072754e-01,8.612029552459716797e-01,8.444055318832397461e-01,8.530036807060241699e-01,8.704548478126525879e-01,8.461255431175231934e-01,8.527545332908630371e-01,8.207931518554687500e-01,7.825751900672912598e-01,8.515006303787231445e-01,8.175927996635437012e-01,7.715032696723937988e-01,8.186305761337280273e-01,8.198181986808776855e-01,7.819582819938659668e-01,8.169261813163757324e-01,8.195334672927856445e-01,7.892288565635681152e-01,8.159312605857849121e-01
7.754613161087036133e-01,8.309237957000732422e-01,7.877100110054016113e-01,8.117992877960205078e-01,6.922591328620910645e-01,7.121794819831848145e-01,8.182131648063659668e-01,7.932707667350769043e-01,7.707132697105407715e-01,8.183573484420776367e-01,8.087638616561889648e-01,8.515088558197021484e-01,8.707804679870605469e-01,8.842505216598510742e-01,8.951237797737121582e-01,8.707731962203979492e-01,9.125378131866455078e-01,9.083390235900878906e-01,8.700050711631774902e-01,7.813063859939575195e-01,6.697993278503417969e-01,8.665921092033386230e-01,8.650267124176025391e-01,8.771708607673645020e-01,8.289849162101745605e-01,7.660623788833618164e-01,7.440893650054931641e-01,8.272706866264343262e-01,8.360757231712341309e-01,7.947402596473693848e-01,8.552160263061523438e-01,8.716362714767456055e-01,8.564071655273437500e-01,8.556573987007141113e-01,8.762177824974060059e-01,8.595666289329528809e-01,8.559954166412353516e-01,8.313814997673034668e-01,8.002895116806030273e-01,8.553664684295654297e-01,8.229472637176513672e-01,7.853085994720458984e-01,8.270034193992614746e-01,8.374430537223815918e-01,8.056595921516418457e-01,8.260754942893981934e-01,8.332414031028747559e-01,8.068413734436035156e-01,8.256779313087463379e-01
7.158142328262329102e-01,7.769122123718261719e-01,7.361947298049926758e-01,7.591686844825744629e-01,6.409820318222045898e-01,6.602331399917602539e-01,7.661048173904418945e-01,7.489758133888244629e-01,7.254889607429504395e-01,7.661949992179870605e-01,7.578336596488952637e-01,8.143905401229858398e-01,8.223962187767028809e-01,8.429297804832458496e-01,8.660317659378051758e-01,8.226698637008666992e-01,8.874414563179016113e-01,9.051749110221862793e-01,8.224632740020751953e-01,7.326894998550415039e-01,6.260016560554504395e-01,8.186450600624084473e-01,8.190271258354187012e-01,8.433991074562072754e-01,7.816113233566284180e-01,7.260676026344299316e-01,7.187173962593078613e-01,7.806026339530944824e-01,7.947402596473693848e-01,8.189347982406616211e-01,8.502477407455444336e-01,8.737792372703552246e-01,8.747183084487915039e-01,8.509072065353393555e-01,8.722833395004272461e-01,8.781305551528930664e-01,8.518481850624084473e-01,8.349527120590209961e-01,8.254940509796142578e-01,8.518403768539428711e-01,8.233183026313781738e-01,8.058443069458007812e-01,8.288288116455078125e-01,8.460827469825744629e-01,8.365871310234069824e-01,8.287025690078735352e-01,8.392965793609619141e-01,8.312585353851318359e-01,8.289242982864379883e-01
8.280147910118103027e-01,8.710007071495056152e-01,8.208974003791809082e-01,8.600708842277526855e-01,7.237722873687744141e-01,7.451472282409667969e-01,8.653374910354614258e-01,8.179565668106079102e-01,8.039481043815612793e-01,8.650269508361816406e-01,8.521175980567932129e-01,8.838036656379699707e-01,9.047474861145019531e-01,9.082769751548767090e-01,9.122745394706726074e-01,9.040300250053405762e-01,9.156705737113952637e-01,9.041320085525512695e-01,9.023087620735168457e-01,8.067855238914489746e-01,6.905556917190551758e-01,8.991328477859497070e-01,8.967627882957458496e-01,8.998494148254394531e-01,8.556140661239624023e-01,7.844868898391723633e-01,7.558973431587219238e-01,8.527985215187072754e-01,8.552160263061523438e-01,8.502477407455444336e-01,8.505470156669616699e-01,8.605576157569885254e-01,8.442085385322570801e-01,8.508016467094421387e-01,8.690288662910461426e-01,8.463908433914184570e-01,8.506548404693603516e-01,8.194172978401184082e-01,7.827156186103820801e-01,8.494874835014343262e-01,8.155848979949951172e-01,7.708924412727355957e-01,8.178622126579284668e-01,8.209099769592285156e-01,7.842982411384582520e-01,8.162854313850402832e-01,8.201000094413757324e-01,7.906669378280639648e-01,8.154003024101257324e-01
7.675382494926452637e-01,8.355789780616760254e-01,8.084999322891235352e-01,8.181822299957275391e-01,7.308621406555175781e-01,7.453826665878295898e-01,8.255118727684020996e-01,8.265061974525451660e-01,8.032797574996948242e-01,8.269655704498291016e-01,8.282570838928222656e-01,8.722926974296569824e-01,8.870520591735839844e-01,9.061090350151062012e-01,9.167298674583435059e-01,8.880026936531066895e-01,9.375333786010742188e-01,9.316982030868530273e-01,8.886145949363708496e-01,8.195847272872924805e-01,7.202135920524597168e-01,8.858420848846435547e-01,8.868377208709716797e-01,9.032434225082397461e-01,8.620343804359436035e-01,8.119562864303588867e-01,7.926086783409118652e-01,8.612029552459716797e-01,8.716362714767456055e-01,8.737792372703552246e-01,8.605576157569885254e-01,8.619275093078613281e-01,8.472716808319091797e-01,8.441527485847473145e-01,8.676163554191589355e-01,8.525186181068420410e-01,8.445948958396911621e-01,8.220153450965881348e-01,7.930753827095031738e-01,8.440461754798889160e-01,8.110835552215576172e-01,7.751290798187255859e-01,8.174423575401306152e-01,8.292330503463745117e-01,7.986030578613281250e-01,8.166058659553527832e-01,8.256196379661560059e-01,8.009006977081298828e-01,8.163287639617919922e-01
