9.992864539292642956e-01,7.034573013679636944e-01,6.529550143648846783e-01,3.923952267504250968e-01,3.769253199576717006e-01,2.955498749728885932e-01,2.493777754115343304e-01
7.034573013679636944e-01,9.948932844205278236e-01,9.004150084673708809e-01,6.758296898656329654e-01,5.935704182908049242e-01,4.597856706803371551e-01,3.768888570429956841e-01
6.529550143648846783e-01,9.004150084673708809e-01,9.837111041891180019e-01,8.324648405399329709e-01,7.686279004178349084e-01,6.294693637175293732e-01,4.961162662511267585e-01
3.923952267504250968e-01,6.758296898656329654e-01,8.324648405399329709e-01,9.701825201482183747e-01,9.123439841319263000e-01,7.968581053228903643e-01,5.940810820427949723e-01
3.769253199576717006e-01,5.935704182908049242e-01,7.686279004178349084e-01,9.123439841319263000e-01,9.499024277239342950e-01,8.483532875247191685e-01,6.736001184341378067e-01
2.955498749728885932e-01,4.597856706803371551e-01,6.294693637175293732e-01,7.968581053228903643e-01,8.483532875247191685e-01,9.175506698931903404e-01,7.212299033822155980e-01
2.493777754115343304e-01,3.768888570429956841e-01,4.961162662511267585e-01,5.940810820427949723e-01,6.736001184341378067e-01,7.212299033822155980e-01,8.601602026990889938e-01
