9.974776506423950195e-01,8.801822662353515625e-01,7.045682668685913086e-01,8.654720187187194824e-01,5.504621267318725586e-01,4.615615606307983398e-01,8.071534037590026855e-01,3.999129831790924072e-01,2.211271822452545166e-01,7.554784417152404785e-01,4.590312838554382324e-01,3.291687369346618652e-01,5.459634065628051758e-01,4.420142769813537598e-01,3.182554244995117188e-01,4.633347690105438232e-01,3.507085442543029785e-01,2.095614075660705566e-01,4.199605286121368408e-01,3.666118383407592773e-01,2.159956991672515869e-01,4.308948218822479248e-01,3.313545584678649902e-01,2.410794943571090698e-01,2.411824017763137817e-01,1.345246285200119019e-01,1.187126561999320984e-01,2.449968308210372925e-01,8.127032965421676636e-02,4.026382416486740112e-02,2.383156865835189819e-01,1.055613309144973755e-01,5.438928306102752686e-02,2.340060770511627197e-01,5.901725590229034424e-02,2.859501168131828308e-02,2.269145548343658447e-01,7.614789903163909912e-02,4.434553906321525574e-02,2.224985808134078979e-01,1.279925853013992310e-01,7.339283823966979980e-02,1.741403490304946899e-01,6.102051213383674622e-02,6.247558817267417908e-02,1.743553876876831055e-01,1.751004969035134117e-25,-3.010413515611427254e-24,1.743553727865219116e-01
8.801822662353515625e-01,9.684287905693054199e-01,8.227713108062744141e-01,8.740066885948181152e-01,5.295199155807495117e-01,4.864995479583740234e-01,8.210998177528381348e-01,4.398505985736846924e-01,2.579037249088287354e-01,7.793824076652526855e-01,5.083773136138916016e-01,3.877336382865905762e-01,5.956007838249206543e-01,4.863067865371704102e-01,3.537489771842956543e-01,5.172077417373657227e-01,4.072810113430023193e-01,2.489786148071289062e-01,4.715507328510284424e-01,4.122946560382843018e-01,2.514874935150146484e-01,4.857893288135528564e-01,3.855128586292266846e-01,2.967207729816436768e-01,2.928457558155059814e-01,1.464898735284805298e-01,1.241590678691864014e-01,2.940971255302429199e-01,9.471790492534637451e-02,5.074070021510124207e-02,2.870016694068908691e-01,1.203896403312683105e-01,6.323771178722381592e-02,2.818628549575805664e-01,6.677510589361190796e-02,3.189551085233688354e-02,2.731344997882843018e-01,8.702867478132247925e-02,5.578049272298812866e-02,2.682220637798309326e-01,1.679710894823074341e-01,9.888077527284622192e-02,2.147302776575088501e-01,7.590357214212417603e-02,7.773698866367340088e-02,2.149827331304550171e-01,7.180267426104047805e-27,-7.043696652259637891e-27,2.149827331304550171e-01
7.045682668685913086e-01,8.227713108062744141e-01,8.764451742172241211e-01,8.626122474670410156e-01,5.227031707763671875e-01,5.271949172019958496e-01,8.445365428924560547e-01,5.053376555442810059e-01,3.232749104499816895e-01,8.086411952972412109e-01,5.740771889686584473e-01,4.354344904422760010e-01,6.241516470909118652e-01,5.271994471549987793e-01,3.955568373203277588e-01,5.596135854721069336e-01,4.504112005233764648e-01,2.908657491207122803e-01,5.189412832260131836e-01,4.451484978199005127e-01,2.691073715686798096e-01,5.312529802322387695e-01,4.120999574661254883e-01,2.965545952320098877e-01,2.939133942127227783e-01,1.504325717687606812e-01,1.251454502344131470e-01,2.952806055545806885e-01,9.102367609739303589e-02,4.479603469371795654e-02,2.874650061130523682e-01,1.134936958551406860e-01,6.039311364293098450e-02,2.817187905311584473e-01,7.893219590187072754e-02,4.374516010284423828e-02,2.745631337165832520e-01,9.569382667541503906e-02,6.149341166019439697e-02,2.702448070049285889e-01,1.693280786275863647e-01,1.018346175551414490e-01,2.121387720108032227e-01,7.638921588659286499e-02,7.772683352231979370e-02,2.124633789062500000e-01,-5.846535979563807718e-26,7.741333035288430577e-26,2.124633640050888062e-01
8.654720187187194824e-01,8.740066885948181152e-01,8.626122474670410156e-01,9.766212701797485352e-01,7.574948668479919434e-01,6.847543716430664062e-01,9.579867720603942871e-01,6.470888853073120117e-01,4.309202134609222412e-01,9.278512001037597656e-01,6.987362504005432129e-01,5.466066002845764160e-01,7.502951025962829590e-01,6.525580286979675293e-01,5.187121033668518066e-01,6.658325195312500000e-01,5.407775640487670898e-01,3.483991920948028564e-01,6.139228940010070801e-01,5.209871530532836914e-01,3.181517720222473145e-01,6.231374740600585938e-01,4.746711850166320801e-01,3.373060226440429688e-01,3.359218239784240723e-01,1.592863053083419800e-01,1.318530738353729248e-01,3.354028463363647461e-01,1.077709943056106567e-01,5.277329310774803162e-02,3.269740641117095947e-01,1.432930529117584229e-01,8.414033055305480957e-02,3.229116499423980713e-01,9.240307658910751343e-02,4.798831045627593994e-02,3.146052062511444092e-01,1.345905214548110962e-01,9.188900142908096313e-02,3.130277395248413086e-01,1.931464672088623047e-01,1.159709021449089050e-01,2.435947656631469727e-01,9.260297566652297974e-02,9.318964183330535889e-02,2.441660761833190918e-01,-1.238497199833564963e-25,1.390101992365039589e-24,2.441661059856414795e-01
5.504621267318725586e-01,5.295199155807495117e-01,5.227031707763671875e-01,7.574948668479919434e-01,7.251250743865966797e-01,7.508233785629272461e-01,7.317278981208801270e-01,7.391505837440490723e-01,5.411838293075561523e-01,7.434145212173461914e-01,6.847567558288574219e-01,5.888282656669616699e-01,6.857854723930358887e-01,6.451257467269897461e-01,5.622592568397521973e-01,6.247389316558837891e-01,5.460371971130371094e-01,3.605871200561523438e-01,5.808534026145935059e-01,5.157028436660766602e-01,3.494217395782470703e-01,5.868982672691345215e-01,4.250766336917877197e-01,2.991866767406463623e-01,3.063170313835144043e-01,1.478391587734222412e-01,1.277054697275161743e-01,3.063819408416748047e-01,9.125236421823501587e-02,4.135913774371147156e-02,2.979599237442016602e-01,1.275175809860229492e-01,8.717813342809677124e-02,2.963486611843109131e-01,8.208269625902175903e-02,4.174106195569038391e-02,2.889305353164672852e-01,1.568928658962249756e-01,1.169134378433227539e-01,2.923383414745330811e-01,1.735582202672958374e-01,1.056564673781394958e-01,2.292204499244689941e-01,9.548739343881607056e-02,9.499685466289520264e-02,2.300843447446823120e-01,-2.421342604734599918e-26,4.538584877184739620e-26,2.300843745470046997e-01
4.615615606307983398e-01,4.864995479583740234e-01,5.271949172019958496e-01,6.847543716430664062e-01,7.508233785629272461e-01,7.709091901779174805e-01,6.371416449546813965e-01,6.502505540847778320e-01,5.181273818016052246e-01,6.626689434051513672e-01,6.201175451278686523e-01,5.336613059043884277e-01,6.027875542640686035e-01,5.606616139411926270e-01,4.927292168140411377e-01,5.609973073005676270e-01,5.005737543106079102e-01,3.341613411903381348e-01,5.283750891685485840e-01,4.887226521968841553e-01,3.395038247108459473e-01,5.376148819923400879e-01,3.894616961479187012e-01,2.715665996074676514e-01,2.786732017993927002e-01,1.495994329452514648e-01,1.289509683847427368e-01,2.802793681621551514e-01,8.246818184852600098e-02,3.589227423071861267e-02,2.718968391418457031e-01,1.061488613486289978e-01,7.564662396907806396e-02,2.696726024150848389e-01,7.031913101673126221e-02,3.749674186110496521e-02,2.628999352455139160e-01,1.408104449510574341e-01,1.024344190955162048e-01,2.657000124454498291e-01,1.560689061880111694e-01,9.568699449300765991e-02,2.063393443822860718e-01,7.648084312677383423e-02,7.569895684719085693e-02,2.069029361009597778e-01,-5.579078929661643480e-27,7.261087920662291525e-27,2.069029211997985840e-01
8.071534037590026855e-01,8.210998177528381348e-01,8.445365428924560547e-01,9.579867720603942871e-01,7.317278981208801270e-01,6.371416449546813965e-01,9.642174243927001953e-01,7.037332057952880859e-01,4.934001564979553223e-01,9.464628100395202637e-01,7.509729266166687012e-01,5.993638038635253906e-01,7.863504886627197266e-01,6.913704276084899902e-01,5.591560602188110352e-01,7.066063880920410156e-01,5.841863751411437988e-01,3.826243579387664795e-01,6.548048257827758789e-01,5.493963956832885742e-01,3.331469595432281494e-01,6.632576584815979004e-01,5.021006464958190918e-01,3.557914197444915771e-01,3.547267317771911621e-01,1.685723960399627686e-01,1.382993608713150024e-01,3.540430366992950439e-01,1.116409078240394592e-01,5.607825890183448792e-02,3.453817069530487061e-01,1.476366817951202393e-01,8.881250023841857910e-02,3.412046134471893311e-01,1.022371500730514526e-01,5.413152277469635010e-02,3.329438865184783936e-01,1.442064195871353149e-01,1.005383804440498352e-01,3.317479789257049561e-01,2.062085717916488647e-01,1.251613497734069824e-01,2.587637901306152344e-01,9.752732515335083008e-02,9.775052964687347412e-02,2.593654096126556396e-01,-1.169277120590749993e-25,9.229335353048856141e-25,2.593654394149780273e-01
3.999129831790924072e-01,4.398505985736846924e-01,5.053376555442810059e-01,6.470888853073120117e-01,7.391505837440490723e-01,6.502505540847778320e-01,7.037332057952880859e-01,8.058971762657165527e-01,6.845309138298034668e-01,8.005176186561584473e-01,7.858817577362060547e-01,6.573887467384338379e-01,7.389375567436218262e-01,6.989057064056396484e-01,6.117419600486755371e-01,7.029590606689453125e-01,6.262283325195312500e-01,4.360355436801910400e-01,6.652447581291198730e-01,5.466951131820678711e-01,3.291009664535522461e-01,6.635349392890930176e-01,4.966748654842376709e-01,3.430434763431549072e-01,3.340539932250976562e-01,1.324336528778076172e-01,9.819417446851730347e-02,3.274146318435668945e-01,1.038927808403968811e-01,5.209672078490257263e-02,3.200457692146301270e-01,1.082147881388664246e-01,7.005845755338668823e-02,3.153966963291168213e-01,9.648776054382324219e-02,5.284032970666885376e-02,3.086427152156829834e-01,1.689170747995376587e-01,1.310344338417053223e-01,3.138066828250885010e-01,2.119184136390686035e-01,1.329508870840072632e-01,2.450891286134719849e-01,9.571699798107147217e-02,9.398591518402099609e-02,2.458161711692810059e-01,-1.964188157546499416e-26,2.638741207078481778e-25,2.458162158727645874e-01
2.211271822452545166e-01,2.579037249088287354e-01,3.232749104499816895e-01,4.309202134609222412e-01,5.411838293075561523e-01,5.181273818016052246e-01,4.934001564979553223e-01,6.845309138298034668e-01,6.437276601791381836e-01,6.358359456062316895e-01,6.748297810554504395e-01,5.452387332916259766e-01,5.760753154754638672e-01,5.478479862213134766e-01,4.924603998661041260e-01,5.692721605300903320e-01,5.116117000579833984e-01,3.692810535430908203e-01,5.476218461990356445e-01,4.209807515144348145e-01,2.289756685495376587e-01,5.433844923973083496e-01,3.980817198753356934e-01,2.538795769214630127e-01,2.452755719423294067e-01,9.388310462236404419e-02,6.543540954589843750e-02,2.397173196077346802e-01,7.806358486413955688e-02,4.139244928956031799e-02,2.351502776145935059e-01,8.771244436502456665e-02,5.542199686169624329e-02,2.322404831647872925e-01,8.810024708509445190e-02,5.047284439206123352e-02,2.288961559534072876e-01,1.170867308974266052e-01,8.881292492151260376e-02,2.313137054443359375e-01,1.555821746587753296e-01,9.874108433723449707e-02,1.713337749242782593e-01,6.803970038890838623e-02,6.651628762483596802e-02,1.718183159828186035e-01,-5.533492167877997608e-27,1.792954743082040913e-25,1.718183159828186035e-01
7.554784417152404785e-01,7.793824076652526855e-01,8.086411952972412109e-01,9.278512001037597656e-01,7.434145212173461914e-01,6.626689434051513672e-01,9.464628100395202637e-01,8.005176186561584473e-01,6.358359456062316895e-01,9.565328955650329590e-01,7.743523716926574707e-01,6.221268177032470703e-01,8.035838007926940918e-01,7.103463411331176758e-01,5.799410939216613770e-01,7.276264429092407227e-01,6.037521362304687500e-01,4.004742205142974854e-01,6.764348745346069336e-01,5.596187114715576172e-01,3.352187573909759521e-01,6.838719248771667480e-01,5.189724564552307129e-01,3.661260604858398438e-01,3.637123703956604004e-01,1.687021106481552124e-01,1.365658938884735107e-01,3.622012734413146973e-01,1.157333031296730042e-01,5.916229635477066040e-02,3.536943793296813965e-01,1.502595543861389160e-01,9.026023000478744507e-02,3.493611514568328857e-01,1.096666976809501648e-01,5.891471728682518005e-02,3.413768410682678223e-01,1.479504555463790894e-01,1.030186042189598083e-01,3.401031792163848877e-01,2.129467278718948364e-01,1.298233121633529663e-01,2.642590105533599854e-01,1.021273657679557800e-01,1.023076400160789490e-01,2.649276554584503174e-01,-1.274302980023964485e-25,1.034891929025085646e-24,2.649276554584503174e-01
4.590312838554382324e-01,5.083773136138916016e-01,5.740771889686584473e-01,6.987362504005432129e-01,6.847567558288574219e-01,6.201175451278686523e-01,7.509729266166687012e-01,7.858817577362060547e-01,6.748297810554504395e-01,7.743523716926574707e-01,8.977706432342529297e-01,7.857246398925781250e-01,8.375009894371032715e-01,8.063103556632995605e-01,7.150110602378845215e-01,8.110516071319580078e-01,7.199290990829467773e-01,5.203294754028320312e-01,7.724736332893371582e-01,5.719061493873596191e-01,3.133973181247711182e-01,7.654439806938171387e-01,5.864240527153015137e-01,4.081852436065673828e-01,3.949372768402099609e-01,1.447542905807495117e-01,9.818521142005920410e-02,3.856964409351348877e-01,1.222574263811111450e-01,6.433325260877609253e-02,3.781570494174957275e-01,1.353124529123306274e-01,8.752255886793136597e-02,3.731959164142608643e-01,1.430769562721252441e-01,8.195725828409194946e-02,3.674376308917999268e-01,1.760393232107162476e-01,1.273035258054733276e-01,3.684335649013519287e-01,2.610621452331542969e-01,1.707101315259933472e-01,2.918412387371063232e-01,1.187010109424591064e-01,1.174349933862686157e-01,2.927924692630767822e-01,-2.067005391334369736e-26,1.808481867627602800e-25,2.927925288677215576e-01
3.291687369346618652e-01,3.877336382865905762e-01,4.354344904422760010e-01,5.466066002845764160e-01,5.888282656669616699e-01,5.336613059043884277e-01,5.993638038635253906e-01,6.573887467384338379e-01,5.452387332916259766e-01,6.221268177032470703e-01,7.857246398925781250e-01,8.066603541374206543e-01,7.989127039909362793e-01,7.911821007728576660e-01,7.231592535972595215e-01,7.911536097526550293e-01,7.193655371665954590e-01,5.347886681556701660e-01,7.561311125755310059e-01,5.506285429000854492e-01,3.042341172695159912e-01,7.445356249809265137e-01,5.823418498039245605e-01,4.252383410930633545e-01,4.090096652507781982e-01,1.395340561866760254e-01,9.034611284732818604e-02,3.976859152317047119e-01,1.296013742685317993e-01,7.353352010250091553e-02,3.914057910442352295e-01,1.330925524234771729e-01,8.836004137992858887e-02,3.863341510295867920e-01,1.607282757759094238e-01,9.670219570398330688e-02,3.819817006587982178e-01,1.909828335046768188e-01,1.431447267532348633e-01,3.844816386699676514e-01,2.752659916877746582e-01,1.854570060968399048e-01,3.117387592792510986e-01,1.317223906517028809e-01,1.297997981309890747e-01,3.128342032432556152e-01,-1.411488171742952592e-26,2.820945396433510401e-25,3.128342330455780029e-01
5.459634065628051758e-01,5.956007838249206543e-01,6.241516470909118652e-01,7.502951025962829590e-01,6.857854723930358887e-01,6.027875542640686035e-01,7.863504886627197266e-01,7.389375567436218262e-01,5.760753154754638672e-01,8.035838007926940918e-01,8.375009894371032715e-01,7.989127039909362793e-01,9.072987437248229980e-01,8.425500392913818359e-01,7.248992323875427246e-01,8.530104756355285645e-01,7.368365526199340820e-01,5.163696408271789551e-01,8.025311827659606934e-01,6.123841404914855957e-01,3.433379828929901123e-01,8.011358976364135742e-01,6.344936490058898926e-01,4.679996371269226074e-01,4.550614655017852783e-01,1.763967722654342651e-01,1.262548118829727173e-01,4.467862844467163086e-01,1.469806730747222900e-01,7.992572337388992310e-02,4.384977519512176514e-01,1.673273891210556030e-01,1.056888774037361145e-01,4.331616163253784180e-01,1.587191820144653320e-01,9.109237790107727051e-02,4.258989691734313965e-01,1.926482319831848145e-01,1.371863782405853271e-01,4.256780147552490234e-01,2.919101119041442871e-01,1.907806694507598877e-01,3.446012735366821289e-01,1.288045346736907959e-01,1.277293413877487183e-01,3.453545570373535156e-01,-1.119365028300801490e-25,1.498042027241656940e-24,3.453545868396759033e-01
4.420142769813537598e-01,4.863067865371704102e-01,5.271994471549987793e-01,6.525580286979675293e-01,6.451257467269897461e-01,5.606616139411926270e-01,6.913704276084899902e-01,6.989057064056396484e-01,5.478479862213134766e-01,7.103463411331176758e-01,8.063103556632995605e-01,7.911821007728576660e-01,8.425500392913818359e-01,8.429144620895385742e-01,7.483747601509094238e-01,8.329827785491943359e-01,7.426456212997436523e-01,5.284439325332641602e-01,7.868662476539611816e-01,6.036870479583740234e-01,3.537266850471496582e-01,7.817302942276000977e-01,6.118177771568298340e-01,4.524005353450775146e-01,4.402612149715423584e-01,1.644734740257263184e-01,1.193257197737693787e-01,4.314833879470825195e-01,1.347523629665374756e-01,7.328845560550689697e-02,4.231937825679779053e-01,1.558822393417358398e-01,1.037347763776779175e-01,4.185580611228942871e-01,1.497498303651809692e-01,8.500922471284866333e-02,4.114008843898773193e-01,2.023146450519561768e-01,1.508539915084838867e-01,4.139946699142456055e-01,2.858822345733642578e-01,1.868572384119033813e-01,3.357096314430236816e-01,1.298570632934570312e-01,1.283351927995681763e-01,3.366083502769470215e-01,-1.006519877885935265e-26,2.620011183998206143e-25,3.366084098815917969e-01
3.182554244995117188e-01,3.537489771842956543e-01,3.955568373203277588e-01,5.187121033668518066e-01,5.622592568397521973e-01,4.927292168140411377e-01,5.591560602188110352e-01,6.117419600486755371e-01,4.924603998661041260e-01,5.799410939216613770e-01,7.150110602378845215e-01,7.231592535972595215e-01,7.248992323875427246e-01,7.483747601509094238e-01,7.573763132095336914e-01,8.096891641616821289e-01,7.382509708404541016e-01,5.474683642387390137e-01,7.707520127296447754e-01,5.744675993919372559e-01,3.390025198459625244e-01,7.604779005050659180e-01,5.923994779586791992e-01,4.388707578182220459e-01,4.231293797492980957e-01,1.516001820564270020e-01,1.074349433183670044e-01,4.133169651031494141e-01,1.248887479305267334e-01,7.158159464597702026e-02,4.058209359645843506e-01,1.413980424404144287e-01,9.856239706277847290e-02,4.012666344642639160e-01,1.499836891889572144e-01,8.781369030475616455e-02,3.952928781509399414e-01,2.082728892564773560e-01,1.602095067501068115e-01,3.998863399028778076e-01,2.798631489276885986e-01,1.876734495162963867e-01,3.269699513912200928e-01,1.294639855623245239e-01,1.271272897720336914e-01,3.279815614223480225e-01,-1.587540817596091943e-26,1.811851413028544487e-25,3.279816210269927979e-01
4.633347690105438232e-01,5.172077417373657227e-01,5.596135854721069336e-01,6.658325195312500000e-01,6.247389316558837891e-01,5.609973073005676270e-01,7.066063880920410156e-01,7.029590606689453125e-01,5.692721605300903320e-01,7.276264429092407227e-01,8.110516071319580078e-01,7.911536097526550293e-01,8.530104756355285645e-01,8.329827785491943359e-01,8.096891641616821289e-01,8.818436264991760254e-01,7.859854102134704590e-01,5.746062397956848145e-01,8.438898324966430664e-01,6.332734823226928711e-01,3.545916676521301270e-01,8.393073081970214844e-01,6.686270833015441895e-01,4.914937019348144531e-01,4.755704700946807861e-01,1.811517030000686646e-01,1.281089782714843750e-01,4.661725163459777832e-01,1.515408903360366821e-01,8.530877530574798584e-02,4.579489231109619141e-01,1.618933230638504028e-01,1.072800680994987488e-01,4.520431458950042725e-01,1.670805513858795166e-01,9.849239885807037354e-02,4.449621737003326416e-01,2.013709247112274170e-01,1.451031714677810669e-01,4.450891017913818359e-01,3.146588206291198730e-01,2.120812386274337769e-01,3.613504767417907715e-01,1.309751570224761963e-01,1.292952895164489746e-01,3.620352745056152344e-01,-1.062743797271464723e-25,1.303049515144477342e-24,3.620353341102600098e-01
3.507085442543029785e-01,4.072810113430023193e-01,4.504112005233764648e-01,5.407775640487670898e-01,5.460371971130371094e-01,5.005737543106079102e-01,5.841863751411437988e-01,6.262283325195312500e-01,5.116117000579833984e-01,6.037521362304687500e-01,7.199290990829467773e-01,7.193655371665954590e-01,7.368365526199340820e-01,7.426456212997436523e-01,7.382509708404541016e-01,7.859854102134704590e-01,7.667547464370727539e-01,5.735149383544921875e-01,8.135752081871032715e-01,6.051586270332336426e-01,3.289149105548858643e-01,8.047586679458618164e-01,6.441248655319213867e-01,4.703078567981719971e-01,4.523985385894775391e-01,1.712973266839981079e-01,1.202830001711845398e-01,4.432195127010345459e-01,1.407087743282318115e-01,8.163344860076904297e-02,4.356728792190551758e-01,1.482559293508529663e-01,9.844434261322021484e-02,4.297824203968048096e-01,1.590030342340469360e-01,9.241700917482376099e-02,4.229361116886138916e-01,1.849337220191955566e-01,1.331202238798141479e-01,4.225214421749114990e-01,3.055961132049560547e-01,2.087907046079635620e-01,3.425781428813934326e-01,1.192023232579231262e-01,1.170785129070281982e-01,3.430663049221038818e-01,-1.700510321455607363e-26,2.163820071560848581e-25,3.430663645267486572e-01
2.095614075660705566e-01,2.489786148071289062e-01,2.908657491207122803e-01,3.483991920948028564e-01,3.605871200561523438e-01,3.341613411903381348e-01,3.826243579387664795e-01,4.360355436801910400e-01,3.692810535430908203e-01,4.004742205142974854e-01,5.203294754028320312e-01,5.347886681556701660e-01,5.163696408271789551e-01,5.284439325332641602e-01,5.474683642387390137e-01,5.746062397956848145e-01,5.735149383544921875e-01,5.907819867134094238e-01,7.759182453155517578e-01,5.614562630653381348e-01,2.908854484558105469e-01,7.627332806587219238e-01,6.218476295471191406e-01,4.665709435939788818e-01,4.440215229988098145e-01,1.671237051486968994e-01,1.180148273706436157e-01,4.351811707019805908e-01,1.379962265491485596e-01,8.532301336526870728e-02,4.286848604679107666e-01,1.422847807407379150e-01,9.810927510261535645e-02,4.232589900493621826e-01,1.522848010063171387e-01,9.148912876844406128e-02,4.167062342166900635e-01,1.738230735063552856e-01,1.231293082237243652e-01,4.154299795627593994e-01,3.035546243190765381e-01,2.118098884820938110e-01,3.353424370288848877e-01,1.133968308568000793e-01,1.108679175376892090e-01,3.356871604919433594e-01,-8.065154427980229435e-27,1.266797215029819439e-25,3.356872200965881348e-01
4.199605286121368408e-01,4.715507328510284424e-01,5.189412832260131836e-01,6.139228940010070801e-01,5.808534026145935059e-01,5.283750891685485840e-01,6.548048257827758789e-01,6.652447581291198730e-01,5.476218461990356445e-01,6.764348745346069336e-01,7.724736332893371582e-01,7.561311125755310059e-01,8.025311827659606934e-01,7.868662476539611816e-01,7.707520127296447754e-01,8.438898324966430664e-01,8.135752081871032715e-01,7.759182453155517578e-01,8.747739195823669434e-01,6.491379737854003906e-01,3.595299124717712402e-01,8.720831274986267090e-01,7.228479385375976562e-01,5.476250648498535156e-01,5.281227827072143555e-01,2.014549076557159424e-01,1.424352377653121948e-01,5.181405544281005859e-01,1.702356785535812378e-01,1.023568660020828247e-01,5.102536678314208984e-01,1.723051071166992188e-01,1.175622567534446716e-01,5.037115812301635742e-01,1.819127351045608521e-01,1.105649918317794800e-01,4.960236549377441406e-01,2.132662832736968994e-01,1.524405777454376221e-01,4.952011108398437500e-01,3.575427830219268799e-01,2.492458969354629517e-01,4.040866196155548096e-01,1.369429379701614380e-01,1.346424371004104614e-01,4.045592546463012695e-01,-7.539100530366455550e-26,9.928184270755755920e-25,4.045592546463012695e-01
3.666118383407592773e-01,4.122946560382843018e-01,4.451484978199005127e-01,5.209871530532836914e-01,5.157028436660766602e-01,4.887226521968841553e-01,5.493963956832885742e-01,5.466951131820678711e-01,4.209807515144348145e-01,5.596187114715576172e-01,5.719061493873596191e-01,5.506285429000854492e-01,6.123841404914855957e-01,6.036870479583740234e-01,5.744675993919372559e-01,6.332734823226928711e-01,6.051586270332336426e-01,5.614562630653381348e-01,6.491379737854003906e-01,5.965663790702819824e-01,3.160611689090728760e-01,8.355599045753479004e-01,7.348492741584777832e-01,5.755733847618103027e-01,5.518811345100402832e-01,1.958518177270889282e-01,1.314541548490524292e-01,5.392224192619323730e-01,1.767278015613555908e-01,1.202569529414176941e-01,5.335891246795654297e-01,1.782962530851364136e-01,1.292153596878051758e-01,5.280306339263916016e-01,1.990872621536254883e-01,1.323639899492263794e-01,5.219547748565673828e-01,2.264397144317626953e-01,1.650500893592834473e-01,5.221387147903442383e-01,3.872783184051513672e-01,2.847237884998321533e-01,4.288381934165954590e-01,1.371378153562545776e-01,1.332137137651443481e-01,4.291509389877319336e-01,-1.059012870375758215e-26,1.431316745263506708e-25,4.291510581970214844e-01
2.159956991672515869e-01,2.514874935150146484e-01,2.691073715686798096e-01,3.181517720222473145e-01,3.494217395782470703e-01,3.395038247108459473e-01,3.331469595432281494e-01,3.291009664535522461e-01,2.289756685495376587e-01,3.352187573909759521e-01,3.133973181247711182e-01,3.042341172695159912e-01,3.433379828929901123e-01,3.537266850471496582e-01,3.390025198459625244e-01,3.545916676521301270e-01,3.289149105548858643e-01,2.908854484558105469e-01,3.595299124717712402e-01,3.160611689090728760e-01,2.882917821407318115e-01,7.657772898674011230e-01,7.315445542335510254e-01,6.355013251304626465e-01,6.080649495124816895e-01,2.162402719259262085e-01,1.476626992225646973e-01,5.957809090614318848e-01,2.003082633018493652e-01,1.486762911081314087e-01,5.922120213508605957e-01,1.917822510004043579e-01,1.491042822599411011e-01,5.876200795173645020e-01,2.274983823299407959e-01,1.647347956895828247e-01,5.833782553672790527e-01,2.352163195610046387e-01,1.672049313783645630e-01,5.817955732345581055e-01,4.375486373901367188e-01,3.394135534763336182e-01,4.879216253757476807e-01,1.488771587610244751e-01,1.441510021686553955e-01,4.881234169006347656e-01,-6.550180955870297478e-27,7.846872147348104490e-26,4.881235957145690918e-01
4.308948218822479248e-01,4.857893288135528564e-01,5.312529802322387695e-01,6.231374740600585938e-01,5.868982672691345215e-01,5.376148819923400879e-01,6.632576584815979004e-01,6.635349392890930176e-01,5.433844923973083496e-01,6.838719248771667480e-01,7.654439806938171387e-01,7.445356249809265137e-01,8.011358976364135742e-01,7.817302942276000977e-01,7.604779005050659180e-01,8.393073081970214844e-01,8.047586679458618164e-01,7.627332806587219238e-01,8.720831274986267090e-01,8.355599045753479004e-01,7.657772898674011230e-01,8.896449208259582520e-01,8.027195930480957031e-01,6.654021739959716797e-01,6.445261836051940918e-01,2.424180209636688232e-01,1.719752997159957886e-01,6.332616806030273438e-01,2.144983708858489990e-01,1.446129381656646729e-01,6.269757747650146484e-01,2.145368307828903198e-01,1.584504246711730957e-01,6.215244531631469727e-01,2.419839352369308472e-01,1.639728397130966187e-01,6.155670881271362305e-01,2.480231225490570068e-01,1.744092255830764771e-01,6.130759716033935547e-01,4.524873197078704834e-01,3.360428810119628906e-01,5.107811093330383301e-01,1.615908592939376831e-01,1.577488332986831665e-01,5.110649466514587402e-01,-5.386784762513091019e-26,7.954806808109805023e-25,5.110650658607482910e-01
3.313545584678649902e-01,3.855128586292266846e-01,4.120999574661254883e-01,4.746711850166320801e-01,4.250766336917877197e-01,3.894616961479187012e-01,5.021006464958190918e-01,4.966748654842376709e-01,3.980817198753356934e-01,5.189724564552307129e-01,5.864240527153015137e-01,5.823418498039245605e-01,6.344936490058898926e-01,6.118177771568298340e-01,5.923994779586791992e-01,6.686270833015441895e-01,6.441248655319213867e-01,6.218476295471191406e-01,7.228479385375976562e-01,7.348492741584777832e-01,7.315445542335510254e-01,8.027195930480957031e-01,8.235023021697998047e-01,7.813570499420166016e-01,7.657527327537536621e-01,2.719130814075469971e-01,1.928276717662811279e-01,7.523313164710998535e-01,2.646262049674987793e-01,1.993252485990524292e-01,7.497826218605041504e-01,2.685182988643646240e-01,2.178441733121871948e-01,7.475558519363403320e-01,3.122479021549224854e-01,2.305747270584106445e-01,7.442607283592224121e-01,2.839376330375671387e-01,2.045659720897674561e-01,7.410945296287536621e-01,5.578272342681884766e-01,4.408027529716491699e-01,6.403830051422119141e-01,1.952407956123352051e-01,1.893642395734786987e-01,6.404863595962524414e-01,2.188867453007505452e-26,2.167361317468192279e-25,6.404864788055419922e-01
2.410794943571090698e-01,2.967207729816436768e-01,2.965545952320098877e-01,3.373060226440429688e-01,2.991866767406463623e-01,2.715665996074676514e-01,3.557914197444915771e-01,3.430434763431549072e-01,2.538795769214630127e-01,3.661260604858398438e-01,4.081852436065673828e-01,4.252383410930633545e-01,4.679996371269226074e-01,4.524005353450775146e-01,4.388707578182220459e-01,4.914937019348144531e-01,4.703078567981719971e-01,4.665709435939788818e-01,5.476250648498535156e-01,5.755733847618103027e-01,6.355013251304626465e-01,6.654021739959716797e-01,7.813570499420166016e-01,8.420781493186950684e-01,8.461329340934753418e-01,3.294922709465026855e-01,2.490077614784240723e-01,8.372504115104675293e-01,3.220733702182769775e-01,2.462458759546279907e-01,8.368003368377685547e-01,2.908868491649627686e-01,2.402353435754776001e-01,8.329415917396545410e-01,3.679530918598175049e-01,2.823916971683502197e-01,8.323138952255249023e-01,3.484849333763122559e-01,2.622045278549194336e-01,8.326740860939025879e-01,6.307683587074279785e-01,5.172566175460815430e-01,7.644204497337341309e-01,2.469982206821441650e-01,2.399685829877853394e-01,7.647140026092529297e-01,1.607460479899295797e-26,1.320968539910379201e-25,7.647141218185424805e-01
2.411824017763137817e-01,2.928457558155059814e-01,2.939133942127227783e-01,3.359218239784240723e-01,3.063170313835144043e-01,2.786732017993927002e-01,3.547267317771911621e-01,3.340539932250976562e-01,2.452755719423294067e-01,3.637123703956604004e-01,3.949372768402099609e-01,4.090096652507781982e-01,4.550614655017852783e-01,4.402612149715423584e-01,4.231293797492980957e-01,4.755704700946807861e-01,4.523985385894775391e-01,4.440215229988098145e-01,5.281227827072143555e-01,5.518811345100402832e-01,6.080649495124816895e-01,6.445261836051940918e-01,7.657527327537536621e-01,8.461329340934753418e-01,8.567879796028137207e-01,3.535770773887634277e-01,2.766551971435546875e-01,8.515976667404174805e-01,3.498322665691375732e-01,2.690195739269256592e-01,8.538743853569030762e-01,2.870743870735168457e-01,2.340076118707656860e-01,8.485338687896728516e-01,3.930735588073730469e-01,3.064975738525390625e-01,8.506333231925964355e-01,3.700188398361206055e-01,2.837024033069610596e-01,8.528068661689758301e-01,6.670063138008117676e-01,5.592148900032043457e-01,8.079913854598999023e-01,2.646802663803100586e-01,2.563099861145019531e-01,8.082326650619506836e-01,3.592444828985288586e-26,2.367774881706050670e-25,8.082328438758850098e-01
1.345246285200119019e-01,1.464898735284805298e-01,1.504325717687606812e-01,1.592863053083419800e-01,1.478391587734222412e-01,1.495994329452514648e-01,1.685723960399627686e-01,1.324336528778076172e-01,9.388310462236404419e-02,1.687021106481552124e-01,1.447542905807495117e-01,1.395340561866760254e-01,1.763967722654342651e-01,1.644734740257263184e-01,1.516001820564270020e-01,1.811517030000686646e-01,1.712973266839981079e-01,1.671237051486968994e-01,2.014549076557159424e-01,1.958518177270889282e-01,2.162402719259262085e-01,2.424180209636688232e-01,2.719130814075469971e-01,3.294922709465026855e-01,3.535770773887634277e-01,1.917372643947601318e-01,1.840620636940002441e-01,3.142256140708923340e-01,7.298981398344039917e-02,4.354882240295410156e-02,3.102687299251556396e-01,8.471310138702392578e-02,5.932478606700897217e-02,3.068925738334655762e-01,1.526469439268112183e-01,1.264944970607757568e-01,3.093565404415130615e-01,2.578965127468109131e-01,2.481450140476226807e-01,3.255729675292968750e-01,2.080150693655014038e-01,1.869043409824371338e-01,3.021897077560424805e-01,4.785021394491195679e-02,3.759413585066795349e-02,3.010987639427185059e-01,1.654557555945330140e-27,-2.462035655566755600e-27,3.010986447334289551e-01
1.187126561999320984e-01,1.241590678691864014e-01,1.251454502344131470e-01,1.318530738353729248e-01,1.277054697275161743e-01,1.289509683847427368e-01,1.382993608713150024e-01,9.819417446851730347e-02,6.543540954589843750e-02,1.365658938884735107e-01,9.818521142005920410e-02,9.034611284732818604e-02,1.262548118829727173e-01,1.193257197737693787e-01,1.074349433183670044e-01,1.281089782714843750e-01,1.202830001711845398e-01,1.180148273706436157e-01,1.424352377653121948e-01,1.314541548490524292e-01,1.476626992225646973e-01,1.719752997159957886e-01,1.928276717662811279e-01,2.490077614784240723e-01,2.766551971435546875e-01,1.840620636940002441e-01,1.538359820842742920e-01,2.668322622776031494e-01,5.263000354170799255e-02,2.884119562804698944e-02,2.631174921989440918e-01,5.643894523382186890e-02,3.751979023218154907e-02,2.594929039478302002e-01,1.522892862558364868e-01,1.344214379787445068e-01,2.650573253631591797e-01,2.103126049041748047e-01,2.060378044843673706e-01,2.778608500957489014e-01,1.874672621488571167e-01,1.784802824258804321e-01,2.575761973857879639e-01,2.388386428356170654e-02,1.499797124415636063e-02,2.562299966812133789e-01,9.539284125980557965e-28,-1.076914928469222000e-27,2.562298774719238281e-01
2.449968308210372925e-01,2.940971255302429199e-01,2.952806055545806885e-01,3.354028463363647461e-01,3.063819408416748047e-01,2.802793681621551514e-01,3.540430366992950439e-01,3.274146318435668945e-01,2.397173196077346802e-01,3.622012734413146973e-01,3.856964409351348877e-01,3.976859152317047119e-01,4.467862844467163086e-01,4.314833879470825195e-01,4.133169651031494141e-01,4.661725163459777832e-01,4.432195127010345459e-01,4.351811707019805908e-01,5.181405544281005859e-01,5.392224192619323730e-01,5.957809090614318848e-01,6.332616806030273438e-01,7.523313164710998535e-01,8.372504115104675293e-01,8.515976667404174805e-01,3.142256140708923340e-01,2.668322622776031494e-01,8.472252488136291504e-01,3.437823355197906494e-01,2.640033066272735596e-01,8.493091464042663574e-01,2.831765711307525635e-01,2.303910553455352783e-01,8.439610600471496582e-01,3.922790586948394775e-01,3.070199787616729736e-01,8.463967442512512207e-01,3.775146305561065674e-01,2.940817773342132568e-01,8.499531149864196777e-01,6.634553074836730957e-01,5.581228137016296387e-01,8.050559163093566895e-01,2.599671185016632080e-01,2.509989440441131592e-01,8.052319884300231934e-01,3.598413979217724609e-26,2.247713456678840134e-25,8.052321076393127441e-01
8.127032965421676636e-02,9.471790492534637451e-02,9.102367609739303589e-02,1.077709943056106567e-01,9.125236421823501587e-02,8.246818184852600098e-02,1.116409078240394592e-01,1.038927808403968811e-01,7.806358486413955688e-02,1.157333031296730042e-01,1.222574263811111450e-01,1.296013742685317993e-01,1.469806730747222900e-01,1.347523629665374756e-01,1.248887479305267334e-01,1.515408903360366821e-01,1.407087743282318115e-01,1.379962265491485596e-01,1.702356785535812378e-01,1.767278015613555908e-01,2.003082633018493652e-01,2.144983708858489990e-01,2.646262049674987793e-01,3.220733702182769775e-01,3.498322665691375732e-01,7.298981398344039917e-02,5.263000354170799255e-02,3.437823355197906494e-01,2.489225119352340698e-01,1.881554573774337769e-01,3.765898048877716064e-01,1.364173144102096558e-01,1.331916451454162598e-01,3.754119575023651123e-01,6.776618957519531250e-02,3.181712701916694641e-02,3.633331954479217529e-01,1.029167473316192627e-01,5.967538058757781982e-02,3.584354221820831299e-01,2.514390945434570312e-01,2.176405936479568481e-01,3.212076723575592041e-01,1.184316277503967285e-01,1.198129206895828247e-01,3.206108212471008301e-01,1.250879943299843363e-27,5.627425934241585140e-27,3.206110596656799316e-01
4.026382416486740112e-02,5.074070021510124207e-02,4.479603469371795654e-02,5.277329310774803162e-02,4.135913774371147156e-02,3.589227423071861267e-02,5.607825890183448792e-02,5.209672078490257263e-02,4.139244928956031799e-02,5.916229635477066040e-02,6.433325260877609253e-02,7.353352010250091553e-02,7.992572337388992310e-02,7.328845560550689697e-02,7.158159464597702026e-02,8.530877530574798584e-02,8.163344860076904297e-02,8.532301336526870728e-02,1.023568660020828247e-01,1.202569529414176941e-01,1.486762911081314087e-01,1.446129381656646729e-01,1.993252485990524292e-01,2.462458759546279907e-01,2.690195739269256592e-01,4.354882240295410156e-02,2.884119562804698944e-02,2.640033066272735596e-01,1.881554573774337769e-01,1.654807925224304199e-01,3.348125815391540527e-01,1.128334850072860718e-01,1.108960658311843872e-01,3.325866460800170898e-01,4.720768705010414124e-02,1.387948356568813324e-02,3.197969496250152588e-01,8.574431389570236206e-02,4.463451728224754333e-02,3.147538900375366211e-01,2.169249057769775391e-01,1.931530237197875977e-01,2.815085649490356445e-01,1.007366552948951721e-01,1.030659899115562439e-01,2.807765603065490723e-01,6.775373396105686050e-28,2.517853727586964224e-27,2.807767987251281738e-01
2.383156865835189819e-01,2.870016694068908691e-01,2.874650061130523682e-01,3.269740641117095947e-01,2.979599237442016602e-01,2.718968391418457031e-01,3.453817069530487061e-01,3.200457692146301270e-01,2.351502776145935059e-01,3.536943793296813965e-01,3.781570494174957275e-01,3.914057910442352295e-01,4.384977519512176514e-01,4.231937825679779053e-01,4.058209359645843506e-01,4.579489231109619141e-01,4.356728792190551758e-01,4.286848604679107666e-01,5.102536678314208984e-01,5.335891246795654297e-01,5.922120213508605957e-01,6.269757747650146484e-01,7.497826218605041504e-01,8.368003368377685547e-01,8.538743853569030762e-01,3.102687299251556396e-01,2.631174921989440918e-01,8.493091464042663574e-01,3.765898048877716064e-01,3.348125815391540527e-01,8.484297990798950195e-01,2.814862132072448730e-01,2.292999476194381714e-01,8.429106473922729492e-01,3.889144361019134521e-01,3.038552403450012207e-01,8.450415730476379395e-01,3.733181059360504150e-01,2.898266911506652832e-01,8.481830358505249023e-01,6.644620895385742188e-01,5.606805086135864258e-01,8.036373257637023926e-01,2.593634426593780518e-01,2.506054639816284180e-01,8.037878274917602539e-01,3.686704462695466438e-26,2.279451303048144491e-25,8.037879467010498047e-01
1.055613309144973755e-01,1.203896403312683105e-01,1.134936958551406860e-01,1.432930529117584229e-01,1.275175809860229492e-01,1.061488613486289978e-01,1.476366817951202393e-01,1.082147881388664246e-01,8.771244436502456665e-02,1.502595543861389160e-01,1.353124529123306274e-01,1.330925524234771729e-01,1.673273891210556030e-01,1.558822393417358398e-01,1.413980424404144287e-01,1.618933230638504028e-01,1.482559293508529663e-01,1.422847807407379150e-01,1.723051071166992188e-01,1.782962530851364136e-01,1.917822510004043579e-01,2.145368307828903198e-01,2.685182988643646240e-01,2.908868491649627686e-01,2.870743870735168457e-01,8.471310138702392578e-02,5.643894523382186890e-02,2.831765711307525635e-01,1.364173144102096558e-01,1.128334850072860718e-01,2.814862132072448730e-01,1.331387907266616821e-01,1.104775816202163696e-01,3.720439374446868896e-01,1.091130673885345459e-01,7.674326002597808838e-02,3.637318909168243408e-01,1.265122890472412109e-01,6.929942220449447632e-02,3.575106263160705566e-01,2.714785635471343994e-01,2.492497116327285767e-01,3.761991262435913086e-01,6.612895429134368896e-02,6.228992342948913574e-02,3.741250038146972656e-01,1.453581181051683356e-27,1.657609846758392807e-26,3.741251230239868164e-01
