9.937260150909423828e-01,9.342079758644104004e-01,8.238254785537719727e-01,9.723864793777465820e-01,6.845389008522033691e-01,6.904261112213134766e-01,9.554154276847839355e-01,7.351110577583312988e-01,5.290399789810180664e-01,9.469642639160156250e-01,8.086263537406921387e-01,6.841374039649963379e-01,8.893445134162902832e-01,8.055227994918823242e-01,7.059816718101501465e-01,8.141523003578186035e-01,7.759255170822143555e-01,7.269465327262878418e-01,7.793395519256591797e-01,5.083883404731750488e-01,3.653956055641174316e-01,7.689572572708129883e-01,8.001135587692260742e-01,7.235853075981140137e-01,7.199930548667907715e-01,4.715209007263183594e-01,4.394118785858154297e-01,6.534718275070190430e-01,6.157560348510742188e-01,1.815662533044815063e-01,6.530051827430725098e-01,4.778240323066711426e-01,1.691254377365112305e-01,6.401052474975585938e-01,2.460416108369827271e-01,1.180743500590324402e-01,6.126613616943359375e-01,5.157201886177062988e-01,2.518342435359954834e-01,6.137191653251647949e-01,6.058840751647949219e-01,5.554168224334716797e-01,5.942935943603515625e-01,3.975727409124374390e-02,3.555503860116004944e-02,5.943031907081604004e-01,4.353807412371679675e-07,-2.519540636374854986e-23,5.943031311035156250e-01
9.342079758644104004e-01,9.261008501052856445e-01,8.612388372421264648e-01,9.174693226814270020e-01,4.982626140117645264e-01,5.944434404373168945e-01,9.469752907752990723e-01,7.742543816566467285e-01,5.857973694801330566e-01,9.297618269920349121e-01,8.092918992042541504e-01,6.761296987533569336e-01,8.684817552566528320e-01,8.104624748229980469e-01,7.268569469451904297e-01,8.170958757400512695e-01,7.649452090263366699e-01,7.076020240783691406e-01,7.746461629867553711e-01,5.190791487693786621e-01,3.613999783992767334e-01,7.640159726142883301e-01,8.153127431869506836e-01,7.637241482734680176e-01,7.370305657386779785e-01,4.064317941665649414e-01,3.868300020694732666e-01,6.396349668502807617e-01,6.044918894767761230e-01,1.995051503181457520e-01,6.408024430274963379e-01,4.863426983356475830e-01,1.620426028966903687e-01,6.271865963935852051e-01,2.960821986198425293e-01,1.662284582853317261e-01,6.106944084167480469e-01,5.365756750106811523e-01,2.716133594512939453e-01,6.127635836601257324e-01,6.618471145629882812e-01,5.990809202194213867e-01,5.918897986412048340e-01,4.660248011350631714e-02,4.178173840045928955e-02,5.918972492218017578e-01,6.955885112347459653e-08,2.396905542783599584e-24,5.918972492218017578e-01
8.238254785537719727e-01,8.612388372421264648e-01,7.245862483978271484e-01,8.190963268280029297e-01,4.042383730411529541e-01,5.088055133819580078e-01,8.796291947364807129e-01,7.629516124725341797e-01,5.908911228179931641e-01,8.518269062042236328e-01,7.350966334342956543e-01,6.143315434455871582e-01,7.854573726654052734e-01,7.171908020973205566e-01,6.550503969192504883e-01,7.360399365425109863e-01,6.725823283195495605e-01,5.942361354827880859e-01,6.798083186149597168e-01,4.907014369964599609e-01,3.537128567695617676e-01,6.765039563179016113e-01,7.554325461387634277e-01,7.404519319534301758e-01,6.909915208816528320e-01,3.720518946647644043e-01,3.644399940967559814e-01,6.011309027671813965e-01,5.552169084548950195e-01,1.984227746725082397e-01,6.035716533660888672e-01,4.496949017047882080e-01,1.195512786507606506e-01,5.873709917068481445e-01,2.775630354881286621e-01,1.381964534521102905e-01,5.684691071510314941e-01,5.642701983451843262e-01,3.040614426136016846e-01,5.717700719833374023e-01,6.244481801986694336e-01,5.653994679450988770e-01,5.377589464187622070e-01,4.453652724623680115e-02,3.977208584547042847e-02,5.377648472785949707e-01,1.951475496753118932e-07,-1.171515478896650010e-23,5.377647876739501953e-01
9.723864793777465820e-01,9.174693226814270020e-01,8.190963268280029297e-01,9.775829911231994629e-01,7.429811358451843262e-01,7.409598231315612793e-01,9.657654762268066406e-01,7.849802374839782715e-01,5.807276964187622070e-01,9.660771489143371582e-01,8.687829971313476562e-01,7.508082389831542969e-01,9.179239273071289062e-01,8.312422633171081543e-01,7.434481978416442871e-01,8.542608618736267090e-01,8.140737414360046387e-01,7.604159712791442871e-01,8.288189768791198730e-01,5.735660791397094727e-01,4.145924448966979980e-01,8.199621438980102539e-01,8.404746651649475098e-01,7.415117025375366211e-01,7.416015267372131348e-01,4.828238189220428467e-01,4.403601288795471191e-01,6.658635735511779785e-01,6.265896558761596680e-01,2.324418276548385620e-01,6.713692545890808105e-01,4.825227856636047363e-01,1.937502026557922363e-01,6.598230600357055664e-01,2.942970395088195801e-01,1.653642952442169189e-01,6.397539377212524414e-01,5.407227277755737305e-01,2.712429463863372803e-01,6.413156986236572266e-01,6.212446093559265137e-01,5.712211728096008301e-01,6.130587458610534668e-01,5.358562991023063660e-02,4.817022010684013367e-02,6.130663752555847168e-01,6.914117989254009444e-07,-6.655563921541949043e-23,6.130663156509399414e-01
6.845389008522033691e-01,4.982626140117645264e-01,4.042383730411529541e-01,7.429811358451843262e-01,7.904898524284362793e-01,7.717337608337402344e-01,7.302921414375305176e-01,6.902501583099365234e-01,5.670768022537231445e-01,7.505652308464050293e-01,7.162469625473022461e-01,6.313288211822509766e-01,6.979556679725646973e-01,6.107321977615356445e-01,5.679891109466552734e-01,6.568493247032165527e-01,5.954422354698181152e-01,5.549660325050354004e-01,6.492149829864501953e-01,4.857466220855712891e-01,2.779321968555450439e-01,6.317257285118103027e-01,6.444035768508911133e-01,5.247865319252014160e-01,5.265311598777770996e-01,3.520295917987823486e-01,2.951374053955078125e-01,4.615519940853118896e-01,4.511097371578216553e-01,2.030628174543380737e-01,4.706063568592071533e-01,3.692709803581237793e-01,2.139779329299926758e-01,4.709986746311187744e-01,2.584130465984344482e-01,1.760810166597366333e-01,4.673643708229064941e-01,3.866643607616424561e-01,2.123096585273742676e-01,4.685142040252685547e-01,4.219373464584350586e-01,3.693486750125885010e-01,4.199240803718566895e-01,5.353316664695739746e-02,5.052470415830612183e-02,4.199221134185791016e-01,4.496565608747005172e-08,-9.364121310606276049e-24,4.199220836162567139e-01
6.904261112213134766e-01,5.944434404373168945e-01,5.088055133819580078e-01,7.409598231315612793e-01,7.717337608337402344e-01,6.743261814117431641e-01,5.256981253623962402e-01,5.166426897048950195e-01,4.354223012924194336e-01,5.504249334335327148e-01,5.437476038932800293e-01,4.749529659748077393e-01,5.159730315208435059e-01,4.410998821258544922e-01,4.455181956291198730e-01,5.026665329933166504e-01,4.666008651256561279e-01,4.542866349220275879e-01,5.150754451751708984e-01,3.824724555015563965e-01,1.859316229820251465e-01,4.960276782512664795e-01,4.996782839298248291e-01,3.899941742420196533e-01,3.897994160652160645e-01,2.656964957714080811e-01,2.164242416620254517e-01,3.401460051536560059e-01,3.199655413627624512e-01,1.473321765661239624e-01,3.469622731208801270e-01,3.234653770923614502e-01,2.447367012500762939e-01,3.583894073963165283e-01,2.116203457117080688e-01,1.614968329668045044e-01,3.607093989849090576e-01,3.132916688919067383e-01,1.920861005783081055e-01,3.617121279239654541e-01,2.879604995250701904e-01,2.478474676609039307e-01,3.175923228263854980e-01,4.320779442787170410e-02,4.181782156229019165e-02,3.175903558731079102e-01,3.067250275989863439e-08,-8.649465395295783940e-24,3.175903260707855225e-01
9.554154276847839355e-01,9.469752907752990723e-01,8.796291947364807129e-01,9.657654762268066406e-01,7.302921414375305176e-01,5.256981253623962402e-01,9.684593081474304199e-01,8.249569535255432129e-01,6.344557404518127441e-01,9.709331393241882324e-01,8.922234773635864258e-01,7.751564383506774902e-01,9.339566826820373535e-01,8.606010675430297852e-01,7.803930044174194336e-01,8.757311105728149414e-01,8.362113833427429199e-01,7.775223851203918457e-01,8.505218029022216797e-01,6.005964279174804688e-01,4.207042455673217773e-01,8.403884172439575195e-01,8.525136113166809082e-01,7.454125285148620605e-01,7.400434017181396484e-01,4.442107975482940674e-01,3.992259204387664795e-01,6.452946066856384277e-01,6.207089424133300781e-01,2.389368712902069092e-01,6.516503095626831055e-01,4.926829636096954346e-01,2.159697562456130981e-01,6.434462666511535645e-01,3.116896748542785645e-01,1.829314678907394409e-01,6.279336810111999512e-01,5.416575670242309570e-01,2.813604772090911865e-01,6.297304034233093262e-01,6.268217563629150391e-01,5.739488601684570312e-01,5.952265262603759766e-01,6.100663915276527405e-02,5.566261708736419678e-02,5.952329635620117188e-01,5.902067528040788602e-07,-1.229095903650015373e-22,5.952328443527221680e-01
7.351110577583312988e-01,7.742543816566467285e-01,7.629516124725341797e-01,7.849802374839782715e-01,6.902501583099365234e-01,5.166426897048950195e-01,8.249569535255432129e-01,8.223106265068054199e-01,7.077729701995849609e-01,7.809262275695800781e-01,8.164680600166320801e-01,7.276220321655273438e-01,7.576327919960021973e-01,7.012820243835449219e-01,6.704335808753967285e-01,7.345274686813354492e-01,6.714400649070739746e-01,5.976428389549255371e-01,7.195129990577697754e-01,5.825576186180114746e-01,3.423211574554443359e-01,7.062283158302307129e-01,6.996766328811645508e-01,5.674802660942077637e-01,5.578458309173583984e-01,2.895694971084594727e-01,2.390940785408020020e-01,4.548859894275665283e-01,4.497896730899810791e-01,2.460788786411285400e-01,4.671471416950225830e-01,4.099156856536865234e-01,2.350494265556335449e-01,4.693180918693542480e-01,3.064252138137817383e-01,2.134312540292739868e-01,4.731722772121429443e-01,4.208413362503051758e-01,2.544754147529602051e-01,4.751437008380889893e-01,4.776149392127990723e-01,4.263690114021301270e-01,4.263165891170501709e-01,8.441592007875442505e-02,7.895125448703765869e-02,4.263137876987457275e-01,3.127378889189458278e-08,-2.921552476158032684e-24,4.263137578964233398e-01
5.290399789810180664e-01,5.857973694801330566e-01,5.908911228179931641e-01,5.807276964187622070e-01,5.670768022537231445e-01,4.354223012924194336e-01,6.344557404518127441e-01,7.077729701995849609e-01,7.110583782196044922e-01,6.864547133445739746e-01,7.134047746658325195e-01,6.139141917228698730e-01,6.144752502441406250e-01,5.576220154762268066e-01,5.205888748168945312e-01,5.983709096908569336e-01,5.190660357475280762e-01,4.455310702323913574e-01,5.747343897819519043e-01,4.459373056888580322e-01,2.337136268615722656e-01,5.581359863281250000e-01,5.891166329383850098e-01,4.899367988109588623e-01,4.756736755371093750e-01,2.709679007530212402e-01,2.340816110372543335e-01,4.013409018516540527e-01,3.827285468578338623e-01,2.006936520338058472e-01,4.097217321395874023e-01,3.371673822402954102e-01,1.699218153953552246e-01,4.070656001567840576e-01,2.482909113168716431e-01,1.665000915527343750e-01,4.070928096771240234e-01,3.318392634391784668e-01,1.924568265676498413e-01,4.081211090087890625e-01,4.345328211784362793e-01,3.779893517494201660e-01,3.715686202049255371e-01,8.606811612844467163e-02,8.201229572296142578e-02,3.715685904026031494e-01,1.116190073702227892e-08,5.189681603760186027e-24,3.715685904026031494e-01
9.469642639160156250e-01,9.297618269920349121e-01,8.518269062042236328e-01,9.660771489143371582e-01,7.505652308464050293e-01,5.504249334335327148e-01,9.709331393241882324e-01,7.809262275695800781e-01,6.864547133445739746e-01,9.715081453323364258e-01,8.972896337509155273e-01,7.817478179931640625e-01,9.353899359703063965e-01,8.623103499412536621e-01,7.822085022926330566e-01,8.776459097862243652e-01,8.373026847839355469e-01,7.760844826698303223e-01,8.518913388252258301e-01,6.043881177902221680e-01,4.203668832778930664e-01,8.415148258209228516e-01,8.531538248062133789e-01,7.447019219398498535e-01,7.396886944770812988e-01,4.431655704975128174e-01,3.973024487495422363e-01,6.440736651420593262e-01,6.209827661514282227e-01,2.411748766899108887e-01,6.506754159927368164e-01,4.937511384487152100e-01,2.178663015365600586e-01,6.427299976348876953e-01,3.128836750984191895e-01,1.838785856962203979e-01,6.274396777153015137e-01,5.427824258804321289e-01,2.843459546566009521e-01,6.292697191238403320e-01,6.265084147453308105e-01,5.730776190757751465e-01,5.935431718826293945e-01,6.387166678905487061e-02,5.836406722664833069e-02,5.935493111610412598e-01,5.721205980080412701e-07,-1.222996936001825851e-22,5.935493111610412598e-01
8.086263537406921387e-01,8.092918992042541504e-01,7.350966334342956543e-01,8.687829971313476562e-01,7.162469625473022461e-01,5.437476038932800293e-01,8.922234773635864258e-01,8.164680600166320801e-01,7.134047746658325195e-01,8.972896337509155273e-01,7.699409723281860352e-01,7.377340197563171387e-01,6.620776057243347168e-01,6.204184293746948242e-01,6.001254916191101074e-01,6.564770340919494629e-01,6.131174564361572266e-01,5.375521779060363770e-01,6.472584009170532227e-01,5.578562021255493164e-01,3.307879865169525146e-01,6.334583759307861328e-01,6.168842315673828125e-01,4.885819554328918457e-01,4.766064584255218506e-01,2.430982142686843872e-01,1.909260004758834839e-01,3.803254663944244385e-01,3.721590042114257812e-01,2.190129160881042480e-01,3.913243412971496582e-01,3.411704897880554199e-01,2.105736732482910156e-01,3.938166201114654541e-01,3.119305372238159180e-01,2.346936762332916260e-01,4.085362851619720459e-01,3.678402006626129150e-01,2.200922816991806030e-01,4.100912213325500488e-01,3.962091803550720215e-01,3.416945934295654297e-01,3.488471806049346924e-01,1.053576096892356873e-01,9.947771579027175903e-02,3.488412797451019287e-01,4.911047213340680173e-08,-1.097720144454211585e-23,3.488412201404571533e-01
6.841374039649963379e-01,6.761296987533569336e-01,6.143315434455871582e-01,7.508082389831542969e-01,6.313288211822509766e-01,4.749529659748077393e-01,7.751564383506774902e-01,7.276220321655273438e-01,6.139141917228698730e-01,7.817478179931640625e-01,7.377340197563171387e-01,6.700062751770019531e-01,5.264935493469238281e-01,5.026461482048034668e-01,5.086915493011474609e-01,5.385019183158874512e-01,4.881054461002349854e-01,4.157118499279022217e-01,5.311931967735290527e-01,5.148447155952453613e-01,2.841760814189910889e-01,5.189067125320434570e-01,4.780998826026916504e-01,3.626721501350402832e-01,3.616116642951965332e-01,1.887495219707489014e-01,1.337348669767379761e-01,2.819208204746246338e-01,2.728563845157623291e-01,1.842271089553833008e-01,2.921472191810607910e-01,2.816783189773559570e-01,2.107479423284530640e-01,3.005349040031433105e-01,2.784526944160461426e-01,2.272240817546844482e-01,3.214813172817230225e-01,2.780600786209106445e-01,1.788410991430282593e-01,3.223134279251098633e-01,2.916586697101593018e-01,2.394518703222274780e-01,2.591498196125030518e-01,1.015562713146209717e-01,9.500947594642639160e-02,2.591407299041748047e-01,1.368008195612446798e-08,-5.298297495217351480e-25,2.591406702995300293e-01
8.893445134162902832e-01,8.684817552566528320e-01,7.854573726654052734e-01,9.179239273071289062e-01,6.979556679725646973e-01,5.159730315208435059e-01,9.339566826820373535e-01,7.576327919960021973e-01,6.144752502441406250e-01,9.353899359703063965e-01,6.620776057243347168e-01,5.264935493469238281e-01,9.384804368019104004e-01,8.797613382339477539e-01,8.206288218498229980e-01,8.977924585342407227e-01,8.568192720413208008e-01,7.926988005638122559e-01,8.789640665054321289e-01,6.535072922706604004e-01,4.478309154510498047e-01,8.687258958816528320e-01,8.564434647560119629e-01,7.401596307754516602e-01,7.424257993698120117e-01,4.586421251296997070e-01,4.034518599510192871e-01,6.484944820404052734e-01,6.103926897048950195e-01,2.335045933723449707e-01,6.543468236923217773e-01,5.047499537467956543e-01,2.501735985279083252e-01,6.501427888870239258e-01,3.415973782539367676e-01,2.210985422134399414e-01,6.418657898902893066e-01,5.389311909675598145e-01,2.773733139038085938e-01,6.432427763938903809e-01,6.152275204658508301e-01,5.561687350273132324e-01,5.994356274604797363e-01,7.218848168849945068e-02,6.595746427774429321e-02,5.994393229484558105e-01,2.244365902015488246e-07,-3.020994585819247207e-23,5.994393229484558105e-01
8.055227994918823242e-01,8.104624748229980469e-01,7.171908020973205566e-01,8.312422633171081543e-01,6.107321977615356445e-01,4.410998821258544922e-01,8.606010675430297852e-01,7.012820243835449219e-01,5.576220154762268066e-01,8.623103499412536621e-01,6.204184293746948242e-01,5.026461482048034668e-01,8.797613382339477539e-01,7.146773934364318848e-01,7.069222331047058105e-01,7.556009292602539062e-01,6.965192556381225586e-01,6.364311575889587402e-01,7.545689940452575684e-01,6.152687072753906250e-01,3.626776337623596191e-01,7.399641275405883789e-01,6.900556683540344238e-01,5.538112521171569824e-01,5.721696615219116211e-01,3.751442730426788330e-01,3.056813478469848633e-01,4.945888221263885498e-01,4.458314776420593262e-01,1.903772652149200439e-01,5.011687278747558594e-01,4.332398772239685059e-01,3.029497563838958740e-01,5.111382603645324707e-01,3.484891355037689209e-01,2.768665552139282227e-01,5.254172086715698242e-01,4.100462198257446289e-01,2.217803001403808594e-01,5.260137319564819336e-01,4.413439333438873291e-01,3.820367157459259033e-01,4.645674228668212891e-01,8.123514056205749512e-02,7.502204179763793945e-02,4.645646810531616211e-01,1.554362327738090244e-08,1.001775548223907571e-24,4.645646214485168457e-01
7.059816718101501465e-01,7.268569469451904297e-01,6.550503969192504883e-01,7.434481978416442871e-01,5.679891109466552734e-01,4.455181956291198730e-01,7.803930044174194336e-01,6.704335808753967285e-01,5.205888748168945312e-01,7.822085022926330566e-01,6.001254916191101074e-01,5.086915493011474609e-01,8.206288218498229980e-01,7.069222331047058105e-01,6.175523400306701660e-01,6.469753384590148926e-01,5.824309587478637695e-01,5.155342817306518555e-01,6.480270624160766602e-01,5.523267984390258789e-01,3.197925388813018799e-01,6.373360157012939453e-01,5.752655267715454102e-01,4.495927989482879639e-01,4.714732766151428223e-01,3.344381153583526611e-01,2.692513465881347656e-01,4.160964787006378174e-01,3.648347258567810059e-01,1.629355251789093018e-01,4.228721857070922852e-01,3.499652445316314697e-01,2.592123150825500488e-01,4.310943782329559326e-01,3.153240978717803955e-01,2.560444474220275879e-01,4.476815164089202881e-01,3.380912840366363525e-01,1.787315309047698975e-01,4.481422305107116699e-01,3.484120368957519531e-01,2.970485091209411621e-01,3.868753015995025635e-01,7.672978937625885010e-02,6.984876096248626709e-02,3.868686258792877197e-01,1.339860311588836339e-08,3.748844120883470216e-24,3.868686258792877197e-01
8.141523003578186035e-01,8.170958757400512695e-01,7.360399365425109863e-01,8.542608618736267090e-01,6.568493247032165527e-01,5.026665329933166504e-01,8.757311105728149414e-01,7.345274686813354492e-01,5.983709096908569336e-01,8.776459097862243652e-01,6.564770340919494629e-01,5.385019183158874512e-01,8.977924585342407227e-01,7.556009292602539062e-01,6.469753384590148926e-01,8.830544948577880859e-01,8.384337425231933594e-01,7.674291133880615234e-01,8.687266111373901367e-01,6.787099242210388184e-01,4.614376723766326904e-01,8.605505824089050293e-01,8.393104672431945801e-01,7.130758166313171387e-01,7.125942707061767578e-01,4.199939370155334473e-01,3.642358183860778809e-01,6.113606691360473633e-01,5.819783806800842285e-01,2.332417368888854980e-01,6.178624033927917480e-01,4.864445328712463379e-01,2.589291930198669434e-01,6.156187057495117188e-01,3.654497265815734863e-01,2.490653395652770996e-01,6.154858469963073730e-01,5.274850726127624512e-01,2.650167644023895264e-01,6.167433857917785645e-01,5.850993394851684570e-01,5.228058695793151855e-01,5.651896595954895020e-01,7.940386235713958740e-02,7.296431064605712891e-02,5.651915073394775391e-01,1.699554985634676996e-07,-1.511118441986394628e-23,5.651914477348327637e-01
7.759255170822143555e-01,7.649452090263366699e-01,6.725823283195495605e-01,8.140737414360046387e-01,5.954422354698181152e-01,4.666008651256561279e-01,8.362113833427429199e-01,6.714400649070739746e-01,5.190660357475280762e-01,8.373026847839355469e-01,6.131174564361572266e-01,4.881054461002349854e-01,8.568192720413208008e-01,6.965192556381225586e-01,5.824309587478637695e-01,8.384337425231933594e-01,6.823682785034179688e-01,6.049246191978454590e-01,7.057648897171020508e-01,5.901556611061096191e-01,3.987036049365997314e-01,6.986576318740844727e-01,6.748588681221008301e-01,5.446199178695678711e-01,5.406432747840881348e-01,2.795671224594116211e-01,2.301099747419357300e-01,4.409161806106567383e-01,4.362789690494537354e-01,1.874306648969650269e-01,4.467020332813262939e-01,3.566237986087799072e-01,1.975468397140502930e-01,4.448713064193725586e-01,3.153250515460968018e-01,2.208401411771774292e-01,4.525190889835357666e-01,4.120262861251831055e-01,2.084278613328933716e-01,4.535968005657196045e-01,4.402891099452972412e-01,3.799056112766265869e-01,3.982020020484924316e-01,8.780633658170700073e-02,8.258119225502014160e-02,3.982023596763610840e-01,1.166876195668464788e-08,-7.813143659788281486e-25,3.982023298740386963e-01
7.269465327262878418e-01,7.076020240783691406e-01,5.942361354827880859e-01,7.604159712791442871e-01,5.549660325050354004e-01,4.542866349220275879e-01,7.775223851203918457e-01,5.976428389549255371e-01,4.455310702323913574e-01,7.760844826698303223e-01,5.375521779060363770e-01,4.157118499279022217e-01,7.926988005638122559e-01,6.364311575889587402e-01,5.155342817306518555e-01,7.674291133880615234e-01,6.049246191978454590e-01,4.880217015743255615e-01,5.936150550842285156e-01,5.082922577857971191e-01,3.217460513114929199e-01,5.857329964637756348e-01,5.647873878479003906e-01,4.456110298633575439e-01,4.440474212169647217e-01,2.169023752212524414e-01,1.741656661033630371e-01,3.542360961437225342e-01,3.297774791717529297e-01,1.455911397933959961e-01,3.581781685352325439e-01,3.026558160781860352e-01,1.789605468511581421e-01,3.591362237930297852e-01,2.879981100559234619e-01,2.146467417478561401e-01,3.726363778114318848e-01,3.431957066059112549e-01,1.888388246297836304e-01,3.738861978054046631e-01,3.609715104103088379e-01,3.050278425216674805e-01,3.188120424747467041e-01,8.326253294944763184e-02,7.878016680479049683e-02,3.188095390796661377e-01,6.858139833809673291e-09,3.340618463192911870e-24,3.188094794750213623e-01
7.793395519256591797e-01,7.746461629867553711e-01,6.798083186149597168e-01,8.288189768791198730e-01,6.492149829864501953e-01,5.150754451751708984e-01,8.505218029022216797e-01,7.195129990577697754e-01,5.747343897819519043e-01,8.518913388252258301e-01,6.472584009170532227e-01,5.311931967735290527e-01,8.789640665054321289e-01,7.545689940452575684e-01,6.480270624160766602e-01,8.687266111373901367e-01,7.057648897171020508e-01,5.936150550842285156e-01,8.638804554939270020e-01,6.804555654525756836e-01,4.664478898048400879e-01,8.571013808250427246e-01,8.318972587585449219e-01,7.026892900466918945e-01,7.038730382919311523e-01,4.047553837299346924e-01,3.497704267501831055e-01,5.991725921630859375e-01,5.732597708702087402e-01,2.290102094411849976e-01,6.053573489189147949e-01,4.761595427989959717e-01,2.547982931137084961e-01,6.028405427932739258e-01,3.743902444839477539e-01,2.599610090255737305e-01,6.058426499366760254e-01,5.259935259819030762e-01,2.604388296604156494e-01,6.070765256881713867e-01,5.780776739120483398e-01,5.152022242546081543e-01,5.546839833259582520e-01,7.959149777889251709e-02,7.355725020170211792e-02,5.546861290931701660e-01,1.446885988798385370e-07,-7.875314379374428342e-24,5.546861290931701660e-01
5.083883404731750488e-01,5.190791487693786621e-01,4.907014369964599609e-01,5.735660791397094727e-01,4.857466220855712891e-01,3.824724555015563965e-01,6.005964279174804688e-01,5.825576186180114746e-01,4.459373056888580322e-01,6.043881177902221680e-01,5.578562021255493164e-01,5.148447155952453613e-01,6.535072922706604004e-01,6.152687072753906250e-01,5.523267984390258789e-01,6.787099242210388184e-01,5.901556611061096191e-01,5.082922577857971191e-01,6.804555654525756836e-01,6.363031268119812012e-01,4.009988307952880859e-01,7.441455721855163574e-01,7.210494279861450195e-01,5.913115739822387695e-01,5.961915850639343262e-01,3.080603778362274170e-01,2.551168501377105713e-01,4.863416850566864014e-01,4.650170505046844482e-01,2.043852806091308594e-01,4.928577542304992676e-01,4.155208766460418701e-01,2.570579349994659424e-01,4.959560036659240723e-01,3.669529557228088379e-01,2.763636708259582520e-01,5.105069875717163086e-01,4.252198636531829834e-01,2.092567086219787598e-01,5.110583901405334473e-01,4.953052699565887451e-01,4.294470846652984619e-01,4.613553881645202637e-01,8.780770003795623779e-02,8.201308548450469971e-02,4.613534808158874512e-01,1.339137156719516497e-08,-1.643504058511788700e-25,4.613534808158874512e-01
3.653956055641174316e-01,3.613999783992767334e-01,3.537128567695617676e-01,4.145924448966979980e-01,2.779321968555450439e-01,1.859316229820251465e-01,4.207042455673217773e-01,3.423211574554443359e-01,2.337136268615722656e-01,4.203668832778930664e-01,3.307879865169525146e-01,2.841760814189910889e-01,4.478309154510498047e-01,3.626776337623596191e-01,3.197925388813018799e-01,4.614376723766326904e-01,3.987036049365997314e-01,3.217460513114929199e-01,4.664478898048400879e-01,4.009988307952880859e-01,3.262748420238494873e-01,6.036773324012756348e-01,6.026139259338378906e-01,4.913077354431152344e-01,4.924868643283843994e-01,2.644402384757995605e-01,2.218134999275207520e-01,4.060239493846893311e-01,3.931396007537841797e-01,1.793416142463684082e-01,4.119097292423248291e-01,3.368817865848541260e-01,1.959393322467803955e-01,4.123398363590240479e-01,2.794583737850189209e-01,1.979568302631378174e-01,4.174954891204833984e-01,3.470836877822875977e-01,1.806147694587707520e-01,4.180761575698852539e-01,4.093286395072937012e-01,3.485110402107238770e-01,3.695439100265502930e-01,8.590564876794815063e-02,8.129787445068359375e-02,3.695410192012786865e-01,4.729372893308436687e-09,2.674972787268425986e-26,3.695410192012786865e-01
7.689572572708129883e-01,7.640159726142883301e-01,6.765039563179016113e-01,8.199621438980102539e-01,6.317257285118103027e-01,4.960276782512664795e-01,8.403884172439575195e-01,7.062283158302307129e-01,5.581359863281250000e-01,8.415148258209228516e-01,6.334583759307861328e-01,5.189067125320434570e-01,8.687258958816528320e-01,7.399641275405883789e-01,6.373360157012939453e-01,8.605505824089050293e-01,6.986576318740844727e-01,5.857329964637756348e-01,8.571013808250427246e-01,7.441455721855163574e-01,6.036773324012756348e-01,8.649953007698059082e-01,8.385226130485534668e-01,7.113738059997558594e-01,7.137249112129211426e-01,4.100324809551239014e-01,3.557689785957336426e-01,6.082360148429870605e-01,5.767173767089843750e-01,2.268968820571899414e-01,6.139633655548095703e-01,4.825557470321655273e-01,2.587491571903228760e-01,6.114583015441894531e-01,3.884801268577575684e-01,2.737386524677276611e-01,6.166558861732482910e-01,5.371797680854797363e-01,2.623840272426605225e-01,6.178854703903198242e-01,5.864692926406860352e-01,5.222890973091125488e-01,5.645096898078918457e-01,7.903743535280227661e-02,7.307739555835723877e-02,5.645118355751037598e-01,1.225893271339373314e-07,-1.087860408658125725e-23,5.645118355751037598e-01
8.001135587692260742e-01,8.153127431869506836e-01,7.554325461387634277e-01,8.404746651649475098e-01,6.444035768508911133e-01,4.996782839298248291e-01,8.525136113166809082e-01,6.996766328811645508e-01,5.891166329383850098e-01,8.531538248062133789e-01,6.168842315673828125e-01,4.780998826026916504e-01,8.564434647560119629e-01,6.900556683540344238e-01,5.752655267715454102e-01,8.393104672431945801e-01,6.748588681221008301e-01,5.647873878479003906e-01,8.318972587585449219e-01,7.210494279861450195e-01,6.026139259338378906e-01,8.385226130485534668e-01,7.879433631896972656e-01,6.745546460151672363e-01,6.737222075462341309e-01,3.914282619953155518e-01,3.393890559673309326e-01,5.762749910354614258e-01,5.545480251312255859e-01,2.245274782180786133e-01,5.823667645454406738e-01,4.350796341896057129e-01,2.180871367454528809e-01,5.757473707199096680e-01,3.687513470649719238e-01,2.663533389568328857e-01,5.825988054275512695e-01,5.002512335777282715e-01,2.229644805192947388e-01,5.834357738494873047e-01,5.588405132293701172e-01,4.862582981586456299e-01,5.294225811958312988e-01,7.579027116298675537e-02,7.111864537000656128e-02,5.294263362884521484e-01,3.036595686012333317e-08,8.588644219503243930e-25,5.294263362884521484e-01
7.235853075981140137e-01,7.637241482734680176e-01,7.404519319534301758e-01,7.415117025375366211e-01,5.247865319252014160e-01,3.899941742420196533e-01,7.454125285148620605e-01,5.674802660942077637e-01,4.899367988109588623e-01,7.447019219398498535e-01,4.885819554328918457e-01,3.626721501350402832e-01,7.401596307754516602e-01,5.538112521171569824e-01,4.495927989482879639e-01,7.130758166313171387e-01,5.446199178695678711e-01,4.456110298633575439e-01,7.026892900466918945e-01,5.913115739822387695e-01,4.913077354431152344e-01,7.113738059997558594e-01,6.745546460151672363e-01,6.842433810234069824e-01,6.954238414764404297e-01,4.551852345466613770e-01,4.059336781501770020e-01,6.226181387901306152e-01,5.471361279487609863e-01,1.757243871688842773e-01,6.234475970268249512e-01,4.497340023517608643e-01,2.124373167753219604e-01,6.156466603279113770e-01,3.715057075023651123e-01,2.765855789184570312e-01,6.225710511207580566e-01,5.023248791694641113e-01,2.028738409280776978e-01,6.225115060806274414e-01,5.802719593048095703e-01,5.137656331062316895e-01,5.830929279327392578e-01,5.312227085232734680e-02,4.834965616464614868e-02,5.830960273742675781e-01,1.431608520618965485e-08,2.199039506231539298e-24,5.830960273742675781e-01
7.199930548667907715e-01,7.370305657386779785e-01,6.909915208816528320e-01,7.416015267372131348e-01,5.265311598777770996e-01,3.897994160652160645e-01,7.400434017181396484e-01,5.578458309173583984e-01,4.756736755371093750e-01,7.396886944770812988e-01,4.766064584255218506e-01,3.616116642951965332e-01,7.424257993698120117e-01,5.721696615219116211e-01,4.714732766151428223e-01,7.125942707061767578e-01,5.406432747840881348e-01,4.440474212169647217e-01,7.038730382919311523e-01,5.961915850639343262e-01,4.924868643283843994e-01,7.137249112129211426e-01,6.737222075462341309e-01,6.954238414764404297e-01,7.184047102928161621e-01,4.567503035068511963e-01,4.038009643554687500e-01,6.359370350837707520e-01,5.619360804557800293e-01,1.909046918153762817e-01,6.380117535591125488e-01,4.751505255699157715e-01,2.360809892416000366e-01,6.325986981391906738e-01,3.862152695655822754e-01,2.853512167930603027e-01,6.397923231124877930e-01,5.153428316116333008e-01,2.158868908882141113e-01,6.397953629493713379e-01,5.976405143737792969e-01,5.273514389991760254e-01,5.952500700950622559e-01,5.897269025444984436e-02,5.336032435297966003e-02,5.952534675598144531e-01,4.121508467846979329e-08,7.614050747313376221e-24,5.952533483505249023e-01
4.715209007263183594e-01,4.064317941665649414e-01,3.720518946647644043e-01,4.828238189220428467e-01,3.520295917987823486e-01,2.656964957714080811e-01,4.442107975482940674e-01,2.895694971084594727e-01,2.709679007530212402e-01,4.431655704975128174e-01,2.430982142686843872e-01,1.887495219707489014e-01,4.586421251296997070e-01,3.751442730426788330e-01,3.344381153583526611e-01,4.199939370155334473e-01,2.795671224594116211e-01,2.169023752212524414e-01,4.047553837299346924e-01,3.080603778362274170e-01,2.644402384757995605e-01,4.100324809551239014e-01,3.914282619953155518e-01,4.551852345466613770e-01,4.567503035068511963e-01,4.269022643566131592e-01,3.835529983043670654e-01,6.205199360847473145e-01,5.646526217460632324e-01,2.039361894130706787e-01,6.239482164382934570e-01,4.441368579864501953e-01,1.921229362487792969e-01,6.129895448684692383e-01,3.735172152519226074e-01,2.626374661922454834e-01,6.171972751617431641e-01,5.207079648971557617e-01,2.035321742296218872e-01,6.174163818359375000e-01,5.994341969490051270e-01,5.270192623138427734e-01,5.713893175125122070e-01,5.517761036753654480e-02,4.930025339126586914e-02,5.713943243026733398e-01,1.045368058782969456e-08,3.428050678331724882e-24,5.713943243026733398e-01
4.394118785858154297e-01,3.868300020694732666e-01,3.644399940967559814e-01,4.403601288795471191e-01,2.951374053955078125e-01,2.164242416620254517e-01,3.992259204387664795e-01,2.390940785408020020e-01,2.340816110372543335e-01,3.973024487495422363e-01,1.909260004758834839e-01,1.337348669767379761e-01,4.034518599510192871e-01,3.056813478469848633e-01,2.692513465881347656e-01,3.642358183860778809e-01,2.301099747419357300e-01,1.741656661033630371e-01,3.497704267501831055e-01,2.551168501377105713e-01,2.218134999275207520e-01,3.557689785957336426e-01,3.393890559673309326e-01,4.059336781501770020e-01,4.038009643554687500e-01,3.835529983043670654e-01,3.249008357524871826e-01,5.599799156188964844e-01,5.058197975158691406e-01,1.899774819612503052e-01,5.643752217292785645e-01,3.940672874450683594e-01,1.868512034416198730e-01,5.547572970390319824e-01,4.327982366085052490e-01,3.374028205871582031e-01,5.793622136116027832e-01,4.986566305160522461e-01,1.843299269676208496e-01,5.798186063766479492e-01,5.438955426216125488e-01,4.661732017993927002e-01,5.169455409049987793e-01,5.339303985238075256e-02,4.767438396811485291e-02,5.169459581375122070e-01,8.419501540402052342e-09,1.064333992944970554e-24,5.169458985328674316e-01
6.534718275070190430e-01,6.396349668502807617e-01,6.011309027671813965e-01,6.658635735511779785e-01,4.615519940853118896e-01,3.401460051536560059e-01,6.452946066856384277e-01,4.548859894275665283e-01,4.013409018516540527e-01,6.440736651420593262e-01,3.803254663944244385e-01,2.819208204746246338e-01,6.484944820404052734e-01,4.945888221263885498e-01,4.160964787006378174e-01,6.113606691360473633e-01,4.409161806106567383e-01,3.542360961437225342e-01,5.991725921630859375e-01,4.863416850566864014e-01,4.060239493846893311e-01,6.082360148429870605e-01,5.762749910354614258e-01,6.226181387901306152e-01,6.359370350837707520e-01,6.205199360847473145e-01,5.599799156188964844e-01,6.125158667564392090e-01,5.287582874298095703e-01,1.810392290353775024e-01,6.147962808609008789e-01,4.418446719646453857e-01,2.155955433845520020e-01,6.075156331062316895e-01,4.225548505783081055e-01,3.266277909278869629e-01,6.256328821182250977e-01,5.189742445945739746e-01,2.110977023839950562e-01,6.260181069374084473e-01,5.818297863006591797e-01,5.135834813117980957e-01,5.847954154014587402e-01,5.695784464478492737e-02,5.113954097032546997e-02,5.847985148429870605e-01,4.986453205901852925e-08,6.780046487930186794e-24,5.847983956336975098e-01
6.157560348510742188e-01,6.044918894767761230e-01,5.552169084548950195e-01,6.265896558761596680e-01,4.511097371578216553e-01,3.199655413627624512e-01,6.207089424133300781e-01,4.497896730899810791e-01,3.827285468578338623e-01,6.209827661514282227e-01,3.721590042114257812e-01,2.728563845157623291e-01,6.103926897048950195e-01,4.458314776420593262e-01,3.648347258567810059e-01,5.819783806800842285e-01,4.362789690494537354e-01,3.297774791717529297e-01,5.732597708702087402e-01,4.650170505046844482e-01,3.931396007537841797e-01,5.767173767089843750e-01,5.545480251312255859e-01,5.471361279487609863e-01,5.619360804557800293e-01,5.646526217460632324e-01,5.058197975158691406e-01,5.287582874298095703e-01,4.746482074260711670e-01,1.519922763109207153e-01,6.011899709701538086e-01,4.499703645706176758e-01,2.222396284341812134e-01,5.981652140617370605e-01,3.206435441970825195e-01,2.286830544471740723e-01,5.967450737953186035e-01,4.632331132888793945e-01,2.003840208053588867e-01,5.963218212127685547e-01,5.490097999572753906e-01,5.023925304412841797e-01,5.826334357261657715e-01,4.751358181238174438e-02,4.296012595295906067e-02,5.826366543769836426e-01,2.512974051072092152e-09,4.463744780289807144e-25,5.826366543769836426e-01
1.815662533044815063e-01,1.995051503181457520e-01,1.984227746725082397e-01,2.324418276548385620e-01,2.030628174543380737e-01,1.473321765661239624e-01,2.389368712902069092e-01,2.460788786411285400e-01,2.006936520338058472e-01,2.411748766899108887e-01,2.190129160881042480e-01,1.842271089553833008e-01,2.335045933723449707e-01,1.903772652149200439e-01,1.629355251789093018e-01,2.332417368888854980e-01,1.874306648969650269e-01,1.455911397933959961e-01,2.290102094411849976e-01,2.043852806091308594e-01,1.793416142463684082e-01,2.268968820571899414e-01,2.245274782180786133e-01,1.757243871688842773e-01,1.909046918153762817e-01,2.039361894130706787e-01,1.899774819612503052e-01,1.810392290353775024e-01,1.519922763109207153e-01,9.799660742282867432e-02,5.253188014030456543e-01,3.697075843811035156e-01,1.654848456382751465e-01,5.202600955963134766e-01,2.399623394012451172e-01,1.675975471735000610e-01,5.127254128456115723e-01,3.743573129177093506e-01,1.693468540906906128e-01,5.120691061019897461e-01,4.562486410140991211e-01,4.329242408275604248e-01,5.146100521087646484e-01,3.202505409717559814e-02,2.907059341669082642e-02,5.146105289459228516e-01,1.813820205143201747e-09,2.367004263209262894e-25,5.146105289459228516e-01
6.530051827430725098e-01,6.408024430274963379e-01,6.035716533660888672e-01,6.713692545890808105e-01,4.706063568592071533e-01,3.469622731208801270e-01,6.516503095626831055e-01,4.671471416950225830e-01,4.097217321395874023e-01,6.506754159927368164e-01,3.913243412971496582e-01,2.921472191810607910e-01,6.543468236923217773e-01,5.011687278747558594e-01,4.228721857070922852e-01,6.178624033927917480e-01,4.467020332813262939e-01,3.581781685352325439e-01,6.053573489189147949e-01,4.928577542304992676e-01,4.119097292423248291e-01,6.139633655548095703e-01,5.823667645454406738e-01,6.234475970268249512e-01,6.380117535591125488e-01,6.239482164382934570e-01,5.643752217292785645e-01,6.147962808609008789e-01,6.011899709701538086e-01,5.253188014030456543e-01,6.023257374763488770e-01,4.309957325458526611e-01,2.134767323732376099e-01,5.954079627990722656e-01,4.242243170738220215e-01,3.316315412521362305e-01,6.155073046684265137e-01,5.091433525085449219e-01,2.057331353425979614e-01,6.159160733222961426e-01,5.699207782745361328e-01,5.023132562637329102e-01,5.742624998092651367e-01,5.668636411428451538e-02,5.107268318533897400e-02,5.742654204368591309e-01,4.102096085034645512e-08,3.974830682123943910e-24,5.742653608322143555e-01
4.778240323066711426e-01,4.863426983356475830e-01,4.496949017047882080e-01,4.825227856636047363e-01,3.692709803581237793e-01,3.234653770923614502e-01,4.926829636096954346e-01,4.099156856536865234e-01,3.371673822402954102e-01,4.937511384487152100e-01,3.411704897880554199e-01,2.816783189773559570e-01,5.047499537467956543e-01,4.332398772239685059e-01,3.499652445316314697e-01,4.864445328712463379e-01,3.566237986087799072e-01,3.026558160781860352e-01,4.761595427989959717e-01,4.155208766460418701e-01,3.368817865848541260e-01,4.825557470321655273e-01,4.350796341896057129e-01,4.497340023517608643e-01,4.751505255699157715e-01,4.441368579864501953e-01,3.940672874450683594e-01,4.418446719646453857e-01,4.499703645706176758e-01,3.697075843811035156e-01,4.309957325458526611e-01,3.482757508754730225e-01,1.521742939949035645e-01,5.079746246337890625e-01,4.204161167144775391e-01,3.403786718845367432e-01,5.375086665153503418e-01,4.699326753616333008e-01,1.934245377779006958e-01,5.389717817306518555e-01,5.109098553657531738e-01,4.453950524330139160e-01,5.043264627456665039e-01,5.463103204965591431e-02,4.845454171299934387e-02,5.043314099311828613e-01,2.580663460705068246e-09,5.256680645124351239e-26,5.043314099311828613e-01
