9.992123774784976709e-01,6.453825951734496469e-01,5.255814464841542799e-01,3.509567329866853380e-01,3.311400261462159045e-01,2.632394236502725304e-01,2.106322359945432821e-01
6.453825951734496469e-01,9.917404242109917334e-01,8.944415301362579340e-01,6.613017557283548120e-01,5.965748446608171163e-01,4.719797029212734474e-01,3.862566981975942282e-01
5.255814464841542799e-01,8.944415301362579340e-01,9.836096462458382428e-01,8.626660106289164576e-01,7.953051605856269468e-01,6.620852948067275090e-01,5.012785341948989837e-01
3.509567329866853380e-01,6.613017557283548120e-01,8.626660106289164576e-01,9.715957612022867451e-01,9.139353802828561468e-01,8.010065873159664118e-01,5.880864252520530133e-01
3.311400261462159045e-01,5.965748446608171163e-01,7.953051605856269468e-01,9.139353802828561468e-01,9.561231037250299547e-01,8.469219830659417969e-01,6.807536910014255760e-01
2.632394236502725304e-01,4.719797029212734474e-01,6.620852948067275090e-01,8.010065873159664118e-01,8.469219830659417969e-01,9.082316676225363761e-01,7.209613926034964537e-01
2.106322359945432821e-01,3.862566981975942282e-01,5.012785341948989837e-01,5.880864252520530133e-01,6.807536910014255760e-01,7.209613926034964537e-01,8.666154161875718742e-01
