9.937260150909423828e-01,8.793773055076599121e-01,7.130937576293945312e-01,8.697433471679687500e-01,5.579255223274230957e-01,4.679485559463500977e-01,8.107786774635314941e-01,4.054664671421051025e-01,2.279842942953109741e-01,7.611939311027526855e-01,4.674766659736633301e-01,3.350366652011871338e-01,5.505898594856262207e-01,4.459699094295501709e-01,3.222223520278930664e-01,4.696489274501800537e-01,3.553490638732910156e-01,2.131306231021881104e-01,4.266631901264190674e-01,3.691382706165313721e-01,2.134947627782821655e-01,4.375360906124114990e-01,3.378260433673858643e-01,2.445618361234664917e-01,2.437860965728759766e-01,1.346251070499420166e-01,1.174457222223281860e-01,2.472578436136245728e-01,8.354295790195465088e-02,4.071591421961784363e-02,2.405249029397964478e-01,1.042956486344337463e-01,5.280433595180511475e-02,2.359151989221572876e-01,5.982540175318717957e-02,2.912605926394462585e-02,2.288497984409332275e-01,7.567327469587326050e-02,4.326301813125610352e-02,2.242020219564437866e-01,1.307786703109741211e-01,7.535494118928909302e-02,1.755795776844024658e-01,6.000476703047752380e-02,6.140239536762237549e-02,1.757560223340988159e-01,-1.459819892142855594e-25,-1.574712897734284367e-24,1.757560372352600098e-01
8.793773055076599121e-01,8.892713189125061035e-01,8.381077647209167480e-01,8.667311668395996094e-01,5.759472250938415527e-01,5.644820332527160645e-01,8.630596399307250977e-01,5.958079695701599121e-01,3.803563416004180908e-01,8.286396861076354980e-01,5.990145802497863770e-01,4.720223844051361084e-01,6.654579043388366699e-01,5.836352705955505371e-01,4.586508870124816895e-01,5.888080000877380371e-01,4.741644263267517090e-01,3.047461807727813721e-01,5.366708636283874512e-01,4.427921772003173828e-01,2.500222325325012207e-01,5.398960113525390625e-01,4.019071757793426514e-01,2.879559099674224854e-01,2.835726439952850342e-01,1.396467685699462891e-01,1.135357245802879333e-01,2.843624651432037354e-01,7.729320228099822998e-02,3.592498600482940674e-02,2.762739360332489014e-01,1.199881732463836670e-01,6.596133857965469360e-02,2.722492814064025879e-01,7.120693475008010864e-02,3.597474470734596252e-02,2.647307515144348145e-01,9.639313071966171265e-02,6.643345952033996582e-02,2.620893716812133789e-01,1.667671799659729004e-01,9.886614233255386353e-02,2.055883556604385376e-01,5.715884268283843994e-02,5.736462399363517761e-02,2.055526077747344971e-01,4.752791813017343398e-27,4.890738424991704888e-25,2.055526375770568848e-01
7.130937576293945312e-01,8.381077647209167480e-01,7.376872897148132324e-01,7.806661725044250488e-01,4.796302914619445801e-01,5.089282393455505371e-01,8.080521225929260254e-01,5.897639989852905273e-01,3.770982325077056885e-01,7.753330469131469727e-01,5.590916275978088379e-01,4.377016127109527588e-01,6.125763654708862305e-01,5.387951731681823730e-01,4.303098618984222412e-01,5.401327013969421387e-01,4.339119493961334229e-01,2.822522521018981934e-01,4.931190609931945801e-01,3.989847004413604736e-01,2.282674461603164673e-01,4.931114017963409424e-01,3.527776598930358887e-01,2.401745468378067017e-01,2.424941062927246094e-01,1.334453970193862915e-01,1.137865260243415833e-01,2.456608116626739502e-01,6.425653398036956787e-02,2.861173078417778015e-02,2.381319701671600342e-01,1.216981485486030579e-01,6.529444456100463867e-02,2.352759242057800293e-01,6.911916285753250122e-02,3.622436895966529846e-02,2.291231453418731689e-01,7.769946008920669556e-02,5.000585317611694336e-02,2.255958020687103271e-01,1.332384645938873291e-01,7.671555131673812866e-02,1.725674271583557129e-01,4.734183475375175476e-02,4.775668308138847351e-02,1.725488752126693726e-01,-2.867529112001008438e-26,9.657342684013962885e-25,1.725488752126693726e-01
8.697433471679687500e-01,8.667311668395996094e-01,7.806661725044250488e-01,9.652577042579650879e-01,7.571827769279479980e-01,6.827111244201660156e-01,9.437842369079589844e-01,6.530041694641113281e-01,4.447316229343414307e-01,9.184694886207580566e-01,6.995540857315063477e-01,5.518061518669128418e-01,7.531224489212036133e-01,6.547187566757202148e-01,5.247015357017517090e-01,6.687935590744018555e-01,5.419258475303649902e-01,3.480897843837738037e-01,6.161004304885864258e-01,5.156553983688354492e-01,3.086222410202026367e-01,6.246672272682189941e-01,4.777582287788391113e-01,3.396120071411132812e-01,3.364079892635345459e-01,1.603793352842330933e-01,1.315549910068511963e-01,3.358798623085021973e-01,1.118032932281494141e-01,5.404821038246154785e-02,3.274278044700622559e-01,1.389860808849334717e-01,7.967072725296020508e-02,3.228450119495391846e-01,8.855797350406646729e-02,4.475685954093933105e-02,3.142210245132446289e-01,1.298264563083648682e-01,8.677477389574050903e-02,3.119562268257141113e-01,1.942596584558486938e-01,1.168934330344200134e-01,2.445565164089202881e-01,8.685917407274246216e-02,8.737877011299133301e-02,2.449638545513153076e-01,-4.413679229901889867e-25,3.346770394962277930e-24,2.449638545513153076e-01
5.579255223274230957e-01,5.759472250938415527e-01,4.796302914619445801e-01,7.571827769279479980e-01,7.984101176261901855e-01,7.252103090286254883e-01,6.942940354347229004e-01,5.986407399177551270e-01,4.496107399463653564e-01,6.930786967277526855e-01,6.003651022911071777e-01,5.007138848304748535e-01,6.093592643737792969e-01,5.473509430885314941e-01,4.593254923820495605e-01,5.556117892265319824e-01,4.855447709560394287e-01,3.173304796218872070e-01,5.196479558944702148e-01,4.418094158172607422e-01,2.776222527027130127e-01,5.251824855804443359e-01,4.012521803379058838e-01,2.825025618076324463e-01,2.805482447147369385e-01,1.244269385933876038e-01,1.033428311347961426e-01,2.786735892295837402e-01,9.447453916072845459e-02,4.024161025881767273e-02,2.706956267356872559e-01,7.960189133882522583e-02,4.785581305623054504e-02,2.648263275623321533e-01,7.575707137584686279e-02,3.679377585649490356e-02,2.583064436912536621e-01,1.577048897743225098e-01,1.148646026849746704e-01,2.628487348556518555e-01,1.730787456035614014e-01,1.101820915937423706e-01,2.127670496702194214e-01,9.203810989856719971e-02,9.118266403675079346e-02,2.136205136775970459e-01,-1.155419053157312749e-25,-1.385044506494054530e-25,2.136205583810806274e-01
4.679485559463500977e-01,5.644820332527160645e-01,5.089282393455505371e-01,6.827111244201660156e-01,7.252103090286254883e-01,6.851915121078491211e-01,5.889226794242858887e-01,5.289159417152404785e-01,4.310770630836486816e-01,5.999947190284729004e-01,5.444622635841369629e-01,4.453577995300292969e-01,5.224710106849670410e-01,4.723756015300750732e-01,4.046367704868316650e-01,4.888029992580413818e-01,4.342788755893707275e-01,2.896505296230316162e-01,4.645417928695678711e-01,3.994438350200653076e-01,2.488886266946792603e-01,4.699457883834838867e-01,3.578714728355407715e-01,2.439179271459579468e-01,2.407348155975341797e-01,1.056245937943458557e-01,8.564299345016479492e-02,2.383321970701217651e-01,8.459299802780151367e-02,3.427960351109504700e-02,2.313570678234100342e-01,6.919607520103454590e-02,4.338453710079193115e-02,2.265291959047317505e-01,6.700265407562255859e-02,3.354652971029281616e-02,2.213521897792816162e-01,1.455391049385070801e-01,1.051188185811042786e-01,2.264667302370071411e-01,1.472448110580444336e-01,9.445536881685256958e-02,1.790993660688400269e-01,7.482549548149108887e-02,7.351606339216232300e-02,1.797684431076049805e-01,-8.786718564638089140e-26,-7.667345277949686117e-26,1.797684580087661743e-01
8.107786774635314941e-01,8.630596399307250977e-01,8.080521225929260254e-01,9.437842369079589844e-01,6.942940354347229004e-01,5.889226794242858887e-01,9.571133852005004883e-01,7.209849357604980469e-01,5.199040770530700684e-01,9.449351429939270020e-01,7.635697126388549805e-01,6.091199517250061035e-01,7.920171618461608887e-01,6.989349722862243652e-01,5.686212182044982910e-01,7.160189747810363770e-01,5.934156179428100586e-01,3.894261121749877930e-01,6.646389365196228027e-01,5.499361753463745117e-01,3.305809497833251953e-01,6.727433204650878906e-01,5.109953880310058594e-01,3.602206707000732422e-01,3.570157289505004883e-01,1.684655994176864624e-01,1.380733400583267212e-01,3.561704456806182861e-01,1.146892905235290527e-01,5.658748000860214233e-02,3.473743796348571777e-01,1.441970318555831909e-01,8.551295101642608643e-02,3.427664339542388916e-01,9.771042317152023315e-02,5.075019970536231995e-02,3.340623080730438232e-01,1.400136500597000122e-01,9.580299258232116699e-02,3.321525752544403076e-01,2.096041738986968994e-01,1.280422359704971313e-01,2.602237164974212646e-01,9.483054280281066895e-02,9.517353028059005737e-02,2.607242763042449951e-01,-2.863771422382794725e-25,1.974737557454165074e-24,2.607242763042449951e-01
4.054664671421051025e-01,5.958079695701599121e-01,5.897639989852905273e-01,6.530041694641113281e-01,5.986407399177551270e-01,5.289159417152404785e-01,7.209849357604980469e-01,7.920148372650146484e-01,6.681305170059204102e-01,7.925869822502136230e-01,7.776259183883666992e-01,6.345954537391662598e-01,7.180999517440795898e-01,6.790469288825988770e-01,5.965412855148315430e-01,6.867460012435913086e-01,6.004155874252319336e-01,4.153177440166473389e-01,6.495065093040466309e-01,5.220057964324951172e-01,3.007360100746154785e-01,6.474000811576843262e-01,4.782191514968872070e-01,3.126757740974426270e-01,3.066551089286804199e-01,1.347528100013732910e-01,1.050211563706398010e-01,3.031862974166870117e-01,9.330153465270996094e-02,4.514896124601364136e-02,2.959555983543395996e-01,1.206759512424468994e-01,7.933811098337173462e-02,2.932606637477874756e-01,9.277269244194030762e-02,5.102032050490379333e-02,2.871355116367340088e-01,1.439763605594635010e-01,1.058559939265251160e-01,2.889841794967651367e-01,1.851228177547454834e-01,1.154405325651168823e-01,2.187442481517791748e-01,8.275572210550308228e-02,8.122064918279647827e-02,2.193220406770706177e-01,-4.007802590445901744e-26,3.720741838603490045e-25,2.193220406770706177e-01
2.279842942953109741e-01,3.803563416004180908e-01,3.770982325077056885e-01,4.447316229343414307e-01,4.496107399463653564e-01,4.310770630836486816e-01,5.199040770530700684e-01,6.681305170059204102e-01,5.649043917655944824e-01,6.271120309829711914e-01,6.506330966949462891e-01,5.067313313484191895e-01,5.536304712295532227e-01,5.204606652259826660e-01,4.636326730251312256e-01,5.478624105453491211e-01,4.821586012840270996e-01,3.390232622623443604e-01,5.289765596389770508e-01,4.195918142795562744e-01,2.355980873107910156e-01,5.315994024276733398e-01,3.958848416805267334e-01,2.470334917306900024e-01,2.427287548780441284e-01,1.087430492043495178e-01,8.294370770454406738e-02,2.399380654096603394e-01,7.750342041254043579e-02,3.895429894328117371e-02,2.348626703023910522e-01,1.006275936961174011e-01,6.574957072734832764e-02,2.331510484218597412e-01,7.844287902116775513e-02,4.430937767028808594e-02,2.287399172782897949e-01,1.085242405533790588e-01,7.854803651571273804e-02,2.294861227273941040e-01,1.444099694490432739e-01,8.986722677946090698e-02,1.672435104846954346e-01,6.217278167605400085e-02,6.089300662279129028e-02,1.676040738821029663e-01,-4.019816387364593770e-26,2.539042500686321491e-25,1.676040738821029663e-01
7.611939311027526855e-01,8.286396861076354980e-01,7.753330469131469727e-01,9.184694886207580566e-01,6.930786967277526855e-01,5.999947190284729004e-01,9.449351429939270020e-01,7.925869822502136230e-01,6.271120309829711914e-01,9.514557719230651855e-01,7.855745553970336914e-01,6.299932599067687988e-01,8.059459328651428223e-01,7.155932784080505371e-01,5.874747633934020996e-01,7.344703674316406250e-01,6.115422248840332031e-01,4.056309461593627930e-01,6.842733621597290039e-01,5.600835680961608887e-01,3.332260549068450928e-01,6.916941404342651367e-01,5.264216065406799316e-01,3.698379993438720703e-01,3.658130168914794922e-01,1.707965284585952759e-01,1.384553313255310059e-01,3.644623160362243652e-01,1.180902421474456787e-01,5.880500376224517822e-02,3.556677401065826416e-01,1.463750898838043213e-01,8.680398017168045044e-02,3.508926331996917725e-01,1.027290597558021545e-01,5.380395799875259399e-02,3.422267138957977295e-01,1.436399817466735840e-01,9.829035401344299316e-02,3.402769267559051514e-01,2.161748111248016357e-01,1.329722404479980469e-01,2.660688161849975586e-01,9.754673391580581665e-02,9.779711067676544189e-02,2.665946781635284424e-01,-3.080305605737877373e-25,1.828637756794065415e-24,2.665947079658508301e-01
4.674766659736633301e-01,5.990145802497863770e-01,5.590916275978088379e-01,6.995540857315063477e-01,6.003651022911071777e-01,5.444622635841369629e-01,7.635697126388549805e-01,7.776259183883666992e-01,6.506330966949462891e-01,7.855745553970336914e-01,8.623388409614562988e-01,7.527918219566345215e-01,7.834522128105163574e-01,7.666072249412536621e-01,6.910206079483032227e-01,7.663086056709289551e-01,6.860054731369018555e-01,4.930259585380554199e-01,7.313587069511413574e-01,5.465286374092102051e-01,3.065903782844543457e-01,7.250971198081970215e-01,5.526845455169677734e-01,3.846776783466339111e-01,3.729607462882995605e-01,1.374155580997467041e-01,9.525595605373382568e-02,3.643418848514556885e-01,1.176041290163993835e-01,6.420490145683288574e-02,3.577443659305572510e-01,1.293880194425582886e-01,8.604452013969421387e-02,3.536640405654907227e-01,1.208953410387039185e-01,6.758246570825576782e-02,3.470347523689270020e-01,1.689731478691101074e-01,1.251190453767776489e-01,3.487707376480102539e-01,2.459723204374313354e-01,1.616252660751342773e-01,2.762939333915710449e-01,1.145521253347396851e-01,1.131032779812812805e-01,2.772496938705444336e-01,-7.288523948278054333e-27,4.833947835386778485e-25,2.772497236728668213e-01
3.350366652011871338e-01,4.720223844051361084e-01,4.377016127109527588e-01,5.518061518669128418e-01,5.007138848304748535e-01,4.453577995300292969e-01,6.091199517250061035e-01,6.345954537391662598e-01,5.067313313484191895e-01,6.299932599067687988e-01,7.527918219566345215e-01,7.425706982612609863e-01,7.301596999168395996e-01,7.255021333694458008e-01,6.683458089828491211e-01,7.318218350410461426e-01,6.671773195266723633e-01,4.932884275913238525e-01,7.033415436744689941e-01,5.172147154808044434e-01,2.856696546077728271e-01,6.950433254241943359e-01,5.381896495819091797e-01,3.831920325756072998e-01,3.686613440513610840e-01,1.261739432811737061e-01,8.028455823659896851e-02,3.580450415611267090e-01,1.157531514763832092e-01,6.451360881328582764e-02,3.521174192428588867e-01,1.139904484152793884e-01,7.432530820369720459e-02,3.469313383102416992e-01,1.374319791793823242e-01,8.294210582971572876e-02,3.426102399826049805e-01,1.770783811807632446e-01,1.339340955018997192e-01,3.456745147705078125e-01,2.467304915189743042e-01,1.649010330438613892e-01,2.758826315402984619e-01,1.184987649321556091e-01,1.164851486682891846e-01,2.769393920898437500e-01,-2.411291561540831811e-26,1.477999561482223134e-25,2.769394516944885254e-01
5.505898594856262207e-01,6.654579043388366699e-01,6.125763654708862305e-01,7.531224489212036133e-01,6.093592643737792969e-01,5.224710106849670410e-01,7.920171618461608887e-01,7.180999517440795898e-01,5.536304712295532227e-01,8.059459328651428223e-01,7.834522128105163574e-01,7.301596999168395996e-01,8.871474862098693848e-01,8.188737630844116211e-01,7.024229764938354492e-01,8.304829001426696777e-01,7.112097144126892090e-01,4.929713606834411621e-01,7.805629372596740723e-01,6.128880977630615234e-01,3.519393503665924072e-01,7.821680903434753418e-01,6.117711067199707031e-01,4.453369379043579102e-01,4.350911974906921387e-01,1.792907714843750000e-01,1.329179406166076660e-01,4.287185668945312500e-01,1.410206258296966553e-01,7.311948388814926147e-02,4.197455048561096191e-01,1.619630604982376099e-01,9.907676279544830322e-02,4.142312109470367432e-01,1.387232244014739990e-01,7.780652493238449097e-02,4.059787094593048096e-01,1.820465624332427979e-01,1.289212554693222046e-01,4.055320918560028076e-01,2.711547017097473145e-01,1.739045083522796631e-01,3.248477280139923096e-01,1.202943921089172363e-01,1.194770783185958862e-01,3.255519866943359375e-01,-1.650315872428372137e-25,1.274588695583074220e-24,3.255520164966583252e-01
4.459699094295501709e-01,5.836352705955505371e-01,5.387951731681823730e-01,6.547187566757202148e-01,5.473509430885314941e-01,4.723756015300750732e-01,6.989349722862243652e-01,6.790469288825988770e-01,5.204606652259826660e-01,7.155932784080505371e-01,7.666072249412536621e-01,7.255021333694458008e-01,8.188737630844116211e-01,8.105231523513793945e-01,7.230962514877319336e-01,8.009721040725708008e-01,7.075259685516357422e-01,5.018824934959411621e-01,7.549877166748046875e-01,5.899105072021484375e-01,3.425863385200500488e-01,7.505280375480651855e-01,5.791728496551513672e-01,4.227398335933685303e-01,4.130583405494689941e-01,1.577526926994323730e-01,1.142203062772750854e-01,4.051082432270050049e-01,1.269652247428894043e-01,6.607696413993835449e-02,3.968802392482757568e-01,1.587666571140289307e-01,1.036864072084426880e-01,3.935571908950805664e-01,1.357540190219879150e-01,7.777069509029388428e-02,3.865709304809570312e-01,1.919917464256286621e-01,1.425917595624923706e-01,3.889706730842590332e-01,2.623065710067749023e-01,1.712976992130279541e-01,3.134094476699829102e-01,1.272674649953842163e-01,1.256422102451324463e-01,3.144899010658264160e-01,-2.112808473569369183e-26,1.881795148892383295e-25,3.144900202751159668e-01
3.222223520278930664e-01,4.586508870124816895e-01,4.303098618984222412e-01,5.247015357017517090e-01,4.593254923820495605e-01,4.046367704868316650e-01,5.686212182044982910e-01,5.965412855148315430e-01,4.636326730251312256e-01,5.874747633934020996e-01,6.910206079483032227e-01,6.683458089828491211e-01,7.024229764938354492e-01,7.230962514877319336e-01,7.092751860618591309e-01,7.745243906974792480e-01,7.048817873001098633e-01,5.238091945648193359e-01,7.401112318038940430e-01,5.691242814064025879e-01,3.314388990402221680e-01,7.325827479362487793e-01,5.601135492324829102e-01,4.026889204978942871e-01,3.909165859222412109e-01,1.467973440885543823e-01,1.045228019356727600e-01,3.826465010643005371e-01,1.238349527120590210e-01,7.020669430494308472e-02,3.760265707969665527e-01,1.444359272718429565e-01,9.938883781433105469e-02,3.729335665702819824e-01,1.269123107194900513e-01,7.369149476289749146e-02,3.663140833377838135e-01,1.774154752492904663e-01,1.320720016956329346e-01,3.680230379104614258e-01,2.536742687225341797e-01,1.695538610219955444e-01,2.950572967529296875e-01,1.277989298105239868e-01,1.261747181415557861e-01,2.962766289710998535e-01,-1.098599667047857868e-26,1.522599784911156089e-25,2.962766885757446289e-01
4.696489274501800537e-01,5.888080000877380371e-01,5.401327013969421387e-01,6.687935590744018555e-01,5.556117892265319824e-01,4.888029992580413818e-01,7.160189747810363770e-01,6.867460012435913086e-01,5.478624105453491211e-01,7.344703674316406250e-01,7.663086056709289551e-01,7.318218350410461426e-01,8.304829001426696777e-01,8.009721040725708008e-01,7.745243906974792480e-01,8.467530012130737305e-01,7.480433583259582520e-01,5.372843146324157715e-01,8.064767122268676758e-01,6.194602251052856445e-01,3.496323227882385254e-01,8.038845658302307129e-01,6.262700557708740234e-01,4.477338790893554688e-01,4.346667826175689697e-01,1.737852096557617188e-01,1.256024986505508423e-01,4.271412789821624756e-01,1.375109106302261353e-01,7.369443774223327637e-02,4.186022877693176270e-01,1.525164693593978882e-01,9.713935852050781250e-02,4.129886031150817871e-01,1.448200494050979614e-01,8.378579467535018921e-02,4.056499004364013672e-01,1.813547611236572266e-01,1.289485692977905273e-01,4.052212536334991455e-01,2.806861698627471924e-01,1.851209402084350586e-01,3.241185247898101807e-01,1.197481676936149597e-01,1.185115873813629150e-01,3.248171210289001465e-01,-1.657480578340525536e-25,7.968303232122005009e-25,3.248171210289001465e-01
3.553490638732910156e-01,4.741644263267517090e-01,4.339119493961334229e-01,5.419258475303649902e-01,4.855447709560394287e-01,4.342788755893707275e-01,5.934156179428100586e-01,6.004155874252319336e-01,4.821586012840270996e-01,6.115422248840332031e-01,6.860054731369018555e-01,6.671773195266723633e-01,7.112097144126892090e-01,7.075259685516357422e-01,7.048817873001098633e-01,7.480433583259582520e-01,7.089430093765258789e-01,5.343290567398071289e-01,7.450097203254699707e-01,5.489369034767150879e-01,2.932809293270111084e-01,7.318433523178100586e-01,5.625464916229248047e-01,3.898265361785888672e-01,3.709960579872131348e-01,1.339062899351119995e-01,8.893709629774093628e-02,3.614194393157958984e-01,1.144124642014503479e-01,6.443811953067779541e-02,3.549518287181854248e-01,1.173875406384468079e-01,7.703409343957901001e-02,3.497404754161834717e-01,1.260611861944198608e-01,7.192695885896682739e-02,3.439009487628936768e-01,1.565203964710235596e-01,1.128249838948249817e-01,3.440625965595245361e-01,2.551119923591613770e-01,1.729842573404312134e-01,2.737202942371368408e-01,1.005986183881759644e-01,9.888163208961486816e-02,2.742736339569091797e-01,-1.643589538986440383e-26,2.849842603986920472e-26,2.742736935615539551e-01
2.131306231021881104e-01,3.047461807727813721e-01,2.822522521018981934e-01,3.480897843837738037e-01,3.173304796218872070e-01,2.896505296230316162e-01,3.894261121749877930e-01,4.153177440166473389e-01,3.390232622623443604e-01,4.056309461593627930e-01,4.930259585380554199e-01,4.932884275913238525e-01,4.929713606834411621e-01,5.018824934959411621e-01,5.238091945648193359e-01,5.372843146324157715e-01,5.343290567398071289e-01,5.092470645904541016e-01,6.718964576721191406e-01,4.861295521259307861e-01,2.575527727603912354e-01,6.551933288574218750e-01,5.000067949295043945e-01,3.439459800720214844e-01,3.238733112812042236e-01,1.096248179674148560e-01,7.008925825357437134e-02,3.144331276416778564e-01,1.019299104809761047e-01,6.296169757843017578e-02,3.099312484264373779e-01,9.050425887107849121e-02,6.002154946327209473e-02,3.046464622020721436e-01,1.114371269941329956e-01,6.574531644582748413e-02,3.000931441783905029e-01,1.416189074516296387e-01,1.056240573525428772e-01,3.011388778686523438e-01,2.277531623840332031e-01,1.593590974807739258e-01,2.379814237356185913e-01,9.266524761915206909e-02,9.077258408069610596e-02,2.385585904121398926e-01,-1.707245529582722853e-26,-4.447147886401055701e-26,2.385586202144622803e-01
4.266631901264190674e-01,5.366708636283874512e-01,4.931190609931945801e-01,6.161004304885864258e-01,5.196479558944702148e-01,4.645417928695678711e-01,6.646389365196228027e-01,6.495065093040466309e-01,5.289765596389770508e-01,6.842733621597290039e-01,7.313587069511413574e-01,7.033415436744689941e-01,7.805629372596740723e-01,7.549877166748046875e-01,7.401112318038940430e-01,8.064767122268676758e-01,7.450097203254699707e-01,6.718964576721191406e-01,8.142697215080261230e-01,6.153171062469482422e-01,3.397505581378936768e-01,8.098372817039489746e-01,6.352209448814392090e-01,4.507933259010314941e-01,4.354979395866394043e-01,1.699160933494567871e-01,1.199776008725166321e-01,4.271308779716491699e-01,1.384712010622024536e-01,7.680409401655197144e-02,4.192049503326416016e-01,1.453116089105606079e-01,9.294711053371429443e-02,4.131347537040710449e-01,1.471413522958755493e-01,8.572521060705184937e-02,4.061578810214996338e-01,1.808466762304306030e-01,1.290185451507568359e-01,4.057904481887817383e-01,2.882916927337646484e-01,1.943357735872268677e-01,3.235704898834228516e-01,1.164033189415931702e-01,1.147655993700027466e-01,3.241572976112365723e-01,-1.175722607224471422e-25,2.389898239273941065e-25,3.241573572158813477e-01
3.691382706165313721e-01,4.427921772003173828e-01,3.989847004413604736e-01,5.156553983688354492e-01,4.418094158172607422e-01,3.994438350200653076e-01,5.499361753463745117e-01,5.220057964324951172e-01,4.195918142795562744e-01,5.600835680961608887e-01,5.465286374092102051e-01,5.172147154808044434e-01,6.128880977630615234e-01,5.899105072021484375e-01,5.691242814064025879e-01,6.194602251052856445e-01,5.489369034767150879e-01,4.861295521259307861e-01,6.153171062469482422e-01,5.533536672592163086e-01,2.889619767665863037e-01,7.538886666297912598e-01,5.994288325309753418e-01,4.184241890907287598e-01,4.012482762336730957e-01,1.405736804008483887e-01,9.059814363718032837e-02,3.907014131546020508e-01,1.310268342494964600e-01,7.851991802453994751e-02,3.851108551025390625e-01,1.286647617816925049e-01,8.414101600646972656e-02,3.796182572841644287e-01,1.408238112926483154e-01,8.227550238370895386e-02,3.737895190715789795e-01,1.693844050168991089e-01,1.225912645459175110e-01,3.741270899772644043e-01,2.744009792804718018e-01,1.888950020074844360e-01,2.943444550037384033e-01,1.075813546776771545e-01,1.051902398467063904e-01,2.948778271675109863e-01,-4.585033068913911015e-26,4.766199906178574008e-26,2.948778569698333740e-01
2.134947627782821655e-01,2.500222325325012207e-01,2.282674461603164673e-01,3.086222410202026367e-01,2.776222527027130127e-01,2.488886266946792603e-01,3.305809497833251953e-01,3.007360100746154785e-01,2.355980873107910156e-01,3.332260549068450928e-01,3.065903782844543457e-01,2.856696546077728271e-01,3.519393503665924072e-01,3.425863385200500488e-01,3.314388990402221680e-01,3.496323227882385254e-01,2.932809293270111084e-01,2.575527727603912354e-01,3.397505581378936768e-01,2.889619767665863037e-01,2.433938384056091309e-01,6.872819662094116211e-01,5.615482330322265625e-01,4.007580280303955078e-01,3.817183971405029297e-01,1.274895966053009033e-01,8.034970611333847046e-02,3.712475001811981201e-01,1.219229772686958313e-01,8.069185167551040649e-02,3.672644793987274170e-01,1.215894818305969238e-01,8.670672774314880371e-02,3.631933629512786865e-01,1.284658163785934448e-01,7.390277832746505737e-02,3.572551906108856201e-01,1.565959304571151733e-01,1.122605428099632263e-01,3.572942316532135010e-01,2.677584886550903320e-01,1.916307210922241211e-01,2.777376472949981689e-01,9.871279448270797729e-02,9.571928530931472778e-02,2.781506478786468506e-01,-2.349654561823849368e-26,2.098422701331169837e-26,2.781507074832916260e-01
4.375360906124114990e-01,5.398960113525390625e-01,4.931114017963409424e-01,6.246672272682189941e-01,5.251824855804443359e-01,4.699457883834838867e-01,6.727433204650878906e-01,6.474000811576843262e-01,5.315994024276733398e-01,6.916941404342651367e-01,7.250971198081970215e-01,6.950433254241943359e-01,7.821680903434753418e-01,7.505280375480651855e-01,7.325827479362487793e-01,8.038845658302307129e-01,7.318433523178100586e-01,6.551933288574218750e-01,8.098372817039489746e-01,7.538886666297912598e-01,6.872819662094116211e-01,8.330201506614685059e-01,6.718484759330749512e-01,4.870755970478057861e-01,4.707699716091156006e-01,1.810324937105178833e-01,1.267461925745010376e-01,4.617565274238586426e-01,1.467128694057464600e-01,8.410866558551788330e-02,4.537893533706665039e-01,1.574680507183074951e-01,1.042046546936035156e-01,4.479408562183380127e-01,1.588793545961380005e-01,9.376095235347747803e-02,4.406847655773162842e-01,1.934119015932083130e-01,1.375760287046432495e-01,4.402875602245330811e-01,3.177086114883422852e-01,2.194499075412750244e-01,3.521739542484283447e-01,1.189590245485305786e-01,1.165974289178848267e-01,3.526303172111511230e-01,-1.014600294153166797e-25,8.334696951863373948e-26,3.526303470134735107e-01
3.378260433673858643e-01,4.019071757793426514e-01,3.527776598930358887e-01,4.777582287788391113e-01,4.012521803379058838e-01,3.578714728355407715e-01,5.109953880310058594e-01,4.782191514968872070e-01,3.958848416805267334e-01,5.264216065406799316e-01,5.526845455169677734e-01,5.381896495819091797e-01,6.117711067199707031e-01,5.791728496551513672e-01,5.601135492324829102e-01,6.262700557708740234e-01,5.625464916229248047e-01,5.000067949295043945e-01,6.352209448814392090e-01,5.994288325309753418e-01,5.615482330322265625e-01,6.718484759330749512e-01,7.459111213684082031e-01,5.825303792953491211e-01,5.615518689155578613e-01,2.009415328502655029e-01,1.358757019042968750e-01,5.494526028633117676e-01,1.629301607608795166e-01,9.647180140018463135e-02,5.407435297966003418e-01,1.874791532754898071e-01,1.338007897138595581e-01,5.358243584632873535e-01,1.921920329332351685e-01,1.182723864912986755e-01,5.283550620079040527e-01,2.291185706853866577e-01,1.646696776151657104e-01,5.285095572471618652e-01,3.981826007366180420e-01,2.870897650718688965e-01,4.348357617855072021e-01,1.291547566652297974e-01,1.251827478408813477e-01,4.349997341632843018e-01,-4.740576794938061793e-27,2.955031659019902561e-26,4.349998533725738525e-01
2.445618361234664917e-01,2.879559099674224854e-01,2.401745468378067017e-01,3.396120071411132812e-01,2.825025618076324463e-01,2.439179271459579468e-01,3.602206707000732422e-01,3.126757740974426270e-01,2.470334917306900024e-01,3.698379993438720703e-01,3.846776783466339111e-01,3.831920325756072998e-01,4.453369379043579102e-01,4.227398335933685303e-01,4.026889204978942871e-01,4.477338790893554688e-01,3.898265361785888672e-01,3.439459800720214844e-01,4.507933259010314941e-01,4.184241890907287598e-01,4.007580280303955078e-01,4.870755970478057861e-01,5.825303792953491211e-01,7.192368507385253906e-01,6.991351842880249023e-01,2.504728734493255615e-01,1.720009893178939819e-01,6.849510073661804199e-01,2.145663648843765259e-01,1.371152549982070923e-01,6.767423748970031738e-01,2.285943329334259033e-01,1.694255173206329346e-01,6.711830496788024902e-01,2.690718770027160645e-01,1.812290549278259277e-01,6.656920313835144043e-01,3.026414215564727783e-01,2.271402627229690552e-01,6.684115529060363770e-01,5.064479112625122070e-01,3.809791505336761475e-01,5.776871442794799805e-01,1.803812086582183838e-01,1.746679693460464478e-01,5.780105590820312500e-01,1.180959595929249194e-26,1.242873159186245644e-25,5.780107378959655762e-01
2.437860965728759766e-01,2.835726439952850342e-01,2.424941062927246094e-01,3.364079892635345459e-01,2.805482447147369385e-01,2.407348155975341797e-01,3.570157289505004883e-01,3.066551089286804199e-01,2.427287548780441284e-01,3.658130168914794922e-01,3.729607462882995605e-01,3.686613440513610840e-01,4.350911974906921387e-01,4.130583405494689941e-01,3.909165859222412109e-01,4.346667826175689697e-01,3.709960579872131348e-01,3.238733112812042236e-01,4.354979395866394043e-01,4.012482762336730957e-01,3.817183971405029297e-01,4.707699716091156006e-01,5.615518689155578613e-01,6.991351842880249023e-01,7.041836380958557129e-01,2.630330026149749756e-01,1.856627613306045532e-01,6.916884779930114746e-01,2.289245426654815674e-01,1.504922509193420410e-01,6.843060255050659180e-01,2.297116369009017944e-01,1.677788347005844116e-01,6.776432394981384277e-01,2.791125774383544922e-01,1.905871182680130005e-01,6.727821230888366699e-01,3.067752718925476074e-01,2.300407886505126953e-01,6.752542257308959961e-01,5.040182471275329590e-01,3.788800239562988281e-01,5.886166095733642578e-01,1.942362785339355469e-01,1.891059130430221558e-01,5.891419649124145508e-01,3.196892714775171557e-26,4.058572753859552758e-25,5.891420841217041016e-01
1.346251070499420166e-01,1.396467685699462891e-01,1.334453970193862915e-01,1.603793352842330933e-01,1.244269385933876038e-01,1.056245937943458557e-01,1.684655994176864624e-01,1.347528100013732910e-01,1.087430492043495178e-01,1.707965284585952759e-01,1.374155580997467041e-01,1.261739432811737061e-01,1.792907714843750000e-01,1.577526926994323730e-01,1.467973440885543823e-01,1.737852096557617188e-01,1.339062899351119995e-01,1.096248179674148560e-01,1.699160933494567871e-01,1.405736804008483887e-01,1.274895966053009033e-01,1.810324937105178833e-01,2.009415328502655029e-01,2.504728734493255615e-01,2.630330026149749756e-01,2.543179094791412354e-01,1.840099543333053589e-01,6.029301285743713379e-01,2.005561441183090210e-01,1.264882534742355347e-01,5.951414108276367188e-01,1.928441524505615234e-01,1.336437910795211792e-01,5.877491831779479980e-01,2.484977841377258301e-01,1.692398339509963989e-01,5.836509466171264648e-01,2.605170011520385742e-01,1.939972192049026489e-01,5.852354764938354492e-01,4.176079928874969482e-01,3.053279817104339600e-01,5.008416771888732910e-01,1.693618595600128174e-01,1.653196066617965698e-01,5.014166235923767090e-01,3.677697658717545090e-27,6.162008851132676786e-26,5.014166831970214844e-01
1.174457222223281860e-01,1.135357245802879333e-01,1.137865260243415833e-01,1.315549910068511963e-01,1.033428311347961426e-01,8.564299345016479492e-02,1.380733400583267212e-01,1.050211563706398010e-01,8.294370770454406738e-02,1.384553313255310059e-01,9.525595605373382568e-02,8.028455823659896851e-02,1.329179406166076660e-01,1.142203062772750854e-01,1.045228019356727600e-01,1.256024986505508423e-01,8.893709629774093628e-02,7.008925825357437134e-02,1.199776008725166321e-01,9.059814363718032837e-02,8.034970611333847046e-02,1.267461925745010376e-01,1.358757019042968750e-01,1.720009893178939819e-01,1.856627613306045532e-01,1.840099543333053589e-01,1.738267689943313599e-01,5.970304608345031738e-01,1.972632110118865967e-01,1.284948438405990601e-01,5.901405811309814453e-01,1.715600043535232544e-01,1.200424879789352417e-01,5.815756320953369141e-01,2.545170485973358154e-01,1.760629266500473022e-01,5.787880420684814453e-01,2.549224197864532471e-01,1.932740956544876099e-01,5.802257657051086426e-01,4.200774133205413818e-01,3.105106055736541748e-01,4.924705028533935547e-01,1.741483807563781738e-01,1.697462499141693115e-01,4.932259917259216309e-01,-2.031880406194081714e-28,1.777459080528050535e-26,4.932260811328887939e-01
2.472578436136245728e-01,2.843624651432037354e-01,2.456608116626739502e-01,3.358798623085021973e-01,2.786735892295837402e-01,2.383321970701217651e-01,3.561704456806182861e-01,3.031862974166870117e-01,2.399380654096603394e-01,3.644623160362243652e-01,3.643418848514556885e-01,3.580450415611267090e-01,4.287185668945312500e-01,4.051082432270050049e-01,3.826465010643005371e-01,4.271412789821624756e-01,3.614194393157958984e-01,3.144331276416778564e-01,4.271308779716491699e-01,3.907014131546020508e-01,3.712475001811981201e-01,4.617565274238586426e-01,5.494526028633117676e-01,6.849510073661804199e-01,6.916884779930114746e-01,6.029301285743713379e-01,5.970304608345031738e-01,7.354108095169067383e-01,2.607742249965667725e-01,1.818217337131500244e-01,7.301913499832153320e-01,2.271918058395385742e-01,1.672434806823730469e-01,7.216937541961669922e-01,3.031490743160247803e-01,2.164538800716400146e-01,7.179515361785888672e-01,3.161782920360565186e-01,2.390573769807815552e-01,7.197241187095642090e-01,5.381298661231994629e-01,4.144867658615112305e-01,6.344313025474548340e-01,2.114564925432205200e-01,2.057897299528121948e-01,6.349357962608337402e-01,1.273721010217089327e-26,4.193042230282559312e-25,6.349359154701232910e-01
8.354295790195465088e-02,7.729320228099822998e-02,6.425653398036956787e-02,1.118032932281494141e-01,9.447453916072845459e-02,8.459299802780151367e-02,1.146892905235290527e-01,9.330153465270996094e-02,7.750342041254043579e-02,1.180902421474456787e-01,1.176041290163993835e-01,1.157531514763832092e-01,1.410206258296966553e-01,1.269652247428894043e-01,1.238349527120590210e-01,1.375109106302261353e-01,1.144124642014503479e-01,1.019299104809761047e-01,1.384712010622024536e-01,1.310268342494964600e-01,1.219229772686958313e-01,1.467128694057464600e-01,1.629301607608795166e-01,2.145663648843765259e-01,2.289245426654815674e-01,2.005561441183090210e-01,1.972632110118865967e-01,2.607742249965667725e-01,2.282812148332595825e-01,1.622120141983032227e-01,6.472953557968139648e-01,2.229265421628952026e-01,1.709264516830444336e-01,6.424320340156555176e-01,2.352946847677230835e-01,1.638976186513900757e-01,6.359359025955200195e-01,2.622468173503875732e-01,1.951800286769866943e-01,6.354287266731262207e-01,4.998023509979248047e-01,4.078479409217834473e-01,5.683011412620544434e-01,1.781509071588516235e-01,1.737738847732543945e-01,5.684623122215270996e-01,-6.229448812587194078e-28,4.007916297349818367e-26,5.684624910354614258e-01
4.071591421961784363e-02,3.592498600482940674e-02,2.861173078417778015e-02,5.404821038246154785e-02,4.024161025881767273e-02,3.427960351109504700e-02,5.658748000860214233e-02,4.514896124601364136e-02,3.895429894328117371e-02,5.880500376224517822e-02,6.420490145683288574e-02,6.451360881328582764e-02,7.311948388814926147e-02,6.607696413993835449e-02,7.020669430494308472e-02,7.369443774223327637e-02,6.443811953067779541e-02,6.296169757843017578e-02,7.680409401655197144e-02,7.851991802453994751e-02,8.069185167551040649e-02,8.410866558551788330e-02,9.647180140018463135e-02,1.371152549982070923e-01,1.504922509193420410e-01,1.264882534742355347e-01,1.284948438405990601e-01,1.818217337131500244e-01,1.622120141983032227e-01,1.255227178335189819e-01,5.393851995468139648e-01,2.023704946041107178e-01,1.670000851154327393e-01,5.388169288635253906e-01,2.127455174922943115e-01,1.494653970003128052e-01,5.354975461959838867e-01,1.928203105926513672e-01,1.343997567892074585e-01,5.307344198226928711e-01,4.514929950237274170e-01,3.785907030105590820e-01,4.798018336296081543e-01,1.422565281391143799e-01,1.402634084224700928e-01,4.798255264759063721e-01,8.954728637784439196e-29,1.525892262299443176e-26,4.798257648944854736e-01
2.405249029397964478e-01,2.762739360332489014e-01,2.381319701671600342e-01,3.274278044700622559e-01,2.706956267356872559e-01,2.313570678234100342e-01,3.473743796348571777e-01,2.959555983543395996e-01,2.348626703023910522e-01,3.556677401065826416e-01,3.577443659305572510e-01,3.521174192428588867e-01,4.197455048561096191e-01,3.968802392482757568e-01,3.760265707969665527e-01,4.186022877693176270e-01,3.549518287181854248e-01,3.099312484264373779e-01,4.192049503326416016e-01,3.851108551025390625e-01,3.672644793987274170e-01,4.537893533706665039e-01,5.407435297966003418e-01,6.767423748970031738e-01,6.843060255050659180e-01,5.951414108276367188e-01,5.901405811309814453e-01,7.301913499832153320e-01,6.472953557968139648e-01,5.393851995468139648e-01,7.510831356048583984e-01,2.373228967189788818e-01,1.784399300813674927e-01,7.432046532630920410e-01,3.085137605667114258e-01,2.199371010065078735e-01,7.391143441200256348e-01,3.177380561828613281e-01,2.381486296653747559e-01,7.399676442146301270e-01,5.665447115898132324e-01,4.448063075542449951e-01,6.586899161338806152e-01,2.144104093313217163e-01,2.088617980480194092e-01,6.591065526008605957e-01,1.293129299601459483e-26,3.900760636732023583e-25,6.591066718101501465e-01
1.042956486344337463e-01,1.199881732463836670e-01,1.216981485486030579e-01,1.389860808849334717e-01,7.960189133882522583e-02,6.919607520103454590e-02,1.441970318555831909e-01,1.206759512424468994e-01,1.006275936961174011e-01,1.463750898838043213e-01,1.293880194425582886e-01,1.139904484152793884e-01,1.619630604982376099e-01,1.587666571140289307e-01,1.444359272718429565e-01,1.525164693593978882e-01,1.173875406384468079e-01,9.050425887107849121e-02,1.453116089105606079e-01,1.286647617816925049e-01,1.215894818305969238e-01,1.574680507183074951e-01,1.874791532754898071e-01,2.285943329334259033e-01,2.297116369009017944e-01,1.928441524505615234e-01,1.715600043535232544e-01,2.271918058395385742e-01,2.229265421628952026e-01,2.023704946041107178e-01,2.373228967189788818e-01,2.014864832162857056e-01,1.505265831947326660e-01,5.919356346130371094e-01,2.463780790567398071e-01,1.858896166086196899e-01,5.883015394210815430e-01,2.109110504388809204e-01,1.422032713890075684e-01,5.822481513023376465e-01,4.484148323535919189e-01,3.640664219856262207e-01,5.165864229202270508e-01,1.527482122182846069e-01,1.482730805873870850e-01,5.165051817893981934e-01,7.084460596573046467e-28,4.005781750673855105e-26,5.165051817893981934e-01
