9.992123959968379765e-01,6.453824477606157073e-01,5.255813451941134806e-01,3.509567157139215632e-01,3.311400057801381913e-01,2.632394700790087749e-01,2.106322623051528620e-01
6.453824477606157073e-01,9.917404238369822433e-01,8.944415330703261446e-01,6.613017573545931782e-01,5.965748456655795007e-01,4.719797026717413302e-01,3.862566979578869186e-01
5.255813451941134806e-01,8.944415330703261446e-01,9.836096463766564879e-01,8.626660114049714556e-01,7.953051604134643293e-01,6.620852924167472953e-01,5.012785293734027814e-01
3.509567157139215632e-01,6.613017573545931782e-01,8.626660114049714556e-01,9.715957614902064332e-01,9.139353793702065243e-01,8.010065850394710862e-01,5.880864204938054396e-01
3.311400057801381913e-01,5.965748456655795007e-01,7.953051604134643293e-01,9.139353793702065243e-01,9.561231030645531703e-01,8.469219829167856650e-01,6.807536872419620577e-01
2.632394700790087749e-01,4.719797026717413302e-01,6.620852924167472953e-01,8.010065850394710862e-01,8.469219829167856650e-01,9.082316672790343715e-01,7.209613904376750426e-01
2.106322623051528620e-01,3.862566979578869186e-01,5.012785293734027814e-01,5.880864204938054396e-01,6.807536872419620577e-01,7.209613904376750426e-01,8.666154151480841561e-01
