1.000000119209289551e+00,7.420659065246582031e-01,6.815007925033569336e-01,8.742851614952087402e-01,3.621418774127960205e-01,2.227426171302795410e-01,8.491089344024658203e-01,5.010491609573364258e-01,4.446233808994293213e-01,8.208021521568298340e-01,4.466396272182464600e-01,3.079518079757690430e-01,6.764014363288879395e-01,4.387446343898773193e-01,2.757910192012786865e-01,5.733928680419921875e-01,4.409926533699035645e-01,2.874771952629089355e-01,5.256446003913879395e-01,3.697370588779449463e-01,2.313230186700820923e-01,5.250634551048278809e-01,4.617007672786712646e-01,3.842996358871459961e-01,4.289332926273345947e-01,4.989028871059417725e-01,4.483852088451385498e-01,4.191288948059082031e-01,3.561537563800811768e-01,2.732288837432861328e-01,3.895545303821563721e-01,3.137719333171844482e-01,2.119498997926712036e-01,3.598394691944122314e-01,3.320259451866149902e-01,2.315393537282943726e-01,3.262239694595336914e-01,1.853429526090621948e-01,1.069869622588157654e-01,2.852206826210021973e-01,1.930969506502151489e-01,1.465800851583480835e-01,1.602877080440521240e-01,1.601539999246597290e-01,1.753681451082229614e-01,1.602111756801605225e-01,6.023677438497543335e-02,5.731867998838424683e-02,1.603900641202926636e-01
7.420659065246582031e-01,1.000000000000000000e+00,8.963710069656372070e-01,8.521992564201354980e-01,6.140456795692443848e-01,4.133214354515075684e-01,8.186743259429931641e-01,3.119294345378875732e-01,3.629410564899444580e-01,8.075230121612548828e-01,6.175428628921508789e-01,5.014532804489135742e-01,7.630013823509216309e-01,6.284322738647460938e-01,4.954627156257629395e-01,7.081626653671264648e-01,5.743502378463745117e-01,4.276534616947174072e-01,6.619339585304260254e-01,5.432038903236389160e-01,3.917145133018493652e-01,6.507037878036499023e-01,5.831017494201660156e-01,5.016458034515380859e-01,5.444689393043518066e-01,6.047894358634948730e-01,5.528911948204040527e-01,5.390865206718444824e-01,4.700632691383361816e-01,3.597726821899414062e-01,5.071474909782409668e-01,4.392881095409393311e-01,3.191846609115600586e-01,4.742171764373779297e-01,4.309954345226287842e-01,3.089163303375244141e-01,4.276735186576843262e-01,2.611514627933502197e-01,1.585704535245895386e-01,3.762143254280090332e-01,2.496305555105209351e-01,1.752312183380126953e-01,1.876934617757797241e-01,1.486639380455017090e-01,1.572124660015106201e-01,1.875058710575103760e-01,1.392292380332946777e-01,1.305596381425857544e-01,1.924216598272323608e-01
6.815007925033569336e-01,8.963710069656372070e-01,1.000000119209289551e+00,8.030375838279724121e-01,5.958819389343261719e-01,4.466303884983062744e-01,7.753560543060302734e-01,2.636377811431884766e-01,3.328697979450225830e-01,7.691112756729125977e-01,6.293342113494873047e-01,5.290755033493041992e-01,7.308868169784545898e-01,5.956196784973144531e-01,4.813599884510040283e-01,7.028490304946899414e-01,5.901382565498352051e-01,4.629609286785125732e-01,6.649463176727294922e-01,5.526045560836791992e-01,4.137838184833526611e-01,6.548156142234802246e-01,5.723506808280944824e-01,4.682210683822631836e-01,5.132007002830505371e-01,5.786974430084228516e-01,5.571333765983581543e-01,5.122383236885070801e-01,4.470994174480438232e-01,3.438348472118377686e-01,4.860350787639617920e-01,4.257781505584716797e-01,3.149252831935882568e-01,4.570367634296417236e-01,4.242592155933380127e-01,3.131721019744873047e-01,4.130739569664001465e-01,2.558984458446502686e-01,1.560261398553848267e-01,3.623329102993011475e-01,2.286488413810729980e-01,1.614620089530944824e-01,1.694012433290481567e-01,1.242919713258743286e-01,1.329576820135116577e-01,1.692260503768920898e-01,9.832973778247833252e-02,8.879446238279342651e-02,1.718413382768630981e-01
8.742851614952087402e-01,8.521992564201354980e-01,8.030375838279724121e-01,1.000000000000000000e+00,6.598858237266540527e-01,4.783881902694702148e-01,9.915605187416076660e-01,6.461993455886840820e-01,6.238386631011962891e-01,9.795106649398803711e-01,7.217948436737060547e-01,5.811413526535034180e-01,8.976701498031616211e-01,7.284761071205139160e-01,5.665411353111267090e-01,8.182967901229858398e-01,6.805547475814819336e-01,5.035643577575683594e-01,7.683219909667968750e-01,6.074046492576599121e-01,4.358266294002532959e-01,7.581683397293090820e-01,6.772223114967346191e-01,5.715501904487609863e-01,6.221827864646911621e-01,6.413574814796447754e-01,5.651888251304626465e-01,6.118212342262268066e-01,5.431851744651794434e-01,4.266922175884246826e-01,5.780054926872253418e-01,5.075709819793701172e-01,3.733015358448028564e-01,5.430688261985778809e-01,4.889564514160156250e-01,3.475539386272430420e-01,4.937154054641723633e-01,3.009429574012756348e-01,1.821975558996200562e-01,4.356963336467742920e-01,2.955833375453948975e-01,2.146030068397521973e-01,2.343863397836685181e-01,1.925727874040603638e-01,2.036059945821762085e-01,2.342336028814315796e-01,1.234014630317687988e-01,1.147176399827003479e-01,2.369414865970611572e-01
3.621418774127960205e-01,6.140456795692443848e-01,5.958819389343261719e-01,6.598858237266540527e-01,9.999998807907104492e-01,8.635947108268737793e-01,6.937925219535827637e-01,3.218297362327575684e-01,4.227761030197143555e-01,7.105100750923156738e-01,8.311148881912231445e-01,7.784673571586608887e-01,7.858383655548095703e-01,8.353984951972961426e-01,7.788193821907043457e-01,8.139445781707763672e-01,7.822109460830688477e-01,6.771842241287231445e-01,7.994616031646728516e-01,7.149206399917602539e-01,5.734931230545043945e-01,7.770037651062011719e-01,6.900279521942138672e-01,5.581783056259155273e-01,5.987570881843566895e-01,5.473099350929260254e-01,4.653477966785430908e-01,5.947555899620056152e-01,5.742677450180053711e-01,4.625318348407745361e-01,5.767329931259155273e-01,5.636253356933593750e-01,4.619622230529785156e-01,5.530275106430053711e-01,5.026341676712036133e-01,3.719512522220611572e-01,5.034388899803161621e-01,3.383956253528594971e-01,2.121402621269226074e-01,4.471000432968139648e-01,2.937398552894592285e-01,2.025669515132904053e-01,2.147990167140960693e-01,1.375785619020462036e-01,1.402646005153656006e-01,2.145936191082000732e-01,1.145647093653678894e-01,1.032053977251052856e-01,2.172379493713378906e-01
2.227426171302795410e-01,4.133214354515075684e-01,4.466303884983062744e-01,4.783881902694702148e-01,8.635947108268737793e-01,1.000000000000000000e+00,5.522539019584655762e-01,2.467881143093109131e-01,3.881758749485015869e-01,5.754381418228149414e-01,7.633578777313232422e-01,7.344482541084289551e-01,6.413053870201110840e-01,6.894317269325256348e-01,6.866592168807983398e-01,7.029677629470825195e-01,7.050598263740539551e-01,6.485035419464111328e-01,7.130731940269470215e-01,6.577736735343933105e-01,5.439481139183044434e-01,7.020539641380310059e-01,6.288968324661254883e-01,4.636551439762115479e-01,4.870050847530364990e-01,4.205980002880096436e-01,3.516616523265838623e-01,4.859359264373779297e-01,4.803919196128845215e-01,3.935249745845794678e-01,4.787583947181701660e-01,4.760156273841857910e-01,4.045681655406951904e-01,4.651712179183959961e-01,4.338988959789276123e-01,3.245782256126403809e-01,4.285230934619903564e-01,2.960185408592224121e-01,1.900654584169387817e-01,3.843493759632110596e-01,2.454595565795898438e-01,1.666312068700790405e-01,1.650212854146957397e-01,9.113467484712600708e-02,9.432633966207504272e-02,1.648888289928436279e-01,8.272560685873031616e-02,7.259064167737960815e-02,1.663745939731597900e-01
8.491089344024658203e-01,8.186743259429931641e-01,7.753560543060302734e-01,9.915605187416076660e-01,6.937925219535827637e-01,5.522539019584655762e-01,1.000000000000000000e+00,6.703938245773315430e-01,6.589412689208984375e-01,9.922686815261840820e-01,7.675020098686218262e-01,6.322672367095947266e-01,9.204131364822387695e-01,7.613096237182617188e-01,6.069244146347045898e-01,8.503235578536987305e-01,7.202789187431335449e-01,5.464455485343933105e-01,8.053603172302246094e-01,6.453429460525512695e-01,4.712524414062500000e-01,7.960389256477355957e-01,7.141310572624206543e-01,5.959259271621704102e-01,6.448413133621215820e-01,6.465976834297180176e-01,5.634667873382568359e-01,6.341838240623474121e-01,5.699056982994079590e-01,4.523365199565887451e-01,6.018908023834228516e-01,5.320581197738647461e-01,3.964595198631286621e-01,5.675080418586730957e-01,5.108318328857421875e-01,3.644779324531555176e-01,5.176936984062194824e-01,3.192709684371948242e-01,1.949130147695541382e-01,4.582383930683135986e-01,3.119930624961853027e-01,2.261066585779190063e-01,2.447961270809173584e-01,1.985256671905517578e-01,2.097102701663970947e-01,2.446576505899429321e-01,1.259527653455734253e-01,1.169776245951652527e-01,2.472604066133499146e-01
5.010491609573364258e-01,3.119294345378875732e-01,2.636377811431884766e-01,6.461993455886840820e-01,3.218297362327575684e-01,2.467881143093109131e-01,6.703938245773315430e-01,1.000000000000000000e+00,8.377607464790344238e-01,6.641045212745666504e-01,4.321134388446807861e-01,3.331106901168823242e-01,5.559393167495727539e-01,4.529284536838531494e-01,3.618737161159515381e-01,4.854310750961303711e-01,3.950057923793792725e-01,2.831136286258697510e-01,4.544145464897155762e-01,3.387216627597808838e-01,2.447459846735000610e-01,4.497713148593902588e-01,4.032662808895111084e-01,3.409067988395690918e-01,3.651801645755767822e-01,2.993091940879821777e-01,2.267485857009887695e-01,3.541721403598785400e-01,3.286023736000061035e-01,2.738657593727111816e-01,3.355468213558197021e-01,3.009313941001892090e-01,2.169962972402572632e-01,3.168627917766571045e-01,2.811143994331359863e-01,1.930126994848251343e-01,2.910003364086151123e-01,1.725762039422988892e-01,1.043407618999481201e-01,2.587649524211883545e-01,1.835669130086898804e-01,1.320224553346633911e-01,1.467252820730209351e-01,1.361398398876190186e-01,1.317249834537506104e-01,1.467091143131256104e-01,9.464699774980545044e-02,9.032136201858520508e-02,1.495301127433776855e-01
4.446233808994293213e-01,3.629410564899444580e-01,3.328697979450225830e-01,6.238386631011962891e-01,4.227761030197143555e-01,3.881758749485015869e-01,6.589412689208984375e-01,8.377607464790344238e-01,1.000000000000000000e+00,7.024570703506469727e-01,5.947260856628417969e-01,5.011704564094543457e-01,6.327006220817565918e-01,5.469683408737182617e-01,4.737226068973541260e-01,5.971089005470275879e-01,5.184920430183410645e-01,4.107479155063629150e-01,5.801113247871398926e-01,4.757130146026611328e-01,3.778648972511291504e-01,5.814065933227539062e-01,5.315290689468383789e-01,4.175569415092468262e-01,4.346089959144592285e-01,3.607336282730102539e-01,2.805647552013397217e-01,4.277285933494567871e-01,3.970641791820526123e-01,3.270131051540374756e-01,4.129937291145324707e-01,3.743610978126525879e-01,2.857972383499145508e-01,3.954354226589202881e-01,3.537936508655548096e-01,2.519781291484832764e-01,3.675222098827362061e-01,2.303629517555236816e-01,1.429271697998046875e-01,3.292862772941589355e-01,2.283469587564468384e-01,1.559738069772720337e-01,1.618738472461700439e-01,1.254188865423202515e-01,1.236104071140289307e-01,1.618175208568572998e-01,1.189483329653739929e-01,1.121680811047554016e-01,1.657332330942153931e-01
8.208021521568298340e-01,8.075230121612548828e-01,7.691112756729125977e-01,9.795106649398803711e-01,7.105100750923156738e-01,5.754381418228149414e-01,9.922686815261840820e-01,6.641045212745666504e-01,7.024570703506469727e-01,1.000000119209289551e+00,8.056423664093017578e-01,6.723819375038146973e-01,9.385944008827209473e-01,7.908706068992614746e-01,6.401003599166870117e-01,8.762838244438171387e-01,7.514580488204956055e-01,5.779156684875488281e-01,8.345965147018432617e-01,6.760268807411193848e-01,5.013877749443054199e-01,8.261801004409790039e-01,7.439405322074890137e-01,6.167991161346435547e-01,6.643779873847961426e-01,6.565793752670288086e-01,5.696909427642822266e-01,6.541712880134582520e-01,5.914343595504760742e-01,4.720014035701751709e-01,6.231023073196411133e-01,5.534828305244445801e-01,4.166220128536224365e-01,5.891134142875671387e-01,5.305603742599487305e-01,3.805629909038543701e-01,5.388491153717041016e-01,3.350113928318023682e-01,2.056630253791809082e-01,4.777912795543670654e-01,3.255099058151245117e-01,2.343690097332000732e-01,2.519821226596832275e-01,2.005139142274856567e-01,2.112037092447280884e-01,2.518387734889984131e-01,1.334908604621887207e-01,1.237253695726394653e-01,2.547310292720794678e-01
4.466396272182464600e-01,6.175428628921508789e-01,6.293342113494873047e-01,7.217948436737060547e-01,8.311148881912231445e-01,7.633578777313232422e-01,7.675020098686218262e-01,4.321134388446807861e-01,5.947260856628417969e-01,8.056423664093017578e-01,9.999999403953552246e-01,9.353911876678466797e-01,9.032579660415649414e-01,9.068550467491149902e-01,8.417199850082397461e-01,9.299785494804382324e-01,8.687993288040161133e-01,7.532593011856079102e-01,9.212132692337036133e-01,8.258755207061767578e-01,6.764033436775207520e-01,9.100232720375061035e-01,8.414878249168395996e-01,6.840090155601501465e-01,7.135387659072875977e-01,6.359778642654418945e-01,5.346038341522216797e-01,7.093722224235534668e-01,6.694284081459045410e-01,5.519726276397705078e-01,6.921846270561218262e-01,6.477006077766418457e-01,5.285014510154724121e-01,6.660490632057189941e-01,5.934734940528869629e-01,4.357257783412933350e-01,6.134080290794372559e-01,4.138715267181396484e-01,2.666157484054565430e-01,5.512030720710754395e-01,3.784735202789306641e-01,2.633903324604034424e-01,2.744432389736175537e-01,1.835929602384567261e-01,1.857092529535293579e-01,2.742978632450103760e-01,1.637187302112579346e-01,1.499172449111938477e-01,2.786810696125030518e-01
3.079518079757690430e-01,5.014532804489135742e-01,5.290755033493041992e-01,5.811413526535034180e-01,7.784673571586608887e-01,7.344482541084289551e-01,6.322672367095947266e-01,3.331106901168823242e-01,5.011704564094543457e-01,6.723819375038146973e-01,9.353911876678466797e-01,9.999999403953552246e-01,8.351114988327026367e-01,8.727051019668579102e-01,8.447747230529785156e-01,8.881810903549194336e-01,8.618742823600769043e-01,7.811280488967895508e-01,8.931130766868591309e-01,8.359361290931701660e-01,7.127216458320617676e-01,8.803172707557678223e-01,8.201949596405029297e-01,6.807064414024353027e-01,7.031148076057434082e-01,6.116031408309936523e-01,5.063628554344177246e-01,7.003390192985534668e-01,6.765374541282653809e-01,5.647341012954711914e-01,6.886866688728332520e-01,6.536619067192077637e-01,5.441064834594726562e-01,6.654420495033264160e-01,5.976680517196655273e-01,4.471726715564727783e-01,6.150922179222106934e-01,4.267155826091766357e-01,2.824340760707855225e-01,5.563088655471801758e-01,3.892852365970611572e-01,2.720470428466796875e-01,2.808479964733123779e-01,1.840734928846359253e-01,1.821444332599639893e-01,2.807060778141021729e-01,1.725195646286010742e-01,1.572392135858535767e-01,2.854780256748199463e-01
6.764014363288879395e-01,7.630013823509216309e-01,7.308868169784545898e-01,8.976701498031616211e-01,7.858383655548095703e-01,6.413053870201110840e-01,9.204131364822387695e-01,5.559393167495727539e-01,6.327006220817565918e-01,9.385944008827209473e-01,9.032579660415649414e-01,8.351114988327026367e-01,9.999999403953552246e-01,9.195943474769592285e-01,7.923778295516967773e-01,9.695202112197875977e-01,8.651089072227478027e-01,7.024530172348022461e-01,9.387385845184326172e-01,8.019970059394836426e-01,6.267717480659484863e-01,9.260518550872802734e-01,8.567888736724853516e-01,7.371672391891479492e-01,7.826767563819885254e-01,7.456862330436706543e-01,6.360572576522827148e-01,7.733189463615417480e-01,7.118599414825439453e-01,5.772507786750793457e-01,7.442546486854553223e-01,6.757164001464843750e-01,5.282528996467590332e-01,7.090835571289062500e-01,6.350325942039489746e-01,4.644988179206848145e-01,6.517463326454162598e-01,4.225682318210601807e-01,2.690628767013549805e-01,5.831623673439025879e-01,4.109215438365936279e-01,2.966756820678710938e-01,3.173303902149200439e-01,2.438779622316360474e-01,2.522846758365631104e-01,3.171953856945037842e-01,1.828688383102416992e-01,1.697500646114349365e-01,3.218831419944763184e-01
4.387446343898773193e-01,6.284322738647460938e-01,5.956196784973144531e-01,7.284761071205139160e-01,8.353984951972961426e-01,6.894317269325256348e-01,7.613096237182617188e-01,4.529284536838531494e-01,5.469683408737182617e-01,7.908706068992614746e-01,9.068550467491149902e-01,8.727051019668579102e-01,9.195943474769592285e-01,9.999999403953552246e-01,9.188494086265563965e-01,9.371542334556579590e-01,8.624436855316162109e-01,7.294414639472961426e-01,9.153743386268615723e-01,8.170239925384521484e-01,6.668387055397033691e-01,8.979558944702148438e-01,8.286801576614379883e-01,7.233763337135314941e-01,7.650094628334045410e-01,6.822678446769714355e-01,5.648049712181091309e-01,7.567251920700073242e-01,7.193737626075744629e-01,5.973051190376281738e-01,7.358570694923400879e-01,6.960509419441223145e-01,5.682926177978515625e-01,7.060346007347106934e-01,6.305273175239562988e-01,4.666289091110229492e-01,6.472380161285400391e-01,4.333969354629516602e-01,2.802046835422515869e-01,5.807452797889709473e-01,4.088131189346313477e-01,2.865033447742462158e-01,3.068346679210662842e-01,2.221476882696151733e-01,2.236099839210510254e-01,3.067148029804229736e-01,1.957675516605377197e-01,1.819640696048736572e-01,3.126028478145599365e-01
2.757910192012786865e-01,4.954627156257629395e-01,4.813599884510040283e-01,5.665411353111267090e-01,7.788193821907043457e-01,6.866592168807983398e-01,6.069244146347045898e-01,3.618737161159515381e-01,4.737226068973541260e-01,6.401003599166870117e-01,8.417199850082397461e-01,8.447747230529785156e-01,7.923778295516967773e-01,9.188494086265563965e-01,1.000000119209289551e+00,8.773478269577026367e-01,8.380764722824096680e-01,7.636349201202392578e-01,8.733849525451660156e-01,8.175448775291442871e-01,7.123128175735473633e-01,8.567937612533569336e-01,7.811574935913085938e-01,6.773635745048522949e-01,7.068104743957519531e-01,5.873687267303466797e-01,4.710960090160369873e-01,7.026036977767944336e-01,6.828671097755432129e-01,5.883710980415344238e-01,6.936503648757934570e-01,6.769735813140869141e-01,5.848492980003356934e-01,6.735324859619140625e-01,6.031223535537719727e-01,4.564110338687896729e-01,6.195366382598876953e-01,4.325736761093139648e-01,2.890712916851043701e-01,5.603557825088500977e-01,3.926954269409179688e-01,2.632211744785308838e-01,2.766593992710113525e-01,1.846772432327270508e-01,1.814216375350952148e-01,2.765581309795379639e-01,2.002815753221511841e-01,1.866618990898132324e-01,2.834298908710479736e-01
5.733928680419921875e-01,7.081626653671264648e-01,7.028490304946899414e-01,8.182967901229858398e-01,8.139445781707763672e-01,7.029677629470825195e-01,8.503235578536987305e-01,4.854310750961303711e-01,5.971089005470275879e-01,8.762838244438171387e-01,9.299785494804382324e-01,8.881810903549194336e-01,9.695202112197875977e-01,9.371542334556579590e-01,8.773478269577026367e-01,1.000000000000000000e+00,9.268501996994018555e-01,7.955234050750732422e-01,9.852069020271301270e-01,8.770138621330261230e-01,7.177964448928833008e-01,9.735733270645141602e-01,8.991996645927429199e-01,7.593472003936767578e-01,8.002060651779174805e-01,7.358828783035278320e-01,6.211243271827697754e-01,7.940113544464111328e-01,7.452218532562255859e-01,6.156935691833496094e-01,7.725167870521545410e-01,7.137166261672973633e-01,5.767212510108947754e-01,7.414958477020263672e-01,6.665232777595520020e-01,4.944064915180206299e-01,6.837486028671264648e-01,4.583217799663543701e-01,2.989955842494964600e-01,6.151179075241088867e-01,4.302569031715393066e-01,3.027632534503936768e-01,3.194163143634796143e-01,2.321953028440475464e-01,2.360359877347946167e-01,3.192714154720306396e-01,1.944198310375213623e-01,1.789272576570510864e-01,3.246333301067352295e-01
4.409926533699035645e-01,5.743502378463745117e-01,5.901382565498352051e-01,6.805547475814819336e-01,7.822109460830688477e-01,7.050598263740539551e-01,7.202789187431335449e-01,3.950057923793792725e-01,5.184920430183410645e-01,7.514580488204956055e-01,8.687993288040161133e-01,8.618742823600769043e-01,8.651089072227478027e-01,8.624436855316162109e-01,8.380764722824096680e-01,9.268501996994018555e-01,9.999999403953552246e-01,9.101383686065673828e-01,9.466274976730346680e-01,8.710238337516784668e-01,7.321919798851013184e-01,9.310589432716369629e-01,8.571448922157287598e-01,7.031701207160949707e-01,7.390338182449340820e-01,6.671360135078430176e-01,5.635524988174438477e-01,7.366967201232910156e-01,7.161556482315063477e-01,5.970880985260009766e-01,7.240960597991943359e-01,6.886269450187683105e-01,5.717845559120178223e-01,6.993196606636047363e-01,6.380110979080200195e-01,4.800110757350921631e-01,6.465400457382202148e-01,4.437285959720611572e-01,2.937647402286529541e-01,5.838145017623901367e-01,4.023626148700714111e-01,2.773860096931457520e-01,2.883909344673156738e-01,1.879537105560302734e-01,1.907564252614974976e-01,2.881846725940704346e-01,1.641224622726440430e-01,1.472829431295394897e-01,2.923277020454406738e-01
2.874771952629089355e-01,4.276534616947174072e-01,4.629609286785125732e-01,5.035643577575683594e-01,6.771842241287231445e-01,6.485035419464111328e-01,5.464455485343933105e-01,2.831136286258697510e-01,4.107479155063629150e-01,5.779156684875488281e-01,7.532593011856079102e-01,7.811280488967895508e-01,7.024530172348022461e-01,7.294414639472961426e-01,7.636349201202392578e-01,7.955234050750732422e-01,9.101383686065673828e-01,9.999999403953552246e-01,8.618242144584655762e-01,8.234180212020874023e-01,7.221240401268005371e-01,8.455470800399780273e-01,7.760529518127441406e-01,6.207668781280517578e-01,6.431915760040283203e-01,5.536385178565979004e-01,4.670879840850830078e-01,6.457397937774658203e-01,6.442356109619140625e-01,5.563958287239074707e-01,6.456505656242370605e-01,6.229267716407775879e-01,5.417687892913818359e-01,6.305924057960510254e-01,5.907474160194396973e-01,4.572838544845581055e-01,5.882287025451660156e-01,4.217225015163421631e-01,2.875316739082336426e-01,5.370791554450988770e-01,3.679418861865997314e-01,2.399161607027053833e-01,2.444337457418441772e-01,1.384841352701187134e-01,1.366909593343734741e-01,2.442185133695602417e-01,1.423649489879608154e-01,1.275260746479034424e-01,2.479196041822433472e-01
5.256446003913879395e-01,6.619339585304260254e-01,6.649463176727294922e-01,7.683219909667968750e-01,7.994616031646728516e-01,7.130731940269470215e-01,8.053603172302246094e-01,4.544145464897155762e-01,5.801113247871398926e-01,8.345965147018432617e-01,9.212132692337036133e-01,8.931130766868591309e-01,9.387385845184326172e-01,9.153743386268615723e-01,8.733849525451660156e-01,9.852069020271301270e-01,9.466274976730346680e-01,8.618242144584655762e-01,1.000000000000000000e+00,9.083619713783264160e-01,7.569957375526428223e-01,9.915180802345275879e-01,9.267638921737670898e-01,7.759068608283996582e-01,8.108651041984558105e-01,7.320232391357421875e-01,6.139009594917297363e-01,8.071180582046508789e-01,7.626155018806457520e-01,6.349664926528930664e-01,7.907527089118957520e-01,7.339556217193603516e-01,6.027446389198303223e-01,7.636498212814331055e-01,6.946551799774169922e-01,5.220762491226196289e-01,7.094504833221435547e-01,4.862942099571228027e-01,3.236851394176483154e-01,6.432808041572570801e-01,4.526692628860473633e-01,3.135737478733062744e-01,3.271244466304779053e-01,2.254692614078521729e-01,2.280418574810028076e-01,3.269633054733276367e-01,2.042118608951568604e-01,1.875479370355606079e-01,3.327720165252685547e-01
3.697370588779449463e-01,5.432038903236389160e-01,5.526045560836791992e-01,6.074046492576599121e-01,7.149206399917602539e-01,6.577736735343933105e-01,6.453429460525512695e-01,3.387216627597808838e-01,4.757130146026611328e-01,6.760268807411193848e-01,8.258755207061767578e-01,8.359361290931701660e-01,8.019970059394836426e-01,8.170239925384521484e-01,8.175448775291442871e-01,8.770138621330261230e-01,8.710238337516784668e-01,8.234180212020874023e-01,9.083619713783264160e-01,1.000000119209289551e+00,8.998374938964843750e-01,9.159193038940429688e-01,8.608544468879699707e-01,7.105225324630737305e-01,7.349652647972106934e-01,6.444590091705322266e-01,5.327805280685424805e-01,7.352078557014465332e-01,7.157923579216003418e-01,6.068304181098937988e-01,7.282729148864746094e-01,6.824686527252197266e-01,5.725811719894409180e-01,7.069473266601562500e-01,6.435179710388183594e-01,4.873604178428649902e-01,6.573425531387329102e-01,4.685391485691070557e-01,3.270250558853149414e-01,6.016258001327514648e-01,4.220203161239624023e-01,2.823113799095153809e-01,2.858161330223083496e-01,1.717441976070404053e-01,1.687303036451339722e-01,2.856213748455047607e-01,2.152831852436065674e-01,1.955560743808746338e-01,2.928717732429504395e-01
2.313230186700820923e-01,3.917145133018493652e-01,4.137838184833526611e-01,4.358266294002532959e-01,5.734931230545043945e-01,5.439481139183044434e-01,4.712524414062500000e-01,2.447459846735000610e-01,3.778648972511291504e-01,5.013877749443054199e-01,6.764033436775207520e-01,7.127216458320617676e-01,6.267717480659484863e-01,6.668387055397033691e-01,7.123128175735473633e-01,7.177964448928833008e-01,7.321919798851013184e-01,7.221240401268005371e-01,7.569957375526428223e-01,8.998374938964843750e-01,9.999999403953552246e-01,7.918495535850524902e-01,7.455521821975708008e-01,6.194598078727722168e-01,6.331503987312316895e-01,5.264959335327148438e-01,4.280194640159606934e-01,6.371133327484130859e-01,6.274191737174987793e-01,5.481588840484619141e-01,6.382522583007812500e-01,5.988113880157470703e-01,5.216670632362365723e-01,6.279653906822204590e-01,5.691955089569091797e-01,4.424021542072296143e-01,5.898926854133605957e-01,4.489992260932922363e-01,3.383089601993560791e-01,5.513122081756591797e-01,3.959889113903045654e-01,2.602244019508361816e-01,2.589139640331268311e-01,1.368130892515182495e-01,1.308582276105880737e-01,2.587317526340484619e-01,2.135875076055526733e-01,1.910484433174133301e-01,2.662651538848876953e-01
5.250634551048278809e-01,6.507037878036499023e-01,6.548156142234802246e-01,7.581683397293090820e-01,7.770037651062011719e-01,7.020539641380310059e-01,7.960389256477355957e-01,4.497713148593902588e-01,5.814065933227539062e-01,8.261801004409790039e-01,9.100232720375061035e-01,8.803172707557678223e-01,9.260518550872802734e-01,8.979558944702148438e-01,8.567937612533569336e-01,9.735733270645141602e-01,9.310589432716369629e-01,8.455470800399780273e-01,9.915180802345275879e-01,9.159193038940429688e-01,7.918495535850524902e-01,1.000000000000000000e+00,9.439252018928527832e-01,7.937077283859252930e-01,8.259844183921813965e-01,7.392576932907104492e-01,6.181983947753906250e-01,8.232928514480590820e-01,7.763580679893493652e-01,6.496271491050720215e-01,8.088782429695129395e-01,7.462186813354492188e-01,6.161670088768005371e-01,7.844181060791015625e-01,7.132530808448791504e-01,5.402485132217407227e-01,7.322767972946166992e-01,5.133917331695556641e-01,3.514566719532012939e-01,6.693339347839355469e-01,4.764893054962158203e-01,3.310399055480957031e-01,3.429713547229766846e-01,2.296967208385467529e-01,2.318090647459030151e-01,3.428056240081787109e-01,2.134966850280761719e-01,1.947263926267623901e-01,3.487362265586853027e-01
4.617007672786712646e-01,5.831017494201660156e-01,5.723506808280944824e-01,6.772223114967346191e-01,6.900279521942138672e-01,6.288968324661254883e-01,7.141310572624206543e-01,4.032662808895111084e-01,5.315290689468383789e-01,7.439405322074890137e-01,8.414878249168395996e-01,8.201949596405029297e-01,8.567888736724853516e-01,8.286801576614379883e-01,7.811574935913085938e-01,8.991996645927429199e-01,8.571448922157287598e-01,7.760529518127441406e-01,9.267638921737670898e-01,8.608544468879699707e-01,7.455521821975708008e-01,9.439252018928527832e-01,1.000000000000000000e+00,8.897957205772399902e-01,8.979992866516113281e-01,7.876313924789428711e-01,6.411439776420593262e-01,8.966797590255737305e-01,8.313301205635070801e-01,6.968143582344055176e-01,8.855131268501281738e-01,8.086104393005371094e-01,6.675111055374145508e-01,8.653207421302795410e-01,7.919098734855651855e-01,6.130087971687316895e-01,8.222248554229736328e-01,6.002319455146789551e-01,4.267615079879760742e-01,7.654489278793334961e-01,5.819416642189025879e-01,4.128723442554473877e-01,4.290661215782165527e-01,2.823806405067443848e-01,2.804712057113647461e-01,4.289067089557647705e-01,2.749589681625366211e-01,2.512746751308441162e-01,4.369351565837860107e-01
3.842996358871459961e-01,5.016458034515380859e-01,4.682210683822631836e-01,5.715501904487609863e-01,5.581783056259155273e-01,4.636551439762115479e-01,5.959259271621704102e-01,3.409067988395690918e-01,4.175569415092468262e-01,6.167991161346435547e-01,6.840090155601501465e-01,6.807064414024353027e-01,7.371672391891479492e-01,7.233763337135314941e-01,6.773635745048522949e-01,7.593472003936767578e-01,7.031701207160949707e-01,6.207668781280517578e-01,7.759068608283996582e-01,7.105225324630737305e-01,6.194598078727722168e-01,7.937077283859252930e-01,8.897957205772399902e-01,1.000000119209289551e+00,9.755197167396545410e-01,8.302263617515563965e-01,6.655551791191101074e-01,9.726362228393554688e-01,8.790029287338256836e-01,7.478564977645874023e-01,9.637254476547241211e-01,8.653708696365356445e-01,7.211161851882934570e-01,9.484911561012268066e-01,8.611367940902709961e-01,6.904062628746032715e-01,9.175658226013183594e-01,7.113572955131530762e-01,5.327042937278747559e-01,8.741859197616577148e-01,7.289268374443054199e-01,5.505272150039672852e-01,5.788597464561462402e-01,3.822230398654937744e-01,3.734295964241027832e-01,5.787480473518371582e-01,3.506403267383575439e-01,3.192209601402282715e-01,5.885327458381652832e-01
4.289332926273345947e-01,5.444689393043518066e-01,5.132007002830505371e-01,6.221827864646911621e-01,5.987570881843566895e-01,4.870050847530364990e-01,6.448413133621215820e-01,3.651801645755767822e-01,4.346089959144592285e-01,6.643779873847961426e-01,7.135387659072875977e-01,7.031148076057434082e-01,7.826767563819885254e-01,7.650094628334045410e-01,7.068104743957519531e-01,8.002060651779174805e-01,7.390338182449340820e-01,6.431915760040283203e-01,8.108651041984558105e-01,7.349652647972106934e-01,6.331503987312316895e-01,8.259844183921813965e-01,8.979992866516113281e-01,9.755197167396545410e-01,1.000000000000000000e+00,8.672254681587219238e-01,7.003408074378967285e-01,9.963034391403198242e-01,9.075558185577392578e-01,7.646172642707824707e-01,9.846202135086059570e-01,8.911252021789550781e-01,7.371131181716918945e-01,9.669243693351745605e-01,8.821128010749816895e-01,7.024601101875305176e-01,9.322021603584289551e-01,7.207092642784118652e-01,5.341016054153442383e-01,8.842945098876953125e-01,7.359125614166259766e-01,5.634455084800720215e-01,5.924258828163146973e-01,3.979311287403106689e-01,3.918391466140747070e-01,5.923111438751220703e-01,3.434874415397644043e-01,3.115894794464111328e-01,6.012523770332336426e-01
4.989028871059417725e-01,6.047894358634948730e-01,5.786974430084228516e-01,6.413574814796447754e-01,5.473099350929260254e-01,4.205980002880096436e-01,6.465976834297180176e-01,2.993091940879821777e-01,3.607336282730102539e-01,6.565793752670288086e-01,6.359778642654418945e-01,6.116031408309936523e-01,7.456862330436706543e-01,6.822678446769714355e-01,5.873687267303466797e-01,7.358828783035278320e-01,6.671360135078430176e-01,5.536385178565979004e-01,7.320232391357421875e-01,6.444590091705322266e-01,5.264959335327148438e-01,7.392576932907104492e-01,7.876313924789428711e-01,8.302263617515563965e-01,8.672254681587219238e-01,9.999999403953552246e-01,8.888050317764282227e-01,8.704691529273986816e-01,7.882519364356994629e-01,6.342580318450927734e-01,8.446759581565856934e-01,7.422199249267578125e-01,5.920814275741577148e-01,8.139002323150634766e-01,7.393502593040466309e-01,5.676972270011901855e-01,7.675321102142333984e-01,5.534175634384155273e-01,3.884630799293518066e-01,7.109155058860778809e-01,5.599082112312316895e-01,4.392251372337341309e-01,4.607565104961395264e-01,3.451440334320068359e-01,3.501477837562561035e-01,4.606510400772094727e-01,2.473185062408447266e-01,2.265788614749908447e-01,4.663263559341430664e-01
4.483852088451385498e-01,5.528911948204040527e-01,5.571333765983581543e-01,5.651888251304626465e-01,4.653477966785430908e-01,3.516616523265838623e-01,5.634667873382568359e-01,2.267485857009887695e-01,2.805647552013397217e-01,5.696909427642822266e-01,5.346038341522216797e-01,5.063628554344177246e-01,6.360572576522827148e-01,5.648049712181091309e-01,4.710960090160369873e-01,6.211243271827697754e-01,5.635524988174438477e-01,4.670879840850830078e-01,6.139009594917297363e-01,5.327805280685424805e-01,4.280194640159606934e-01,6.181983947753906250e-01,6.411439776420593262e-01,6.655551791191101074e-01,7.003408074378967285e-01,8.888050317764282227e-01,1.000000119209289551e+00,7.194961905479431152e-01,6.442714929580688477e-01,5.257968902587890625e-01,6.934645175933837891e-01,5.946324467658996582e-01,4.832966029644012451e-01,6.650629043579101562e-01,6.002734303474426270e-01,4.728648066520690918e-01,6.246146559715270996e-01,4.416165351867675781e-01,3.095163702964782715e-01,5.745544433593750000e-01,4.343469738960266113e-01,3.462402820587158203e-01,3.629420697689056396e-01,2.709642052650451660e-01,2.795007824897766113e-01,3.628309369087219238e-01,1.544534415006637573e-01,1.370395272970199585e-01,3.646543622016906738e-01
4.191288948059082031e-01,5.390865206718444824e-01,5.122383236885070801e-01,6.118212342262268066e-01,5.947555899620056152e-01,4.859359264373779297e-01,6.341838240623474121e-01,3.541721403598785400e-01,4.277285933494567871e-01,6.541712880134582520e-01,7.093722224235534668e-01,7.003390192985534668e-01,7.733189463615417480e-01,7.567251920700073242e-01,7.026036977767944336e-01,7.940113544464111328e-01,7.366967201232910156e-01,6.457397937774658203e-01,8.071180582046508789e-01,7.352078557014465332e-01,6.371133327484130859e-01,8.232928514480590820e-01,8.966797590255737305e-01,9.726362228393554688e-01,9.963034391403198242e-01,8.704691529273986816e-01,7.194961905479431152e-01,1.000000000000000000e+00,9.086224436759948730e-01,7.659634947776794434e-01,9.905546903610229492e-01,8.966208696365356445e-01,7.461403012275695801e-01,9.755923151969909668e-01,8.903862237930297852e-01,7.124117016792297363e-01,9.435940980911254883e-01,7.375448942184448242e-01,5.502362847328186035e-01,8.978586196899414062e-01,7.501083016395568848e-01,5.748847126960754395e-01,6.032021045684814453e-01,4.034157395362854004e-01,3.974967002868652344e-01,6.030935049057006836e-01,3.437595665454864502e-01,3.116340041160583496e-01,6.117385029792785645e-01
3.561537563800811768e-01,4.700632691383361816e-01,4.470994174480438232e-01,5.431851744651794434e-01,5.742677450180053711e-01,4.803919196128845215e-01,5.699056982994079590e-01,3.286023736000061035e-01,3.970641791820526123e-01,5.914343595504760742e-01,6.694284081459045410e-01,6.765374541282653809e-01,7.118599414825439453e-01,7.193737626075744629e-01,6.828671097755432129e-01,7.452218532562255859e-01,7.161556482315063477e-01,6.442356109619140625e-01,7.626155018806457520e-01,7.157923579216003418e-01,6.274191737174987793e-01,7.763580679893493652e-01,8.313301205635070801e-01,8.790029287338256836e-01,9.075558185577392578e-01,7.882519364356994629e-01,6.442714929580688477e-01,9.086224436759948730e-01,1.000000119209289551e+00,8.919621706008911133e-01,9.165641069412231445e-01,8.512554764747619629e-01,7.108161449432373047e-01,8.939178586006164551e-01,8.126404881477355957e-01,6.325743794441223145e-01,8.485723137855529785e-01,6.497526764869689941e-01,4.740861654281616211e-01,7.984147071838378906e-01,6.348659992218017578e-01,4.617359936237335205e-01,4.782592356204986572e-01,2.975906431674957275e-01,2.896092832088470459e-01,4.781052768230438232e-01,2.869117259979248047e-01,2.579762041568756104e-01,4.860433936119079590e-01
2.732288837432861328e-01,3.597726821899414062e-01,3.438348472118377686e-01,4.266922175884246826e-01,4.625318348407745361e-01,3.935249745845794678e-01,4.523365199565887451e-01,2.738657593727111816e-01,3.270131051540374756e-01,4.720014035701751709e-01,5.519726276397705078e-01,5.647341012954711914e-01,5.772507786750793457e-01,5.973051190376281738e-01,5.883710980415344238e-01,6.156935691833496094e-01,5.970880985260009766e-01,5.563958287239074707e-01,6.349664926528930664e-01,6.068304181098937988e-01,5.481588840484619141e-01,6.496271491050720215e-01,6.968143582344055176e-01,7.478564977645874023e-01,7.646172642707824707e-01,6.342580318450927734e-01,5.257968902587890625e-01,7.659634947776794434e-01,8.919621706008911133e-01,1.000000000000000000e+00,8.071467876434326172e-01,7.307557463645935059e-01,6.321708559989929199e-01,7.864072918891906738e-01,6.992294192314147949e-01,5.601305961608886719e-01,7.466037273406982422e-01,5.732393860816955566e-01,4.301323890686035156e-01,7.060541510581970215e-01,5.520977973937988281e-01,3.762060105800628662e-01,3.876137733459472656e-01,2.420116215944290161e-01,2.292072325944900513e-01,3.875093460083007812e-01,2.472143322229385376e-01,2.228226363658905029e-01,3.949645459651947021e-01
3.895545303821563721e-01,5.071474909782409668e-01,4.860350787639617920e-01,5.780054926872253418e-01,5.767329931259155273e-01,4.787583947181701660e-01,6.018908023834228516e-01,3.355468213558197021e-01,4.129937291145324707e-01,6.231023073196411133e-01,6.921846270561218262e-01,6.886866688728332520e-01,7.442546486854553223e-01,7.358570694923400879e-01,6.936503648757934570e-01,7.725167870521545410e-01,7.240960597991943359e-01,6.456505656242370605e-01,7.907527089118957520e-01,7.282729148864746094e-01,6.382522583007812500e-01,8.088782429695129395e-01,8.855131268501281738e-01,9.637254476547241211e-01,9.846202135086059570e-01,8.446759581565856934e-01,6.934645175933837891e-01,9.905546903610229492e-01,9.165641069412231445e-01,8.071467876434326172e-01,1.000000000000000000e+00,9.031813144683837891e-01,7.585185170173645020e-01,9.880349636077880859e-01,8.986763954162597656e-01,7.251580357551574707e-01,9.594380259513854980e-01,7.648086547851562500e-01,5.802622437477111816e-01,9.192229509353637695e-01,7.747796773910522461e-01,5.877410769462585449e-01,6.137476563453674316e-01,4.020023345947265625e-01,3.937570750713348389e-01,6.136451959609985352e-01,3.552328646183013916e-01,3.207004964351654053e-01,6.227853298187255859e-01
3.137719333171844482e-01,4.392881095409393311e-01,4.257781505584716797e-01,5.075709819793701172e-01,5.636253356933593750e-01,4.760156273841857910e-01,5.320581197738647461e-01,3.009313941001892090e-01,3.743610978126525879e-01,5.534828305244445801e-01,6.477006077766418457e-01,6.536619067192077637e-01,6.757164001464843750e-01,6.960509419441223145e-01,6.769735813140869141e-01,7.137166261672973633e-01,6.886269450187683105e-01,6.229267716407775879e-01,7.339556217193603516e-01,6.824686527252197266e-01,5.988113880157470703e-01,7.462186813354492188e-01,8.086104393005371094e-01,8.653708696365356445e-01,8.911252021789550781e-01,7.422199249267578125e-01,5.946324467658996582e-01,8.966208696365356445e-01,8.512554764747619629e-01,7.307557463645935059e-01,9.031813144683837891e-01,1.000000000000000000e+00,8.867349624633789062e-01,9.100658297538757324e-01,8.360577821731567383e-01,6.530420184135437012e-01,8.701161742210388184e-01,7.049875259399414062e-01,5.328933000564575195e-01,8.295280337333679199e-01,6.754800677299499512e-01,5.111657977104187012e-01,5.256428122520446777e-01,3.256466090679168701e-01,3.182452619075775146e-01,5.255352258682250977e-01,2.670779526233673096e-01,2.373915761709213257e-01,5.309281945228576660e-01
