9.766832560179721234e-01,5.925193160408073201e-01,6.034545417419151514e-01,4.388636150272380299e-01,3.834496907367371810e-01,3.297820698149561691e-01,3.087190169931633421e-01
5.925193160408073201e-01,9.874584052627193298e-01,7.923722781341323573e-01,6.257837344479313391e-01,5.715558250627692516e-01,5.056239540147061673e-01,4.522149311796319071e-01
6.034545417419151514e-01,7.923722781341323573e-01,9.942448084862625102e-01,9.276787658390333036e-01,8.979711806101735583e-01,8.406436744091976276e-01,7.208144047245503838e-01
4.388636150272380299e-01,6.257837344479313391e-01,9.276787658390333036e-01,9.906603426729518880e-01,9.654091687714614345e-01,9.183386757363559694e-01,7.847842880848936442e-01
3.834496907367371810e-01,5.715558250627692516e-01,8.979711806101735583e-01,9.654091687714614345e-01,9.878288845632682280e-01,9.358483184283892253e-01,8.353127540661549055e-01
3.297820698149561691e-01,5.056239540147061673e-01,8.406436744091976276e-01,9.183386757363559694e-01,9.358483184283892253e-01,9.847850708507694950e-01,8.450009573812334862e-01
3.087190169931633421e-01,4.522149311796319071e-01,7.208144047245503838e-01,7.847842880848936442e-01,8.353127540661549055e-01,8.450009573812334862e-01,9.502553225308647544e-01
