9.999999403953552246e-01,8.927972912788391113e-01,8.186994194984436035e-01,8.764027357101440430e-01,4.346403181552886963e-01,3.498127162456512451e-01,8.449907302856445312e-01,4.691163003444671631e-01,2.984666526317596436e-01,8.357105255126953125e-01,4.530735015869140625e-01,2.880891561508178711e-01,6.360149979591369629e-01,4.686020016670227051e-01,3.410250544548034668e-01,5.259714126586914062e-01,4.261359870433807373e-01,2.949738204479217529e-01,4.819662868976593018e-01,3.831301331520080566e-01,2.375334948301315308e-01,4.057317078113555908e-01,2.497480958700180054e-01,2.126309126615524292e-01,2.127771824598312378e-01,4.772361740469932556e-02,3.397417441010475159e-02,2.049863189458847046e-01,9.368732571601867676e-02,8.249957114458084106e-02,2.025490999221801758e-01,4.129737988114356995e-02,3.542488813400268555e-02,1.981604099273681641e-01,5.541003495454788208e-02,3.388119488954544067e-02,1.968034207820892334e-01,5.902223661541938782e-02,4.847577586770057678e-02,1.962432861328125000e-01,1.520444303750991821e-01,1.186275407671928406e-01,1.795018762350082397e-01,2.016842961311340332e-01,1.944880634546279907e-01,1.801294535398483276e-01,1.246507018804550171e-01,8.406359702348709106e-02,1.804237663745880127e-01
8.927972912788391113e-01,1.000000000000000000e+00,9.037633538246154785e-01,8.735393285751342773e-01,4.550671577453613281e-01,3.767423033714294434e-01,8.562294840812683105e-01,5.262092351913452148e-01,3.401740789413452148e-01,8.454951643943786621e-01,4.907820522785186768e-01,3.423432409763336182e-01,6.661016345024108887e-01,5.029127001762390137e-01,3.866432309150695801e-01,5.661722421646118164e-01,4.681314229965209961e-01,3.386395573616027832e-01,5.228332877159118652e-01,4.231826066970825195e-01,2.806936204433441162e-01,4.490846991539001465e-01,2.929845750331878662e-01,2.580445408821105957e-01,2.558877170085906982e-01,5.137554556131362915e-02,3.453785181045532227e-02,2.464958578348159790e-01,1.066735535860061646e-01,9.316843748092651367e-02,2.437326312065124512e-01,4.552662372589111328e-02,3.887247666716575623e-02,2.383249849081039429e-01,6.009391322731971741e-02,3.751533105969429016e-02,2.365289777517318726e-01,6.700494140386581421e-02,5.632577463984489441e-02,2.358743250370025635e-01,1.941333711147308350e-01,1.500463336706161499e-01,2.210456579923629761e-01,2.275959551334381104e-01,2.252908796072006226e-01,2.233982086181640625e-01,1.416863054037094116e-01,9.778805822134017944e-02,2.237397432327270508e-01
8.186994194984436035e-01,9.037633538246154785e-01,1.000000000000000000e+00,8.807001709938049316e-01,4.938617944717407227e-01,4.216613769531250000e-01,8.752009272575378418e-01,5.810841321945190430e-01,4.180124104022979736e-01,8.654104471206665039e-01,5.783531069755554199e-01,4.200577437877655029e-01,6.890621185302734375e-01,5.310481786727905273e-01,4.241837859153747559e-01,6.140586733818054199e-01,5.221670269966125488e-01,3.941170275211334229e-01,5.788331627845764160e-01,4.810370206832885742e-01,3.277431726455688477e-01,5.051004886627197266e-01,3.249975442886352539e-01,2.643079459667205811e-01,2.635532021522521973e-01,5.685571208596229553e-02,3.845066204667091370e-02,2.539089322090148926e-01,1.046338975429534912e-01,9.284672886133193970e-02,2.507630288600921631e-01,5.465611442923545837e-02,4.812714457511901855e-02,2.455286830663681030e-01,6.519822776317596436e-02,4.307540878653526306e-02,2.437440305948257446e-01,7.385822385549545288e-02,6.152324378490447998e-02,2.431287765502929688e-01,1.987390965223312378e-01,1.529794782400131226e-01,2.198252230882644653e-01,2.395218610763549805e-01,2.464503645896911621e-01,2.220443934202194214e-01,1.439916044473648071e-01,1.026184484362602234e-01,2.223866432905197144e-01
8.764027357101440430e-01,8.735393285751342773e-01,8.807001709938049316e-01,1.000000000000000000e+00,7.250921130180358887e-01,6.182274818420410156e-01,9.835786819458007812e-01,7.205132246017456055e-01,5.090327262878417969e-01,9.779525995254516602e-01,7.068966627120971680e-01,5.439196228981018066e-01,8.459954857826232910e-01,7.269850373268127441e-01,6.022344231605529785e-01,7.556795477867126465e-01,6.396369934082031250e-01,4.850468039512634277e-01,7.008839249610900879e-01,5.743086338043212891e-01,3.931162953376770020e-01,6.036208271980285645e-01,3.796752095222473145e-01,3.012537062168121338e-01,3.017556667327880859e-01,7.485470175743103027e-02,5.361973866820335388e-02,2.918952703475952148e-01,1.211028695106506348e-01,1.060040891170501709e-01,2.883593738079071045e-01,6.953107565641403198e-02,5.862378701567649841e-02,2.827865481376647949e-01,8.511050790548324585e-02,5.474101752042770386e-02,2.811605334281921387e-01,1.034733951091766357e-01,8.717979490756988525e-02,2.811014652252197266e-01,2.209585309028625488e-01,1.648642569780349731e-01,2.477562427520751953e-01,2.535239756107330322e-01,2.534877657890319824e-01,2.493478208780288696e-01,1.838104128837585449e-01,1.419194638729095459e-01,2.499297261238098145e-01
4.346403181552886963e-01,4.550671577453613281e-01,4.938617944717407227e-01,7.250921130180358887e-01,1.000000000000000000e+00,9.281120300292968750e-01,7.533989548683166504e-01,7.241495251655578613e-01,5.529798269271850586e-01,7.475755810737609863e-01,7.042064070701599121e-01,6.357417702674865723e-01,7.429001927375793457e-01,7.789798378944396973e-01,7.167258262634277344e-01,7.227001786231994629e-01,6.255459785461425781e-01,5.045742392539978027e-01,6.653552055358886719e-01,5.308846235275268555e-01,3.866446614265441895e-01,5.705233812332153320e-01,3.490389585494995117e-01,2.715080976486206055e-01,2.775422632694244385e-01,9.791858494281768799e-02,7.206061482429504395e-02,2.701413631439208984e-01,1.167252063751220703e-01,1.047828122973442078e-01,2.662745118141174316e-01,7.296980172395706177e-02,6.262885779142379761e-02,2.611756920814514160e-01,9.478724002838134766e-02,5.823597684502601624e-02,2.604570686817169189e-01,1.088397800922393799e-01,9.723912924528121948e-02,2.610538303852081299e-01,1.869922727346420288e-01,1.262493282556533813e-01,2.132443189620971680e-01,2.107762098312377930e-01,2.121359556913375854e-01,2.158391326665878296e-01,2.099365293979644775e-01,1.707067936658859253e-01,2.167045474052429199e-01
3.498127162456512451e-01,3.767423033714294434e-01,4.216613769531250000e-01,6.182274818420410156e-01,9.281120300292968750e-01,9.999998807907104492e-01,6.659188866615295410e-01,6.608303189277648926e-01,5.471832752227783203e-01,6.605376005172729492e-01,6.271690130233764648e-01,5.790557265281677246e-01,6.445121765136718750e-01,6.783444881439208984e-01,6.340388059616088867e-01,6.454928517341613770e-01,5.632007122039794922e-01,4.687095880508422852e-01,6.060646176338195801e-01,4.868267476558685303e-01,3.633581995964050293e-01,5.274871587753295898e-01,3.263628780841827393e-01,2.492965161800384521e-01,2.549064159393310547e-01,9.636712074279785156e-02,7.182054966688156128e-02,2.482790201902389526e-01,1.144915372133255005e-01,1.030121147632598877e-01,2.445733100175857544e-01,7.505806535482406616e-02,6.718009710311889648e-02,2.404073178768157959e-01,8.342134207487106323e-02,5.251057446002960205e-02,2.393331229686737061e-01,9.609182178974151611e-02,8.817183971405029297e-02,2.396665066480636597e-01,1.669707894325256348e-01,1.121531277894973755e-01,1.910353600978851318e-01,1.958710849285125732e-01,1.936360895633697510e-01,1.938917636871337891e-01,1.915705353021621704e-01,1.532982438802719116e-01,1.946588903665542603e-01
8.449907302856445312e-01,8.562294840812683105e-01,8.752009272575378418e-01,9.835786819458007812e-01,7.533989548683166504e-01,6.659188866615295410e-01,1.000000000000000000e+00,7.711113691329956055e-01,5.722337961196899414e-01,9.957937002182006836e-01,7.694364190101623535e-01,6.118055582046508789e-01,8.805933594703674316e-01,7.670139074325561523e-01,6.492822170257568359e-01,8.028395175933837891e-01,6.889338493347167969e-01,5.361124873161315918e-01,7.490454912185668945e-01,6.198366284370422363e-01,4.315665960311889648e-01,6.496418714523315430e-01,4.107458293437957764e-01,3.206421732902526855e-01,3.215987384319305420e-01,8.624473214149475098e-02,6.290971487760543823e-02,3.116730749607086182e-01,1.286335587501525879e-01,1.130835637450218201e-01,3.078719675540924072e-01,7.635243982076644897e-02,6.533065438270568848e-02,3.021655082702636719e-01,9.153728932142257690e-02,5.964610725641250610e-02,3.003613054752349854e-01,1.103093996644020081e-01,9.394146502017974854e-02,3.003032803535461426e-01,2.363985478878021240e-01,1.760231107473373413e-01,2.612600624561309814e-01,2.657918632030487061e-01,2.655426263809204102e-01,2.629156112670898438e-01,1.917369514703750610e-01,1.492353975772857666e-01,2.635057568550109863e-01
4.691163003444671631e-01,5.262092351913452148e-01,5.810841321945190430e-01,7.205132246017456055e-01,7.241495251655578613e-01,6.608303189277648926e-01,7.711113691329956055e-01,1.000000119209289551e+00,8.331655859947204590e-01,7.883193492889404297e-01,8.528655171394348145e-01,7.635213732719421387e-01,8.142710328102111816e-01,8.100851774215698242e-01,7.539544701576232910e-01,8.186445236206054688e-01,7.568783760070800781e-01,6.406823396682739258e-01,7.776992321014404297e-01,6.654013395309448242e-01,5.004071593284606934e-01,6.884418725967407227e-01,4.405115544795989990e-01,3.155008554458618164e-01,3.141875863075256348e-01,8.786934614181518555e-02,6.655512750148773193e-02,3.058978021144866943e-01,1.126496568322181702e-01,9.743238240480422974e-02,3.021673858165740967e-01,7.605165988206863403e-02,6.517554819583892822e-02,2.970489859580993652e-01,9.761680662631988525e-02,6.502101570367813110e-02,2.955509722232818604e-01,1.026446968317031860e-01,9.008516371250152588e-02,2.952222526073455811e-01,2.479332685470581055e-01,1.760331988334655762e-01,2.511062920093536377e-01,2.300232499837875366e-01,2.381505519151687622e-01,2.546811103820800781e-01,1.907436251640319824e-01,1.651671975851058960e-01,2.553464472293853760e-01
2.984666526317596436e-01,3.401740789413452148e-01,4.180124104022979736e-01,5.090327262878417969e-01,5.529798269271850586e-01,5.471832752227783203e-01,5.722337961196899414e-01,8.331655859947204590e-01,1.000000000000000000e+00,6.114668846130371094e-01,7.330533862113952637e-01,6.715185046195983887e-01,6.448327302932739258e-01,6.348442435264587402e-01,6.057810783386230469e-01,6.841471791267395020e-01,6.624258756637573242e-01,5.851876139640808105e-01,6.718081235885620117e-01,5.860139131546020508e-01,4.390740394592285156e-01,6.006704568862915039e-01,3.754171729087829590e-01,2.395881265401840210e-01,2.395645081996917725e-01,6.825516372919082642e-02,5.256186425685882568e-02,2.333559095859527588e-01,9.316670894622802734e-02,8.020021021366119385e-02,2.308287471532821655e-01,6.628857553005218506e-02,5.795363709330558777e-02,2.274576574563980103e-01,8.107249438762664795e-02,5.791272595524787903e-02,2.262954115867614746e-01,8.304737508296966553e-02,7.147639244794845581e-02,2.259195595979690552e-01,1.848180443048477173e-01,1.303860545158386230e-01,1.778392344713211060e-01,1.695123612880706787e-01,1.682863980531692505e-01,1.781816631555557251e-01,1.246486231684684753e-01,1.073194667696952820e-01,1.785470545291900635e-01
8.357105255126953125e-01,8.454951643943786621e-01,8.654104471206665039e-01,9.779525995254516602e-01,7.475755810737609863e-01,6.605376005172729492e-01,9.957937002182006836e-01,7.883193492889404297e-01,6.114668846130371094e-01,1.000000000000000000e+00,7.966701984405517578e-01,6.434081196784973145e-01,8.992925882339477539e-01,7.864204049110412598e-01,6.718307733535766602e-01,8.274939656257629395e-01,7.193405032157897949e-01,5.678540468215942383e-01,7.767897248268127441e-01,6.469637155532836914e-01,4.537644684314727783e-01,6.766209006309509277e-01,4.299339056015014648e-01,3.314075767993927002e-01,3.318931758403778076e-01,8.875111490488052368e-02,6.504269689321517944e-02,3.218787014484405518e-01,1.315578073263168335e-01,1.151625216007232666e-01,3.180613219738006592e-01,8.006851375102996826e-02,6.780937314033508301e-02,3.123289346694946289e-01,9.426650404930114746e-02,6.196394935250282288e-02,3.103990554809570312e-01,1.146212890744209290e-01,9.679738432168960571e-02,3.103080391883850098e-01,2.461986690759658813e-01,1.835167258977890015e-01,2.687105834484100342e-01,2.699864208698272705e-01,2.693029046058654785e-01,2.701099812984466553e-01,1.917144507169723511e-01,1.502021700143814087e-01,2.706837654113769531e-01
4.530735015869140625e-01,4.907820522785186768e-01,5.783531069755554199e-01,7.068966627120971680e-01,7.042064070701599121e-01,6.271690130233764648e-01,7.694364190101623535e-01,8.528655171394348145e-01,7.330533862113952637e-01,7.966701984405517578e-01,1.000000119209289551e+00,9.193836450576782227e-01,9.106387495994567871e-01,8.926979303359985352e-01,8.441643714904785156e-01,9.240160584449768066e-01,8.699610233306884766e-01,7.616343498229980469e-01,8.941348195075988770e-01,7.846140265464782715e-01,5.939440727233886719e-01,8.035570979118347168e-01,5.326992869377136230e-01,3.792736530303955078e-01,3.770621120929718018e-01,1.078231930732727051e-01,7.932783663272857666e-02,3.681063354015350342e-01,1.233291700482368469e-01,1.047718003392219543e-01,3.642407655715942383e-01,1.002176851034164429e-01,8.429598808288574219e-02,3.591157197952270508e-01,1.139022260904312134e-01,7.785472273826599121e-02,3.569639623165130615e-01,1.379094719886779785e-01,1.130381301045417786e-01,3.568875789642333984e-01,3.064794540405273438e-01,2.261085361242294312e-01,3.035459518432617188e-01,2.681725025177001953e-01,2.794893980026245117e-01,3.056720495223999023e-01,1.734636425971984863e-01,1.458959579467773438e-01,3.060685396194458008e-01
2.880891561508178711e-01,3.423432409763336182e-01,4.200577437877655029e-01,5.439196228981018066e-01,6.357417702674865723e-01,5.790557265281677246e-01,6.118055582046508789e-01,7.635213732719421387e-01,6.715185046195983887e-01,6.434081196784973145e-01,9.193836450576782227e-01,1.000000119209289551e+00,8.540647625923156738e-01,8.659801483154296875e-01,8.504195809364318848e-01,8.919975161552429199e-01,8.656747937202453613e-01,7.870405912399291992e-01,8.682431578636169434e-01,7.695444822311401367e-01,6.099845767021179199e-01,7.899709939956665039e-01,5.463477969169616699e-01,4.037328660488128662e-01,3.998470306396484375e-01,1.233305633068084717e-01,9.171214699745178223e-02,3.916125893592834473e-01,1.283260881900787354e-01,1.079385131597518921e-01,3.878328800201416016e-01,1.093023940920829773e-01,9.023158252239227295e-02,3.828344047069549561e-01,1.187127903103828430e-01,8.105669915676116943e-02,3.804890811443328857e-01,1.503784954547882080e-01,1.210507899522781372e-01,3.804922997951507568e-01,3.312010467052459717e-01,2.483710199594497681e-01,3.272168934345245361e-01,2.781193852424621582e-01,2.902050018310546875e-01,3.294064402580261230e-01,1.728672683238983154e-01,1.474090963602066040e-01,3.297435045242309570e-01
6.360149979591369629e-01,6.661016345024108887e-01,6.890621185302734375e-01,8.459954857826232910e-01,7.429001927375793457e-01,6.445121765136718750e-01,8.805933594703674316e-01,8.142710328102111816e-01,6.448327302932739258e-01,8.992925882339477539e-01,9.106387495994567871e-01,8.540647625923156738e-01,1.000000000000000000e+00,9.369193911552429199e-01,8.459119796752929688e-01,9.621031880378723145e-01,8.786349892616271973e-01,7.367338538169860840e-01,9.191063642501831055e-01,7.940416932106018066e-01,5.928685665130615234e-01,8.214238882064819336e-01,5.595155954360961914e-01,4.341806471347808838e-01,4.312766194343566895e-01,1.232489943504333496e-01,9.029325097799301147e-02,4.206654429435729980e-01,1.473159193992614746e-01,1.241808086633682251e-01,4.163163006305694580e-01,1.130432039499282837e-01,9.161446243524551392e-02,4.102742075920104980e-01,1.205068826675415039e-01,8.067613095045089722e-02,4.075478315353393555e-01,1.569781154394149780e-01,1.261463165283203125e-01,4.075575768947601318e-01,3.442946374416351318e-01,2.619569301605224609e-01,3.605244755744934082e-01,3.273484110832214355e-01,3.323141336441040039e-01,3.628275990486145020e-01,1.990045458078384399e-01,1.611632555723190308e-01,3.632321357727050781e-01
4.686020016670227051e-01,5.029127001762390137e-01,5.310481786727905273e-01,7.269850373268127441e-01,7.789798378944396973e-01,6.783444881439208984e-01,7.670139074325561523e-01,8.100851774215698242e-01,6.348442435264587402e-01,7.864204049110412598e-01,8.926979303359985352e-01,8.659801483154296875e-01,9.369193911552429199e-01,1.000000000000000000e+00,9.339313507080078125e-01,9.411951303482055664e-01,8.662286996841430664e-01,7.434719204902648926e-01,8.960762619972229004e-01,7.750007510185241699e-01,5.948228240013122559e-01,8.012312054634094238e-01,5.495897531509399414e-01,4.222457706928253174e-01,4.182777702808380127e-01,1.218755841255187988e-01,9.014192223548889160e-02,4.085233211517333984e-01,1.418392807245254517e-01,1.202020198106765747e-01,4.042899012565612793e-01,1.122590154409408569e-01,9.214900434017181396e-02,3.985756933689117432e-01,1.220009177923202515e-01,7.976247370243072510e-02,3.961333632469177246e-01,1.562675088644027710e-01,1.273998320102691650e-01,3.964337408542633057e-01,3.355516791343688965e-01,2.500408589839935303e-01,3.482750952243804932e-01,3.010008335113525391e-01,3.138274550437927246e-01,3.514249622821807861e-01,2.176674753427505493e-01,1.842841058969497681e-01,3.520033657550811768e-01
3.410250544548034668e-01,3.866432309150695801e-01,4.241837859153747559e-01,6.022344231605529785e-01,7.167258262634277344e-01,6.340388059616088867e-01,6.492822170257568359e-01,7.539544701576232910e-01,6.057810783386230469e-01,6.718307733535766602e-01,8.441643714904785156e-01,8.504195809364318848e-01,8.459119796752929688e-01,9.339313507080078125e-01,1.000000119209289551e+00,9.124014973640441895e-01,8.504776358604431152e-01,7.656763792037963867e-01,8.752201795578002930e-01,7.608829140663146973e-01,6.020177602767944336e-01,7.878949046134948730e-01,5.469808578491210938e-01,4.187447726726531982e-01,4.106278717517852783e-01,1.250216066837310791e-01,9.391912817955017090e-02,4.020736813545227051e-01,1.383027434349060059e-01,1.170406341552734375e-01,3.980464935302734375e-01,1.184150949120521545e-01,9.868443757295608521e-02,3.928705751895904541e-01,1.174749210476875305e-01,7.722736895084381104e-02,3.903544247150421143e-01,1.507491767406463623e-01,1.223253011703491211e-01,3.905528783798217773e-01,3.318791091442108154e-01,2.442727088928222656e-01,3.382651507854461670e-01,2.860103845596313477e-01,3.036490976810455322e-01,3.425867259502410889e-01,2.044152170419692993e-01,1.756354719400405884e-01,3.431074619293212891e-01
5.259714126586914062e-01,5.661722421646118164e-01,6.140586733818054199e-01,7.556795477867126465e-01,7.227001786231994629e-01,6.454928517341613770e-01,8.028395175933837891e-01,8.186445236206054688e-01,6.841471791267395020e-01,8.274939656257629395e-01,9.240160584449768066e-01,8.919975161552429199e-01,9.621031880378723145e-01,9.411951303482055664e-01,9.124014973640441895e-01,1.000000000000000000e+00,9.396268725395202637e-01,8.257523775100708008e-01,9.749830365180969238e-01,8.626614212989807129e-01,6.650273203849792480e-01,8.858846426010131836e-01,6.166691184043884277e-01,4.676288068294525146e-01,4.603722393512725830e-01,1.339822262525558472e-01,9.995318949222564697e-02,4.499812424182891846e-01,1.560472995042800903e-01,1.309419274330139160e-01,4.455608725547790527e-01,1.332076191902160645e-01,1.116147637367248535e-01,4.399587512016296387e-01,1.307180672883987427e-01,8.952650427818298340e-02,4.371282458305358887e-01,1.652580499649047852e-01,1.333115994930267334e-01,4.370403885841369629e-01,3.727866113185882568e-01,2.818948030471801758e-01,3.815133273601531982e-01,3.396900594234466553e-01,3.499965965747833252e-01,3.850857615470886230e-01,2.081598490476608276e-01,1.720529049634933472e-01,3.854835927486419678e-01
4.261359870433807373e-01,4.681314229965209961e-01,5.221670269966125488e-01,6.396369934082031250e-01,6.255459785461425781e-01,5.632007122039794922e-01,6.889338493347167969e-01,7.568783760070800781e-01,6.624258756637573242e-01,7.193405032157897949e-01,8.699610233306884766e-01,8.656747937202453613e-01,8.786349892616271973e-01,8.662286996841430664e-01,8.504776358604431152e-01,9.396268725395202637e-01,1.000000000000000000e+00,9.079198241233825684e-01,9.436476826667785645e-01,8.520152568817138672e-01,6.668363213539123535e-01,8.634526729583740234e-01,6.088697314262390137e-01,4.515907168388366699e-01,4.434308409690856934e-01,1.244622245430946350e-01,9.306310862302780151e-02,4.334991872310638428e-01,1.525055766105651855e-01,1.287620365619659424e-01,4.296044707298278809e-01,1.317049413919448853e-01,1.115212142467498779e-01,4.245365560054779053e-01,1.290466636419296265e-01,9.041113406419754028e-02,4.219448566436767578e-01,1.611219495534896851e-01,1.290231049060821533e-01,4.217429757118225098e-01,3.642549812793731689e-01,2.767000198364257812e-01,3.651477098464965820e-01,3.249906599521636963e-01,3.348400294780731201e-01,3.688353896141052246e-01,1.860823482275009155e-01,1.533122360706329346e-01,3.691145479679107666e-01
2.949738204479217529e-01,3.386395573616027832e-01,3.941170275211334229e-01,4.850468039512634277e-01,5.045742392539978027e-01,4.687095880508422852e-01,5.361124873161315918e-01,6.406823396682739258e-01,5.851876139640808105e-01,5.678540468215942383e-01,7.616343498229980469e-01,7.870405912399291992e-01,7.367338538169860840e-01,7.434719204902648926e-01,7.656763792037963867e-01,8.257523775100708008e-01,9.079198241233825684e-01,9.999999403953552246e-01,8.842946290969848633e-01,8.238498568534851074e-01,6.965785622596740723e-01,8.384715318679809570e-01,6.275417208671569824e-01,4.611744284629821777e-01,4.443756937980651855e-01,1.217727959156036377e-01,9.273599088191986084e-02,4.352012276649475098e-01,1.599269956350326538e-01,1.379697918891906738e-01,4.321136474609375000e-01,1.452573239803314209e-01,1.239360421895980835e-01,4.278913140296936035e-01,1.351271420717239380e-01,9.966944158077239990e-02,4.255301356315612793e-01,1.638859212398529053e-01,1.312364637851715088e-01,4.251820743083953857e-01,3.664001226425170898e-01,2.813230454921722412e-01,3.572180867195129395e-01,3.076334297657012939e-01,3.122892379760742188e-01,3.602977395057678223e-01,1.713898479938507080e-01,1.426139473915100098e-01,3.605007529258728027e-01
4.819662868976593018e-01,5.228332877159118652e-01,5.788331627845764160e-01,7.008839249610900879e-01,6.653552055358886719e-01,6.060646176338195801e-01,7.490454912185668945e-01,7.776992321014404297e-01,6.718081235885620117e-01,7.767897248268127441e-01,8.941348195075988770e-01,8.682431578636169434e-01,9.191063642501831055e-01,8.960762619972229004e-01,8.752201795578002930e-01,9.749830365180969238e-01,9.436476826667785645e-01,8.842946290969848633e-01,1.000000000000000000e+00,9.172882437705993652e-01,7.450208067893981934e-01,9.431744217872619629e-01,7.025123238563537598e-01,5.386022925376892090e-01,5.231688022613525391e-01,1.523667722940444946e-01,1.166654452681541443e-01,5.124782323837280273e-01,1.845052838325500488e-01,1.571357846260070801e-01,5.083312392234802246e-01,1.623454093933105469e-01,1.395442485809326172e-01,5.029695630073547363e-01,1.542996466159820557e-01,1.109614819288253784e-01,5.000438690185546875e-01,1.876139044761657715e-01,1.513578146696090698e-01,4.998235404491424561e-01,4.273711740970611572e-01,3.267254233360290527e-01,4.291177690029144287e-01,3.722133934497833252e-01,3.795660138130187988e-01,4.319967329502105713e-01,2.228190898895263672e-01,1.857741624116897583e-01,4.323566854000091553e-01
3.831301331520080566e-01,4.231826066970825195e-01,4.810370206832885742e-01,5.743086338043212891e-01,5.308846235275268555e-01,4.868267476558685303e-01,6.198366284370422363e-01,6.654013395309448242e-01,5.860139131546020508e-01,6.469637155532836914e-01,7.846140265464782715e-01,7.695444822311401367e-01,7.940416932106018066e-01,7.750007510185241699e-01,7.608829140663146973e-01,8.626614212989807129e-01,8.520152568817138672e-01,8.238498568534851074e-01,9.172882437705993652e-01,1.000000119209289551e+00,8.643488883972167969e-01,9.324939250946044922e-01,7.682934403419494629e-01,5.951356291770935059e-01,5.688457489013671875e-01,1.677637249231338501e-01,1.342414617538452148e-01,5.594095587730407715e-01,2.032985240221023560e-01,1.765216737985610962e-01,5.559283494949340820e-01,2.036489993333816528e-01,1.826473772525787354e-01,5.523887276649475098e-01,1.780606508255004883e-01,1.358801871538162231e-01,5.498743057250976562e-01,2.086626887321472168e-01,1.685285270214080811e-01,5.496788024902343750e-01,4.701806008815765381e-01,3.627003133296966553e-01,4.622648656368255615e-01,3.883963525295257568e-01,3.892351090908050537e-01,4.646291136741638184e-01,2.202512919902801514e-01,1.909803450107574463e-01,4.648911356925964355e-01
2.375334948301315308e-01,2.806936204433441162e-01,3.277431726455688477e-01,3.931162953376770020e-01,3.866446614265441895e-01,3.633581995964050293e-01,4.315665960311889648e-01,5.004071593284606934e-01,4.390740394592285156e-01,4.537644684314727783e-01,5.939440727233886719e-01,6.099845767021179199e-01,5.928685665130615234e-01,5.948228240013122559e-01,6.020177602767944336e-01,6.650273203849792480e-01,6.668363213539123535e-01,6.965785622596740723e-01,7.450208067893981934e-01,8.643488883972167969e-01,1.000000000000000000e+00,8.864016532897949219e-01,8.536800742149353027e-01,7.030187845230102539e-01,6.551611423492431641e-01,2.040735930204391479e-01,1.683448553085327148e-01,6.468828916549682617e-01,2.494911849498748779e-01,2.211576998233795166e-01,6.444340348243713379e-01,2.645155191421508789e-01,2.432328164577484131e-01,6.430431604385375977e-01,2.280676215887069702e-01,1.839825958013534546e-01,6.415170431137084961e-01,2.495018392801284790e-01,2.008547037839889526e-01,6.414840817451477051e-01,5.411463379859924316e-01,4.224787354469299316e-01,5.241262316703796387e-01,4.220297336578369141e-01,4.082150459289550781e-01,5.226337909698486328e-01,2.330373674631118774e-01,2.057518064975738525e-01,5.228580236434936523e-01
4.057317078113555908e-01,4.490846991539001465e-01,5.051004886627197266e-01,6.036208271980285645e-01,5.705233812332153320e-01,5.274871587753295898e-01,6.496418714523315430e-01,6.884418725967407227e-01,6.006704568862915039e-01,6.766209006309509277e-01,8.035570979118347168e-01,7.899709939956665039e-01,8.214238882064819336e-01,8.012312054634094238e-01,7.878949046134948730e-01,8.858846426010131836e-01,8.634526729583740234e-01,8.384715318679809570e-01,9.431744217872619629e-01,9.324939250946044922e-01,8.864016532897949219e-01,1.000000000000000000e+00,8.661409616470336914e-01,7.048742175102233887e-01,6.721634268760681152e-01,2.124383300542831421e-01,1.710885316133499146e-01,6.619843840599060059e-01,2.482893019914627075e-01,2.155057489871978760e-01,6.581590175628662109e-01,2.446287125349044800e-01,2.187342196702957153e-01,6.544338464736938477e-01,2.172414511442184448e-01,1.680797040462493896e-01,6.518463492393493652e-01,2.621590197086334229e-01,2.120125591754913330e-01,6.520932316780090332e-01,5.534470081329345703e-01,4.311963319778442383e-01,5.464747548103332520e-01,4.588952958583831787e-01,4.508553743362426758e-01,5.460752248764038086e-01,2.563599050045013428e-01,2.185128480195999146e-01,5.463673472404479980e-01
2.497480958700180054e-01,2.929845750331878662e-01,3.249975442886352539e-01,3.796752095222473145e-01,3.490389585494995117e-01,3.263628780841827393e-01,4.107458293437957764e-01,4.405115544795989990e-01,3.754171729087829590e-01,4.299339056015014648e-01,5.326992869377136230e-01,5.463477969169616699e-01,5.595155954360961914e-01,5.495897531509399414e-01,5.469808578491210938e-01,6.166691184043884277e-01,6.088697314262390137e-01,6.275417208671569824e-01,7.025123238563537598e-01,7.682934403419494629e-01,8.536800742149353027e-01,8.661409616470336914e-01,1.000000119209289551e+00,8.992140889167785645e-01,8.443017005920410156e-01,2.819355726242065430e-01,2.402331531047821045e-01,8.363542556762695312e-01,3.450352251529693604e-01,3.060223460197448730e-01,8.345813751220703125e-01,3.287822604179382324e-01,2.994639873504638672e-01,8.322966694831848145e-01,2.773749530315399170e-01,2.227981090545654297e-01,8.297290802001953125e-01,3.560338318347930908e-01,2.913040220737457275e-01,8.309138417243957520e-01,7.123388051986694336e-01,5.708967447280883789e-01,6.903887391090393066e-01,5.458459854125976562e-01,5.284599661827087402e-01,6.848394274711608887e-01,2.904232740402221680e-01,2.516455650329589844e-01,6.849865317344665527e-01
2.126309126615524292e-01,2.580445408821105957e-01,2.643079459667205811e-01,3.012537062168121338e-01,2.715080976486206055e-01,2.492965161800384521e-01,3.206421732902526855e-01,3.155008554458618164e-01,2.395881265401840210e-01,3.314075767993927002e-01,3.792736530303955078e-01,4.037328660488128662e-01,4.341806471347808838e-01,4.222457706928253174e-01,4.187447726726531982e-01,4.676288068294525146e-01,4.515907168388366699e-01,4.611744284629821777e-01,5.386022925376892090e-01,5.951356291770935059e-01,7.030187845230102539e-01,7.048742175102233887e-01,8.992140889167785645e-01,1.000000000000000000e+00,9.632409811019897461e-01,3.325786590576171875e-01,2.798310220241546631e-01,9.562955498695373535e-01,4.090096652507781982e-01,3.594902753829956055e-01,9.553735852241516113e-01,4.086709320545196533e-01,3.602464795112609863e-01,9.541860818862915039e-01,3.157487213611602783e-01,2.452049702405929565e-01,9.524409174919128418e-01,3.959082961082458496e-01,3.150436878204345703e-01,9.534533619880676270e-01,8.240785002708435059e-01,6.887615919113159180e-01,8.375388383865356445e-01,6.845676302909851074e-01,6.555325388908386230e-01,8.311647772789001465e-01,3.506787419319152832e-01,2.967832982540130615e-01,8.313364982604980469e-01
2.127771824598312378e-01,2.558877170085906982e-01,2.635532021522521973e-01,3.017556667327880859e-01,2.775422632694244385e-01,2.549064159393310547e-01,3.215987384319305420e-01,3.141875863075256348e-01,2.395645081996917725e-01,3.318931758403778076e-01,3.770621120929718018e-01,3.998470306396484375e-01,4.312766194343566895e-01,4.182777702808380127e-01,4.106278717517852783e-01,4.603722393512725830e-01,4.434308409690856934e-01,4.443756937980651855e-01,5.231688022613525391e-01,5.688457489013671875e-01,6.551611423492431641e-01,6.721634268760681152e-01,8.443017005920410156e-01,9.632409811019897461e-01,9.999999403953552246e-01,4.146216511726379395e-01,3.583191931247711182e-01,9.971408843994140625e-01,4.697059392929077148e-01,4.176256358623504639e-01,9.970459938049316406e-01,4.254158735275268555e-01,3.758760690689086914e-01,9.959166049957275391e-01,3.569685816764831543e-01,2.867809236049652100e-01,9.950836896896362305e-01,3.945842981338500977e-01,3.059440851211547852e-01,9.948537349700927734e-01,8.572396039962768555e-01,7.364801168441772461e-01,8.943768143653869629e-01,7.300449013710021973e-01,6.795811057090759277e-01,8.817256093025207520e-01,3.834816515445709229e-01,3.189252912998199463e-01,8.819123506546020508e-01
4.772361740469932556e-02,5.137554556131362915e-02,5.685571208596229553e-02,7.485470175743103027e-02,9.791858494281768799e-02,9.636712074279785156e-02,8.624473214149475098e-02,8.786934614181518555e-02,6.825516372919082642e-02,8.875111490488052368e-02,1.078231930732727051e-01,1.233305633068084717e-01,1.232489943504333496e-01,1.218755841255187988e-01,1.250216066837310791e-01,1.339822262525558472e-01,1.244622245430946350e-01,1.217727959156036377e-01,1.523667722940444946e-01,1.677637249231338501e-01,2.040735930204391479e-01,2.124383300542831421e-01,2.819355726242065430e-01,3.325786590576171875e-01,4.146216511726379395e-01,9.999999403953552246e-01,9.647261500358581543e-01,4.694657027721405029e-01,5.362351238727569580e-02,3.588429465889930725e-02,4.576560556888580322e-01,1.416564583778381348e-01,6.390281766653060913e-02,4.489973485469818115e-01,7.157115638256072998e-02,6.902261078357696533e-02,4.429093301296234131e-01,1.111924126744270325e-01,6.056385487318038940e-02,4.394025206565856934e-01,2.037309259176254272e-01,1.377450376749038696e-01,3.424905836582183838e-01,3.564403057098388672e-01,2.866173684597015381e-01,3.410865068435668945e-01,2.199738472700119019e-01,1.961546987295150757e-01,3.413979709148406982e-01
3.397417441010475159e-02,3.453785181045532227e-02,3.845066204667091370e-02,5.361973866820335388e-02,7.206061482429504395e-02,7.182054966688156128e-02,6.290971487760543823e-02,6.655512750148773193e-02,5.256186425685882568e-02,6.504269689321517944e-02,7.932783663272857666e-02,9.171214699745178223e-02,9.029325097799301147e-02,9.014192223548889160e-02,9.391912817955017090e-02,9.995318949222564697e-02,9.306310862302780151e-02,9.273599088191986084e-02,1.166654452681541443e-01,1.342414617538452148e-01,1.683448553085327148e-01,1.710885316133499146e-01,2.402331531047821045e-01,2.798310220241546631e-01,3.583191931247711182e-01,9.647261500358581543e-01,1.000000119209289551e+00,4.153652191162109375e-01,2.752431668341159821e-02,1.469057984650135040e-02,4.039140343666076660e-01,1.124903783202171326e-01,4.823937267065048218e-02,3.956803679466247559e-01,6.224909797310829163e-02,6.928087770938873291e-02,3.899063467979431152e-01,7.645879685878753662e-02,3.449832275509834290e-02,3.861251771450042725e-01,1.605490297079086304e-01,9.923775494098663330e-02,2.922713756561279297e-01,3.162762820720672607e-01,2.473430782556533813e-01,2.923608720302581787e-01,1.682521849870681763e-01,1.543245911598205566e-01,2.924858629703521729e-01
2.049863189458847046e-01,2.464958578348159790e-01,2.539089322090148926e-01,2.918952703475952148e-01,2.701413631439208984e-01,2.482790201902389526e-01,3.116730749607086182e-01,3.058978021144866943e-01,2.333559095859527588e-01,3.218787014484405518e-01,3.681063354015350342e-01,3.916125893592834473e-01,4.206654429435729980e-01,4.085233211517333984e-01,4.020736813545227051e-01,4.499812424182891846e-01,4.334991872310638428e-01,4.352012276649475098e-01,5.124782323837280273e-01,5.594095587730407715e-01,6.468828916549682617e-01,6.619843840599060059e-01,8.363542556762695312e-01,9.562955498695373535e-01,9.971408843994140625e-01,4.694657027721405029e-01,4.153652191162109375e-01,9.999999403953552246e-01,4.569132924079895020e-01,4.056057929992675781e-01,9.991948604583740234e-01,4.237999618053436279e-01,3.710045516490936279e-01,9.977831840515136719e-01,3.482916951179504395e-01,2.808600962162017822e-01,9.964262247085571289e-01,3.891894519329071045e-01,3.005542457103729248e-01,9.959819316864013672e-01,8.480506539344787598e-01,7.252737879753112793e-01,8.931410312652587891e-01,7.345649600028991699e-01,6.799253225326538086e-01,8.810918331146240234e-01,3.859231770038604736e-01,3.236022889614105225e-01,8.812916278839111328e-01
9.368732571601867676e-02,1.066735535860061646e-01,1.046338975429534912e-01,1.211028695106506348e-01,1.167252063751220703e-01,1.144915372133255005e-01,1.286335587501525879e-01,1.126496568322181702e-01,9.316670894622802734e-02,1.315578073263168335e-01,1.233291700482368469e-01,1.283260881900787354e-01,1.473159193992614746e-01,1.418392807245254517e-01,1.383027434349060059e-01,1.560472995042800903e-01,1.525055766105651855e-01,1.599269956350326538e-01,1.845052838325500488e-01,2.032985240221023560e-01,2.494911849498748779e-01,2.482893019914627075e-01,3.450352251529693604e-01,4.090096652507781982e-01,4.697059392929077148e-01,5.362351238727569580e-02,2.752431668341159821e-02,4.569132924079895020e-01,9.999999403953552246e-01,9.680397510528564453e-01,4.823064506053924561e-01,8.665068447589874268e-02,6.460438668727874756e-02,4.715610742568969727e-01,7.883571088314056396e-02,4.832992330193519592e-02,4.635096788406372070e-01,1.135976910591125488e-01,6.814727932214736938e-02,4.571042656898498535e-01,2.652666866779327393e-01,2.489641755819320679e-01,3.186759650707244873e-01,1.899800896644592285e-01,1.587828099727630615e-01,2.901360094547271729e-01,3.449801504611968994e-01,2.542405128479003906e-01,2.909282743930816650e-01
8.249957114458084106e-02,9.316843748092651367e-02,9.284672886133193970e-02,1.060040891170501709e-01,1.047828122973442078e-01,1.030121147632598877e-01,1.130835637450218201e-01,9.743238240480422974e-02,8.020021021366119385e-02,1.151625216007232666e-01,1.047718003392219543e-01,1.079385131597518921e-01,1.241808086633682251e-01,1.202020198106765747e-01,1.170406341552734375e-01,1.309419274330139160e-01,1.287620365619659424e-01,1.379697918891906738e-01,1.571357846260070801e-01,1.765216737985610962e-01,2.211576998233795166e-01,2.155057489871978760e-01,3.060223460197448730e-01,3.594902753829956055e-01,4.176256358623504639e-01,3.588429465889930725e-02,1.469057984650135040e-02,4.056057929992675781e-01,9.680397510528564453e-01,1.000000000000000000e+00,4.306791424751281738e-01,6.407961249351501465e-02,4.136983305215835571e-02,4.196370542049407959e-01,6.375768780708312988e-02,3.569345548748970032e-02,4.117404520511627197e-01,8.412928879261016846e-02,4.601959884166717529e-02,4.050993323326110840e-01,2.135175466537475586e-01,2.030902057886123657e-01,2.695167958736419678e-01,1.577949523925781250e-01,1.295180767774581909e-01,2.443092763423919678e-01,3.306005895137786865e-01,2.416941970586776733e-01,2.451529949903488159e-01
2.025490999221801758e-01,2.437326312065124512e-01,2.507630288600921631e-01,2.883593738079071045e-01,2.662745118141174316e-01,2.445733100175857544e-01,3.078719675540924072e-01,3.021673858165740967e-01,2.308287471532821655e-01,3.180613219738006592e-01,3.642407655715942383e-01,3.878328800201416016e-01,4.163163006305694580e-01,4.042899012565612793e-01,3.980464935302734375e-01,4.455608725547790527e-01,4.296044707298278809e-01,4.321136474609375000e-01,5.083312392234802246e-01,5.559283494949340820e-01,6.444340348243713379e-01,6.581590175628662109e-01,8.345813751220703125e-01,9.553735852241516113e-01,9.970459938049316406e-01,4.576560556888580322e-01,4.039140343666076660e-01,9.991948604583740234e-01,4.823064506053924561e-01,4.306791424751281738e-01,1.000000000000000000e+00,4.200410544872283936e-01,3.675086796283721924e-01,9.983518719673156738e-01,3.470757007598876953e-01,2.794395089149475098e-01,9.968568086624145508e-01,3.867536485195159912e-01,2.979286909103393555e-01,9.962188601493835449e-01,8.465741872787475586e-01,7.254425287246704102e-01,8.911042213439941406e-01,7.277930378913879395e-01,6.734057664871215820e-01,8.779652714729309082e-01,3.896553814411163330e-01,3.261686563491821289e-01,8.781741857528686523e-01
4.129737988114356995e-02,4.552662372589111328e-02,5.465611442923545837e-02,6.953107565641403198e-02,7.296980172395706177e-02,7.505806535482406616e-02,7.635243982076644897e-02,7.605165988206863403e-02,6.628857553005218506e-02,8.006851375102996826e-02,1.002176851034164429e-01,1.093023940920829773e-01,1.130432039499282837e-01,1.122590154409408569e-01,1.184150949120521545e-01,1.332076191902160645e-01,1.317049413919448853e-01,1.452573239803314209e-01,1.623454093933105469e-01,2.036489993333816528e-01,2.645155191421508789e-01,2.446287125349044800e-01,3.287822604179382324e-01,4.086709320545196533e-01,4.254158735275268555e-01,1.416564583778381348e-01,1.124903783202171326e-01,4.237999618053436279e-01,8.665068447589874268e-02,6.407961249351501465e-02,4.200410544872283936e-01,1.000000000000000000e+00,9.211894273757934570e-01,4.608970284461975098e-01,6.639155000448226929e-02,5.326079204678535461e-02,4.557487666606903076e-01,1.305805444717407227e-01,7.943826168775558472e-02,4.523864984512329102e-01,3.131933808326721191e-01,2.563600540161132812e-01,4.014919698238372803e-01,4.719192981719970703e-01,4.278427362442016602e-01,4.258271455764770508e-01,7.784599810838699341e-02,4.103771597146987915e-02,4.250930249691009521e-01
