9.862993359565734863e-01,8.353087902069091797e-01,7.267801165580749512e-01,8.540666103363037109e-01,4.376853108406066895e-01,2.802925109863281250e-01,7.965059876441955566e-01,4.023392796516418457e-01,2.654442191123962402e-01,7.936436533927917480e-01,5.319377183914184570e-01,3.814414143562316895e-01,6.069028377532958984e-01,6.346532106399536133e-01,5.781376361846923828e-01,5.552232265472412109e-01,3.337585926055908203e-01,2.055965512990951538e-01,4.924695491790771484e-01,3.356025815010070801e-01,2.116972059011459351e-01,4.766966402530670166e-01,3.723153173923492432e-01,2.547998726367950439e-01,2.527294158935546875e-01,1.203041225671768188e-01,7.091193646192550659e-02,2.479274272918701172e-01,7.174123823642730713e-02,2.536709234118461609e-02,2.344034761190414429e-01,8.297186344861984253e-02,6.042860448360443115e-02,2.306306511163711548e-01,6.083711609244346619e-02,2.205923385918140411e-02,2.235644310712814331e-01,9.089068323373794556e-02,4.275615140795707703e-02,2.146094888448715210e-01,1.441610604524612427e-01,8.431541174650192261e-02,1.645466089248657227e-01,-2.920482725550289627e-22,-6.280863574368617240e-22,1.645466089248657227e-01,2.212265153738022171e-24,-9.001597915029244411e-24,1.645466089248657227e-01
8.353087902069091797e-01,5.866248011589050293e-01,5.272501111030578613e-01,8.038928508758544922e-01,5.516039133071899414e-01,4.107931852340698242e-01,7.705339193344116211e-01,4.400975704193115234e-01,3.076882064342498779e-01,7.625431418418884277e-01,5.716544985771179199e-01,4.392890334129333496e-01,5.959058403968811035e-01,6.638290286064147949e-01,6.207615137100219727e-01,5.580882430076599121e-01,3.617625832557678223e-01,2.458021044731140137e-01,4.965480268001556396e-01,3.356800079345703125e-01,2.174343317747116089e-01,4.753147363662719727e-01,3.525452315807342529e-01,2.400887906551361084e-01,2.369798868894577026e-01,1.176035255193710327e-01,6.707628071308135986e-02,2.331030368804931641e-01,7.126187533140182495e-02,2.890423871576786041e-02,2.215109914541244507e-01,7.725873589515686035e-02,4.742605239152908325e-02,2.159052342176437378e-01,6.034567579627037048e-02,1.847963221371173859e-02,2.088281661272048950e-01,9.710860997438430786e-02,5.234883353114128113e-02,2.023316323757171631e-01,1.354380100965499878e-01,8.423323929309844971e-02,1.535834521055221558e-01,-3.032216921056921321e-23,-5.105958123503960976e-22,1.535834521055221558e-01,7.039124186422871491e-25,-1.190324151409176181e-24,1.535834521055221558e-01
7.267801165580749512e-01,5.272501111030578613e-01,4.296148419380187988e-01,7.368131279945373535e-01,5.479205846786499023e-01,4.326480329036712646e-01,7.098394036293029785e-01,4.157456457614898682e-01,2.736758887767791748e-01,6.989251375198364258e-01,5.293534398078918457e-01,4.258097410202026367e-01,5.558592677116394043e-01,6.335663199424743652e-01,6.021687984466552734e-01,5.170267820358276367e-01,3.343024849891662598e-01,2.291195541620254517e-01,4.567242860794067383e-01,2.916848659515380859e-01,1.849228590726852417e-01,4.336226582527160645e-01,3.193577826023101807e-01,2.271943241357803345e-01,2.256473004817962646e-01,1.125745922327041626e-01,6.754630804061889648e-02,2.227629125118255615e-01,6.333870440721511841e-02,2.604802139103412628e-02,2.114170044660568237e-01,7.050259411334991455e-02,4.193041846156120300e-02,2.054249644279479980e-01,5.640114098787307739e-02,1.454239524900913239e-02,1.982467472553253174e-01,8.809769898653030396e-02,4.778879880905151367e-02,1.918701380491256714e-01,1.341748535633087158e-01,8.522743731737136841e-02,1.470328271389007568e-01,-3.175941698189672081e-23,1.069604005832431206e-22,1.470328271389007568e-01,4.891666322631471103e-25,-4.799278877716512306e-25,1.470328271389007568e-01
8.540666103363037109e-01,8.038928508758544922e-01,7.368131279945373535e-01,9.039711356163024902e-01,5.815683603286743164e-01,4.235164523124694824e-01,8.700350522994995117e-01,5.288540124893188477e-01,3.562238216400146484e-01,8.640385866165161133e-01,6.377805471420288086e-01,4.869048893451690674e-01,7.192776799201965332e-01,7.216576933860778809e-01,6.589626073837280273e-01,6.595971584320068359e-01,4.446775615215301514e-01,3.006627559661865234e-01,5.964331030845642090e-01,4.406224489212036133e-01,2.919128835201263428e-01,5.747646093368530273e-01,4.543889462947845459e-01,3.172243833541870117e-01,3.074068129062652588e-01,1.383092552423477173e-01,7.972720265388488770e-02,3.000689744949340820e-01,8.434803038835525513e-02,2.795979194343090057e-02,2.839562296867370605e-01,9.899482876062393188e-02,6.985177844762802124e-02,2.795743644237518311e-01,8.485666662454605103e-02,2.951424568891525269e-02,2.715494632720947266e-01,1.248322129249572754e-01,7.014513015747070312e-02,2.636292874813079834e-01,1.781452149152755737e-01,1.040914282202720642e-01,1.997158527374267578e-01,-3.396892865608811430e-22,-1.845404403688859105e-21,1.997158527374267578e-01,2.940913686570098282e-24,-1.828260247407871899e-23,1.997158527374267578e-01
4.376853108406066895e-01,5.516039133071899414e-01,5.479205846786499023e-01,5.815683603286743164e-01,6.751834750175476074e-01,5.834791660308837891e-01,7.879950404167175293e-01,5.571600198745727539e-01,4.161448180675506592e-01,7.758768796920776367e-01,6.730542182922363281e-01,5.449381470680236816e-01,6.690549254417419434e-01,6.821946501731872559e-01,6.216804385185241699e-01,6.385248899459838867e-01,4.842710196971893311e-01,3.579884767532348633e-01,5.925334692001342773e-01,4.398415386676788330e-01,3.024986982345581055e-01,5.734828114509582520e-01,4.413572847843170166e-01,3.010650277137756348e-01,2.945574820041656494e-01,1.192120537161827087e-01,7.147975265979766846e-02,2.877497375011444092e-01,9.186103940010070801e-02,2.941314131021499634e-02,2.733159959316253662e-01,9.303712844848632812e-02,6.311409175395965576e-02,2.684649825096130371e-01,8.842759579420089722e-02,3.182736411690711975e-02,2.614402770996093750e-01,1.233522742986679077e-01,7.129817456007003784e-02,2.546652853488922119e-01,1.793295592069625854e-01,1.089180111885070801e-01,1.890261322259902954e-01,-7.125277263603868633e-24,-5.302023253718274110e-22,1.890261322259902954e-01,2.490932832305286560e-25,-1.466134378562503760e-24,1.890261322259902954e-01
2.802925109863281250e-01,4.107931852340698242e-01,4.326480329036712646e-01,4.235164523124694824e-01,5.834791660308837891e-01,5.048823952674865723e-01,4.685380458831787109e-01,3.707515299320220947e-01,2.710153460502624512e-01,4.462756812572479248e-01,4.574286937713623047e-01,3.993389904499053955e-01,4.399925470352172852e-01,4.259243309497833252e-01,3.870027065277099609e-01,4.157182872295379639e-01,3.651918768882751465e-01,2.902476489543914795e-01,3.972343802452087402e-01,3.187047839164733887e-01,2.195178121328353882e-01,3.798667490482330322e-01,2.875704169273376465e-01,2.053849101066589355e-01,2.018038481473922729e-01,7.281319797039031982e-02,4.646777361631393433e-02,1.965672820806503296e-01,6.305325031280517578e-02,1.961158961057662964e-02,1.881571859121322632e-01,7.153242081403732300e-02,4.306167364120483398e-02,1.847844272851943970e-01,8.590220659971237183e-02,2.980564907193183899e-02,1.812967360019683838e-01,1.000387892127037048e-01,7.003034651279449463e-02,1.801782995462417603e-01,1.176663637161254883e-01,6.749584525823593140e-02,1.264718919992446899e-01,7.822534062788806105e-25,-1.676874936687828521e-22,1.264718919992446899e-01,7.719664936744514215e-27,-1.004168779647025103e-25,1.264719069004058838e-01
7.965059876441955566e-01,7.705339193344116211e-01,7.098394036293029785e-01,8.700350522994995117e-01,7.879950404167175293e-01,4.685380458831787109e-01,8.739487528800964355e-01,5.356032252311706543e-01,3.618992865085601807e-01,8.675862550735473633e-01,6.452081203460693359e-01,4.943723082542419434e-01,7.247123122215270996e-01,7.268657684326171875e-01,6.636874675750732422e-01,6.652341485023498535e-01,4.510315954685211182e-01,3.064970970153808594e-01,6.023578047752380371e-01,4.458436071872711182e-01,2.958579659461975098e-01,5.805473923683166504e-01,4.588674008846282959e-01,3.205399811267852783e-01,3.105950653553009033e-01,1.392200440168380737e-01,8.044760674238204956e-02,3.032035529613494873e-01,8.542899787425994873e-02,2.841051854193210602e-02,2.870023250579833984e-01,1.004440411925315857e-01,7.067595422267913818e-02,2.825496494770050049e-01,8.605703711509704590e-02,2.978212758898735046e-02,2.744302153587341309e-01,1.266982853412628174e-01,7.156629860401153564e-02,2.665520608425140381e-01,1.800208687782287598e-01,1.052331775426864624e-01,2.018066942691802979e-01,-3.286500049185417544e-22,-2.485850810493566411e-21,2.018066942691802979e-01,2.960385337508894822e-24,-1.798007905009189229e-23,2.018066942691802979e-01
4.023392796516418457e-01,4.400975704193115234e-01,4.157456457614898682e-01,5.288540124893188477e-01,5.571600198745727539e-01,3.707515299320220947e-01,5.356032252311706543e-01,5.649558901786804199e-01,4.594967961311340332e-01,7.403929233551025391e-01,6.748004555702209473e-01,5.344829559326171875e-01,6.487971544265747070e-01,6.546008586883544922e-01,5.971896052360534668e-01,6.315085291862487793e-01,4.828832745552062988e-01,3.650529384613037109e-01,5.952404141426086426e-01,4.725681841373443604e-01,3.356908261775970459e-01,5.826638340950012207e-01,4.611855745315551758e-01,3.077858388423919678e-01,2.961833477020263672e-01,1.256807148456573486e-01,6.877218186855316162e-02,2.884716391563415527e-01,1.002236008644104004e-01,3.987667709589004517e-02,2.763351202011108398e-01,1.086159124970436096e-01,6.992907822132110596e-02,2.721292674541473389e-01,8.736214786767959595e-02,3.151594847440719604e-02,2.646447420120239258e-01,1.353992074728012085e-01,7.945910841226577759e-02,2.587564289569854736e-01,1.741057485342025757e-01,1.061993986368179321e-01,1.943653970956802368e-01,2.027758871046332330e-24,-8.844165228164212965e-22,1.943653970956802368e-01,4.365470953907702309e-25,-2.406559622541694326e-24,1.943653970956802368e-01
2.654442191123962402e-01,3.076882064342498779e-01,2.736758887767791748e-01,3.562238216400146484e-01,4.161448180675506592e-01,2.710153460502624512e-01,3.618992865085601807e-01,4.594967961311340332e-01,3.775389790534973145e-01,5.634329915046691895e-01,5.273846983909606934e-01,3.958932757377624512e-01,4.853882193565368652e-01,4.988516569137573242e-01,4.588134586811065674e-01,4.824018180370330811e-01,3.805598914623260498e-01,2.995171546936035156e-01,4.649365544319152832e-01,3.776003122329711914e-01,2.758593857288360596e-01,4.638740122318267822e-01,3.706112802028656006e-01,2.333828955888748169e-01,2.242457270622253418e-01,1.100039109587669373e-01,6.481123715639114380e-02,2.203932106494903564e-01,8.383161574602127075e-02,3.730583190917968750e-02,2.122896760702133179e-01,8.302460610866546631e-02,5.157200247049331665e-02,2.090157717466354370e-01,7.070373743772506714e-02,2.793698944151401520e-02,2.036796957254409790e-01,9.814282506704330444e-02,5.177203565835952759e-02,1.976520866155624390e-01,1.265984922647476196e-01,7.526476681232452393e-02,1.453408896923065186e-01,2.005374942860686120e-24,-8.023572677020611839e-22,1.453408896923065186e-01,4.183292402532093369e-25,-2.018706692158921220e-24,1.453408896923065186e-01
7.936436533927917480e-01,7.625431418418884277e-01,6.989251375198364258e-01,8.640385866165161133e-01,7.758768796920776367e-01,4.462756812572479248e-01,8.675862550735473633e-01,7.403929233551025391e-01,5.634329915046691895e-01,8.705986738204956055e-01,6.552404761314392090e-01,5.010138154029846191e-01,7.290340662002563477e-01,7.295728921890258789e-01,6.664333939552307129e-01,6.720117926597595215e-01,4.603751599788665771e-01,3.160650432109832764e-01,6.109343171119689941e-01,4.564558267593383789e-01,3.050855696201324463e-01,5.901415348052978516e-01,4.671514332294464111e-01,3.239226937294006348e-01,3.133234977722167969e-01,1.398455500602722168e-01,8.054137229919433594e-02,3.057698905467987061e-01,8.697507530450820923e-02,2.895830944180488586e-02,2.895677387714385986e-01,1.013753637671470642e-01,7.105176150798797607e-02,2.851225435733795166e-01,8.766470104455947876e-02,3.079582378268241882e-02,2.770539820194244385e-01,1.290662586688995361e-01,7.310696691274642944e-02,2.692534029483795166e-01,1.819515526294708252e-01,1.064711436629295349e-01,2.032891958951950073e-01,-3.280388838415978992e-22,-3.892316143826744543e-21,2.032891958951950073e-01,3.787393781169358011e-24,-2.200844774970092322e-23,2.032891958951950073e-01
5.319377183914184570e-01,5.716544985771179199e-01,5.293534398078918457e-01,6.377805471420288086e-01,6.730542182922363281e-01,4.574286937713623047e-01,6.452081203460693359e-01,6.748004555702209473e-01,5.273846983909606934e-01,6.552404761314392090e-01,5.132347345352172852e-01,3.757607042789459229e-01,4.271759092807769775e-01,4.160254597663879395e-01,3.789490461349487305e-01,4.417561888694763184e-01,3.838075995445251465e-01,3.169898688793182373e-01,4.395826160907745361e-01,3.831132948398590088e-01,2.864489853382110596e-01,4.438037574291229248e-01,3.525230586528778076e-01,2.000532001256942749e-01,1.900915354490280151e-01,7.800860702991485596e-02,4.268199577927589417e-02,1.850528270006179810e-01,7.217401266098022461e-02,2.982575073838233948e-02,1.788207143545150757e-01,6.798411905765533447e-02,4.206621274352073669e-02,1.766699701547622681e-01,7.116486877202987671e-02,3.271678462624549866e-02,1.738118529319763184e-01,9.534666687250137329e-02,5.592831224203109741e-02,1.706214845180511475e-01,1.157880648970603943e-01,7.144999504089355469e-02,1.191647276282310486e-01,1.535801741938579043e-24,-1.966809718349138315e-21,1.191647276282310486e-01,1.104745956612858852e-24,-5.875231707111643685e-24,1.191647276282310486e-01
3.814414143562316895e-01,4.392890334129333496e-01,4.258097410202026367e-01,4.869048893451690674e-01,5.449381470680236816e-01,3.993389904499053955e-01,4.943723082542419434e-01,5.344829559326171875e-01,3.958932757377624512e-01,5.010138154029846191e-01,3.757607042789459229e-01,4.593524932861328125e-01,4.771151244640350342e-01,4.521181285381317139e-01,4.150488674640655518e-01,4.959045052528381348e-01,4.723968505859375000e-01,4.053363502025604248e-01,5.020310878753662109e-01,4.545990228652954102e-01,3.420478999614715576e-01,5.025750398635864258e-01,4.023579061031341553e-01,2.445881962776184082e-01,2.310371249914169312e-01,8.691067993640899658e-02,4.561360925436019897e-02,2.243283987045288086e-01,8.502400666475296021e-02,3.333130478858947754e-02,2.166997343301773071e-01,8.239103853702545166e-02,5.550668388605117798e-02,2.143032550811767578e-01,8.238074183464050293e-02,3.345937281847000122e-02,2.099452316761016846e-01,1.240356788039207458e-01,7.796861976385116577e-02,2.081488519906997681e-01,1.443675905466079712e-01,8.841458708047866821e-02,1.480341553688049316e-01,2.968777042603409640e-24,-9.799973839607978599e-22,1.480341553688049316e-01,5.872661696890046781e-25,-2.828405160976119747e-24,1.480341553688049316e-01
6.069028377532958984e-01,5.959058403968811035e-01,5.558592677116394043e-01,7.192776799201965332e-01,6.690549254417419434e-01,4.399925470352172852e-01,7.247123122215270996e-01,6.487971544265747070e-01,4.853882193565368652e-01,7.290340662002563477e-01,4.271759092807769775e-01,4.771151244640350342e-01,7.499967217445373535e-01,7.322990298271179199e-01,6.671904325485229492e-01,6.906175613403320312e-01,5.009276866912841797e-01,3.514254987239837646e-01,6.353209614753723145e-01,4.924705922603607178e-01,3.331069350242614746e-01,6.143593788146972656e-01,4.947330951690673828e-01,3.459630310535430908e-01,3.307851552963256836e-01,1.427190303802490234e-01,8.039289712905883789e-02,3.218161463737487793e-01,9.219022840261459351e-02,2.945168688893318176e-02,3.047396242618560791e-01,1.099832430481910706e-01,7.889472693204879761e-02,3.008252382278442383e-01,9.240984916687011719e-02,3.279033303260803223e-02,2.923207283020019531e-01,1.426355689764022827e-01,8.506708592176437378e-02,2.855555713176727295e-01,1.919375956058502197e-01,1.110098063945770264e-01,2.156939506530761719e-01,-1.307957129276383987e-22,-4.720159551001451670e-21,2.156939506530761719e-01,2.188072959142383097e-24,-1.099309146975598269e-23,2.156939506530761719e-01
6.346532106399536133e-01,6.638290286064147949e-01,6.335663199424743652e-01,7.216576933860778809e-01,6.821946501731872559e-01,4.259243309497833252e-01,7.268657684326171875e-01,6.546008586883544922e-01,4.988516569137573242e-01,7.295728921890258789e-01,4.160254597663879395e-01,4.521181285381317139e-01,7.322990298271179199e-01,4.934093356132507324e-01,4.467175900936126709e-01,4.660311937332153320e-01,3.343096971511840820e-01,2.240712940692901611e-01,4.273221790790557861e-01,3.402153253555297852e-01,2.257303297519683838e-01,4.133393764495849609e-01,3.434885442256927490e-01,2.451651841402053833e-01,2.311504632234573364e-01,9.819848835468292236e-02,5.346999689936637878e-02,2.234580963850021362e-01,5.705458298325538635e-02,1.308279950171709061e-02,2.100650370121002197e-01,8.443208038806915283e-02,6.069348752498626709e-02,2.084605842828750610e-01,6.235470995306968689e-02,1.887163333594799042e-02,2.019284814596176147e-01,1.019753739237785339e-01,6.532618403434753418e-02,1.982167661190032959e-01,1.310284137725830078e-01,7.142371684312820435e-02,1.470855176448822021e-01,-3.445298885366110739e-23,-7.688245955348671177e-22,1.470855176448822021e-01,2.448285532654841372e-25,-1.185029810051398513e-24,1.470855176448822021e-01
5.781376361846923828e-01,6.207615137100219727e-01,6.021687984466552734e-01,6.589626073837280273e-01,6.216804385185241699e-01,3.870027065277099609e-01,6.636874675750732422e-01,5.971896052360534668e-01,4.588134586811065674e-01,6.664333939552307129e-01,3.789490461349487305e-01,4.150488674640655518e-01,6.671904325485229492e-01,4.467175900936126709e-01,4.855951070785522461e-01,5.474881529808044434e-01,4.531109035015106201e-01,3.441511094570159912e-01,5.226445794105529785e-01,4.426510930061340332e-01,3.076510131359100342e-01,5.087376236915588379e-01,4.112442731857299805e-01,2.735899090766906738e-01,2.591786384582519531e-01,9.419649839401245117e-02,4.669718071818351746e-02,2.498295307159423828e-01,7.476198673248291016e-02,2.183951996266841888e-02,2.374653220176696777e-01,9.987642616033554077e-02,7.701960951089859009e-02,2.364239990711212158e-01,7.468273490667343140e-02,2.546619065105915070e-02,2.298520207405090332e-01,1.356242448091506958e-01,9.597144275903701782e-02,2.291010320186614990e-01,1.528057008981704712e-01,8.904226869344711304e-02,1.680371165275573730e-01,-6.960485009364104488e-24,-6.074456162142494553e-22,1.680371165275573730e-01,2.671646074549447470e-25,-2.252993253413677790e-24,1.680371165275573730e-01
5.552232265472412109e-01,5.580882430076599121e-01,5.170267820358276367e-01,6.595971584320068359e-01,6.385248899459838867e-01,4.157182872295379639e-01,6.652341485023498535e-01,6.315085291862487793e-01,4.824018180370330811e-01,6.720117926597595215e-01,4.417561888694763184e-01,4.959045052528381348e-01,6.906175613403320312e-01,4.660311937332153320e-01,5.474881529808044434e-01,7.494134902954101562e-01,5.677874684333801270e-01,4.141405522823333740e-01,6.995521187782287598e-01,5.530672669410705566e-01,3.806953728199005127e-01,6.801154613494873047e-01,5.490227937698364258e-01,3.782004714012145996e-01,3.613665997982025146e-01,1.509718596935272217e-01,8.406972885131835938e-02,3.515439927577972412e-01,1.044788211584091187e-01,3.546215966343879700e-02,3.340371251106262207e-01,1.195192709565162659e-01,8.457176387310028076e-02,3.296415507793426514e-01,1.024534404277801514e-01,3.732550144195556641e-02,3.205986618995666504e-01,1.619051992893218994e-01,9.783125668764114380e-02,3.139932155609130859e-01,2.140647768974304199e-01,1.263406276702880859e-01,2.370333522558212280e-01,-6.929518274529653669e-23,-5.937669650173990538e-21,2.370333522558212280e-01,2.574903723007216077e-24,-1.388004549268715332e-23,2.370333522558212280e-01
3.337585926055908203e-01,3.617625832557678223e-01,3.343024849891662598e-01,4.446775615215301514e-01,4.842710196971893311e-01,3.651918768882751465e-01,4.510315954685211182e-01,4.828832745552062988e-01,3.805598914623260498e-01,4.603751599788665771e-01,3.838075995445251465e-01,4.723968505859375000e-01,5.009276866912841797e-01,3.343096971511840820e-01,4.531109035015106201e-01,5.677874684333801270e-01,5.970163941383361816e-01,4.574934840202331543e-01,7.044378519058227539e-01,5.872641801834106445e-01,4.125664830207824707e-01,6.863822937011718750e-01,5.519672036170959473e-01,3.730773031711578369e-01,3.581369817256927490e-01,1.387077122926712036e-01,7.240378856658935547e-02,3.475146889686584473e-01,1.114509105682373047e-01,3.957201912999153137e-02,3.321530818939208984e-01,1.207062825560569763e-01,9.106670320034027100e-02,3.286544680595397949e-01,1.082467138767242432e-01,4.186600074172019958e-02,3.206389546394348145e-01,1.773674786090850830e-01,1.152218207716941833e-01,3.169740736484527588e-01,2.159092277288436890e-01,1.299250125885009766e-01,2.400596141815185547e-01,1.775251792248459746e-24,-7.963969628683477906e-22,2.400596141815185547e-01,3.539739429533759057e-25,-2.757500370662592153e-24,2.400596141815185547e-01
2.055965512990951538e-01,2.458021044731140137e-01,2.291195541620254517e-01,3.006627559661865234e-01,3.579884767532348633e-01,2.902476489543914795e-01,3.064970970153808594e-01,3.650529384613037109e-01,2.995171546936035156e-01,3.160650432109832764e-01,3.169898688793182373e-01,4.053363502025604248e-01,3.514254987239837646e-01,2.240712940692901611e-01,3.441511094570159912e-01,4.141405522823333740e-01,4.574934840202331543e-01,4.288153648376464844e-01,6.080101132392883301e-01,5.220101475715637207e-01,3.790798783302307129e-01,6.009541749954223633e-01,4.829257130622863770e-01,3.059425950050354004e-01,2.929395735263824463e-01,1.152335330843925476e-01,6.243763491511344910e-02,2.847842276096343994e-01,1.001769080758094788e-01,3.827073797583580017e-02,2.735667228698730469e-01,1.038981601595878601e-01,7.592548429965972900e-02,2.709419727325439453e-01,9.481272101402282715e-02,3.918984159827232361e-02,2.650067210197448730e-01,1.426949203014373779e-01,8.822415769100189209e-02,2.609870433807373047e-01,1.775217503309249878e-01,1.076437979936599731e-01,1.929328292608261108e-01,1.288603263159345997e-23,-1.300640740992159466e-21,1.929328292608261108e-01,4.702517692120168761e-25,-2.307023520103622720e-24,1.929328292608261108e-01
4.924695491790771484e-01,4.965480268001556396e-01,4.567242860794067383e-01,5.964331030845642090e-01,5.925334692001342773e-01,3.972343802452087402e-01,6.023578047752380371e-01,5.952404141426086426e-01,4.649365544319152832e-01,6.109343171119689941e-01,4.395826160907745361e-01,5.020310878753662109e-01,6.353209614753723145e-01,4.273221790790557861e-01,5.226445794105529785e-01,6.995521187782287598e-01,7.044378519058227539e-01,6.080101132392883301e-01,7.444033622741699219e-01,6.087868809700012207e-01,4.277113080024719238e-01,7.271926403045654297e-01,5.866067409515380859e-01,3.964940011501312256e-01,3.796619176864624023e-01,1.548223197460174561e-01,8.609927445650100708e-02,3.694194257259368896e-01,1.158532649278640747e-01,4.103766009211540222e-02,3.523003160953521729e-01,1.327460110187530518e-01,9.675327688455581665e-02,3.484657406806945801e-01,1.127913370728492737e-01,4.222982004284858704e-02,3.394118845462799072e-01,1.758617907762527466e-01,1.077761352062225342e-01,3.332400619983673096e-01,2.266817390918731689e-01,1.350370943546295166e-01,2.501409947872161865e-01,-4.439078085859677631e-24,-8.344867822486303254e-21,2.501409947872161865e-01,3.431118163961676786e-24,-1.691223906346128010e-23,2.501409947872161865e-01
3.356025815010070801e-01,3.356800079345703125e-01,2.916848659515380859e-01,4.406224489212036133e-01,4.398415386676788330e-01,3.187047839164733887e-01,4.458436071872711182e-01,4.725681841373443604e-01,3.776003122329711914e-01,4.564558267593383789e-01,3.831132948398590088e-01,4.545990228652954102e-01,4.924705922603607178e-01,3.402153253555297852e-01,4.426510930061340332e-01,5.530672669410705566e-01,5.872641801834106445e-01,5.220101475715637207e-01,6.087868809700012207e-01,6.369596123695373535e-01,4.758742451667785645e-01,6.797598004341125488e-01,5.398334264755249023e-01,3.493970930576324463e-01,3.300572931766510010e-01,1.132331266999244690e-01,5.832847580313682556e-02,3.192775249481201172e-01,1.210101246833801270e-01,4.905292019248008728e-02,3.086405396461486816e-01,1.306725442409515381e-01,9.568745642900466919e-02,3.065873086452484131e-01,1.030414476990699768e-01,3.987427055835723877e-02,2.991321384906768799e-01,1.763134747743606567e-01,1.202969402074813843e-01,2.977046668529510498e-01,2.005393207073211670e-01,1.251365542411804199e-01,2.201613187789916992e-01,2.536697414430325728e-24,-9.117477132830705599e-22,2.201613187789916992e-01,5.691034362071961023e-25,-1.842362753253553188e-24,2.201613187789916992e-01
2.116972059011459351e-01,2.174343317747116089e-01,1.849228590726852417e-01,2.919128835201263428e-01,3.024986982345581055e-01,2.195178121328353882e-01,2.958579659461975098e-01,3.356908261775970459e-01,2.758593857288360596e-01,3.050855696201324463e-01,2.864489853382110596e-01,3.420478999614715576e-01,3.331069350242614746e-01,2.257303297519683838e-01,3.076510131359100342e-01,3.806953728199005127e-01,4.125664830207824707e-01,3.790798783302307129e-01,4.277113080024719238e-01,4.758742451667785645e-01,4.106526076793670654e-01,5.588246583938598633e-01,4.504452943801879883e-01,2.766698300838470459e-01,2.600108087062835693e-01,8.971961587667465210e-02,4.524195939302444458e-02,2.515652775764465332e-01,9.846031665802001953e-02,4.181919246912002563e-02,2.442802339792251587e-01,1.042248830199241638e-01,7.732744514942169189e-02,2.435813695192337036e-01,8.681695908308029175e-02,3.667987138032913208e-02,2.385331243276596069e-01,1.458988189697265625e-01,1.005659252405166626e-01,2.379312068223953247e-01,1.621118187904357910e-01,1.009565591812133789e-01,1.722673773765563965e-01,2.209247957990778106e-24,-8.611016819646291166e-22,1.722673773765563965e-01,4.033426333391435717e-25,-1.288589793359389348e-24,1.722673773765563965e-01
4.766966402530670166e-01,4.753147363662719727e-01,4.336226582527160645e-01,5.747646093368530273e-01,5.734828114509582520e-01,3.798667490482330322e-01,5.805473923683166504e-01,5.826638340950012207e-01,4.638740122318267822e-01,5.901415348052978516e-01,4.438037574291229248e-01,5.025750398635864258e-01,6.143593788146972656e-01,4.133393764495849609e-01,5.087376236915588379e-01,6.801154613494873047e-01,6.863822937011718750e-01,6.009541749954223633e-01,7.271926403045654297e-01,6.797598004341125488e-01,5.588246583938598633e-01,7.527589201927185059e-01,6.093854904174804688e-01,4.112061560153961182e-01,3.929924070835113525e-01,1.585021913051605225e-01,8.752691000699996948e-02,3.822724223136901855e-01,1.226321458816528320e-01,4.473394900560379028e-02,3.652524650096893311e-01,1.391402035951614380e-01,1.013212874531745911e-01,3.615627586841583252e-01,1.184543892741203308e-01,4.524369537830352783e-02,3.524110615253448486e-01,1.855193674564361572e-01,1.154752299189567566e-01,3.465538620948791504e-01,2.365788817405700684e-01,1.421869397163391113e-01,2.605150341987609863e-01,-8.048881922323871023e-24,-8.317692839100662234e-21,2.605150341987609863e-01,3.518981886015645692e-24,-1.478112659484128539e-23,2.605150341987609863e-01
3.723153173923492432e-01,3.525452315807342529e-01,3.193577826023101807e-01,4.543889462947845459e-01,4.413572847843170166e-01,2.875704169273376465e-01,4.588674008846282959e-01,4.611855745315551758e-01,3.706112802028656006e-01,4.671514332294464111e-01,3.525230586528778076e-01,4.023579061031341553e-01,4.947330951690673828e-01,3.434885442256927490e-01,4.112442731857299805e-01,5.490227937698364258e-01,5.519672036170959473e-01,4.829257130622863770e-01,5.866067409515380859e-01,5.398334264755249023e-01,4.504452943801879883e-01,6.093854904174804688e-01,6.283571124076843262e-01,4.312748312950134277e-01,4.090354144573211670e-01,1.493551284074783325e-01,7.993103563785552979e-02,3.970434069633483887e-01,1.330181509256362915e-01,5.158945545554161072e-02,3.815461695194244385e-01,1.468911319971084595e-01,1.045481041073799133e-01,3.780460059642791748e-01,1.296428442001342773e-01,5.127250403165817261e-02,3.692030012607574463e-01,2.112061977386474609e-01,1.383481770753860474e-01,3.660247027873992920e-01,2.575031220912933350e-01,1.617976576089859009e-01,2.804165184497833252e-01,8.891024070805320407e-24,-2.368425292789239963e-21,2.804165184497833252e-01,1.331464284950538187e-24,-4.912086578808795910e-24,2.804165184497833252e-01
2.547998726367950439e-01,2.400887906551361084e-01,2.271943241357803345e-01,3.172243833541870117e-01,3.010650277137756348e-01,2.053849101066589355e-01,3.205399811267852783e-01,3.077858388423919678e-01,2.333828955888748169e-01,3.239226937294006348e-01,2.000532001256942749e-01,2.445881962776184082e-01,3.459630310535430908e-01,2.451651841402053833e-01,2.735899090766906738e-01,3.782004714012145996e-01,3.730773031711578369e-01,3.059425950050354004e-01,3.964940011501312256e-01,3.493970930576324463e-01,2.766698300838470459e-01,4.112061560153961182e-01,4.312748312950134277e-01,4.546549022197723389e-01,4.290264546871185303e-01,1.575781255960464478e-01,8.487798273563385010e-02,4.167903065681457520e-01,1.311027854681015015e-01,5.358661711215972900e-02,4.005441665649414062e-01,1.507271081209182739e-01,1.070375367999076843e-01,3.971325457096099854e-01,1.346673965454101562e-01,5.611261725425720215e-02,3.882328271865844727e-01,2.334236651659011841e-01,1.567811667919158936e-01,3.868016898632049561e-01,2.773396670818328857e-01,1.775505989789962769e-01,3.062339127063751221e-01,5.594214504945791665e-25,-4.992938210939563868e-22,3.062339127063751221e-01,3.403012578326656001e-25,-1.299585528302038726e-24,3.062339127063751221e-01
2.527294158935546875e-01,2.369798868894577026e-01,2.256473004817962646e-01,3.074068129062652588e-01,2.945574820041656494e-01,2.018038481473922729e-01,3.105950653553009033e-01,2.961833477020263672e-01,2.242457270622253418e-01,3.133234977722167969e-01,1.900915354490280151e-01,2.310371249914169312e-01,3.307851552963256836e-01,2.311504632234573364e-01,2.591786384582519531e-01,3.613665997982025146e-01,3.581369817256927490e-01,2.929395735263824463e-01,3.796619176864624023e-01,3.300572931766510010e-01,2.600108087062835693e-01,3.929924070835113525e-01,4.090354144573211670e-01,4.290264546871185303e-01,4.668846726417541504e-01,1.845673769712448120e-01,1.025113165378570557e-01,4.544821381568908691e-01,1.371653676033020020e-01,5.343500524759292603e-02,4.348175227642059326e-01,1.616203635931015015e-01,1.139423698186874390e-01,4.304043650627136230e-01,1.412097662687301636e-01,5.664125829935073853e-02,4.200189113616943359e-01,2.347287982702255249e-01,1.518998742103576660e-01,4.154943525791168213e-01,2.937923967838287354e-01,1.838734745979309082e-01,3.277044892311096191e-01,9.816141764741536698e-24,-3.247477763398550116e-21,3.277044892311096191e-01,1.538229855804849318e-24,-6.022103013737049494e-24,3.277044594287872314e-01
1.203041225671768188e-01,1.176035255193710327e-01,1.125745922327041626e-01,1.383092552423477173e-01,1.192120537161827087e-01,7.281319797039031982e-02,1.392200440168380737e-01,1.256807148456573486e-01,1.100039109587669373e-01,1.398455500602722168e-01,7.800860702991485596e-02,8.691067993640899658e-02,1.427190303802490234e-01,9.819848835468292236e-02,9.419649839401245117e-02,1.509718596935272217e-01,1.387077122926712036e-01,1.152335330843925476e-01,1.548223197460174561e-01,1.132331266999244690e-01,8.971961587667465210e-02,1.585021913051605225e-01,1.493551284074783325e-01,1.575781255960464478e-01,1.845673769712448120e-01,1.652553677558898926e-01,9.093166887760162354e-02,4.361257255077362061e-01,1.344337910413742065e-01,5.464281514286994934e-02,4.183778762817382812e-01,1.588369309902191162e-01,1.136437803506851196e-01,4.144793748855590820e-01,1.345462054014205933e-01,5.318665876984596252e-02,4.043342769145965576e-01,2.335058152675628662e-01,1.563460975885391235e-01,4.014876484870910645e-01,2.850768268108367920e-01,1.814607232809066772e-01,3.183068931102752686e-01,1.090364627880227196e-24,-6.401450493171383964e-22,3.183068931102752686e-01,2.796036373794058309e-25,-8.657565024640140679e-25,3.183068931102752686e-01
7.091193646192550659e-02,6.707628071308135986e-02,6.754630804061889648e-02,7.972720265388488770e-02,7.147975265979766846e-02,4.646777361631393433e-02,8.044760674238204956e-02,6.877218186855316162e-02,6.481123715639114380e-02,8.054137229919433594e-02,4.268199577927589417e-02,4.561360925436019897e-02,8.039289712905883789e-02,5.346999689936637878e-02,4.669718071818351746e-02,8.406972885131835938e-02,7.240378856658935547e-02,6.243763491511344910e-02,8.609927445650100708e-02,5.832847580313682556e-02,4.524195939302444458e-02,8.752691000699996948e-02,7.993103563785552979e-02,8.487798273563385010e-02,1.025113165378570557e-01,9.093166887760162354e-02,8.385711163282394409e-02,4.052257537841796875e-01,1.298815608024597168e-01,5.526100844144821167e-02,3.900277316570281982e-01,1.547683328390121460e-01,1.125381141901016235e-01,3.869080245494842529e-01,1.292520463466644287e-01,5.502570047974586487e-02,3.782736063003540039e-01,2.199076414108276367e-01,1.512329876422882080e-01,3.761945068836212158e-01,2.628789246082305908e-01,1.685994118452072144e-01,2.947605550289154053e-01,-1.036615195672540946e-24,-3.506185568168220302e-22,2.947605550289154053e-01,2.360757717435076889e-25,-6.002922353864666355e-25,2.947605848312377930e-01
2.479274272918701172e-01,2.331030368804931641e-01,2.227629125118255615e-01,3.000689744949340820e-01,2.877497375011444092e-01,1.965672820806503296e-01,3.032035529613494873e-01,2.884716391563415527e-01,2.203932106494903564e-01,3.057698905467987061e-01,1.850528270006179810e-01,2.243283987045288086e-01,3.218161463737487793e-01,2.234580963850021362e-01,2.498295307159423828e-01,3.515439927577972412e-01,3.475146889686584473e-01,2.847842276096343994e-01,3.694194257259368896e-01,3.192775249481201172e-01,2.515652775764465332e-01,3.822724223136901855e-01,3.970434069633483887e-01,4.167903065681457520e-01,4.544821381568908691e-01,4.361257255077362061e-01,4.052257537841796875e-01,4.612359106540679932e-01,1.433658003807067871e-01,5.813139677047729492e-02,4.424334764480590820e-01,1.678606867790222168e-01,1.213253885507583618e-01,4.386437535285949707e-01,1.474022418260574341e-01,6.364365667104721069e-02,4.290527105331420898e-01,2.438875287771224976e-01,1.624867767095565796e-01,4.254059195518493652e-01,2.983676791191101074e-01,1.885334849357604980e-01,3.347110450267791748e-01,7.996227034622178927e-24,-3.055334975822740688e-21,3.347110450267791748e-01,1.634212337080126571e-24,-5.400828113651642047e-24,3.347110450267791748e-01
7.174123823642730713e-02,7.126187533140182495e-02,6.333870440721511841e-02,8.434803038835525513e-02,9.186103940010070801e-02,6.305325031280517578e-02,8.542899787425994873e-02,1.002236008644104004e-01,8.383161574602127075e-02,8.697507530450820923e-02,7.217401266098022461e-02,8.502400666475296021e-02,9.219022840261459351e-02,5.705458298325538635e-02,7.476198673248291016e-02,1.044788211584091187e-01,1.114509105682373047e-01,1.001769080758094788e-01,1.158532649278640747e-01,1.210101246833801270e-01,9.846031665802001953e-02,1.226321458816528320e-01,1.330181509256362915e-01,1.311027854681015015e-01,1.371653676033020020e-01,1.344337910413742065e-01,1.298815608024597168e-01,1.433658003807067871e-01,1.414214819669723511e-01,6.091699376702308655e-02,4.237187206745147705e-01,1.527773141860961914e-01,1.046849414706230164e-01,4.198393523693084717e-01,1.509571522474288940e-01,7.215148210525512695e-02,4.124541580677032471e-01,2.448982149362564087e-01,1.684717983007431030e-01,4.106284081935882568e-01,2.880570888519287109e-01,1.840979307889938354e-01,3.229544460773468018e-01,3.681802382422809918e-24,-9.515082214159310524e-22,3.229544460773468018e-01,4.178111558537054374e-25,-1.049649544409507725e-24,3.229544162750244141e-01
2.536709234118461609e-02,2.890423871576786041e-02,2.604802139103412628e-02,2.795979194343090057e-02,2.941314131021499634e-02,1.961158961057662964e-02,2.841051854193210602e-02,3.987667709589004517e-02,3.730583190917968750e-02,2.895830944180488586e-02,2.982575073838233948e-02,3.333130478858947754e-02,2.945168688893318176e-02,1.308279950171709061e-02,2.183951996266841888e-02,3.546215966343879700e-02,3.957201912999153137e-02,3.827073797583580017e-02,4.103766009211540222e-02,4.905292019248008728e-02,4.181919246912002563e-02,4.473394900560379028e-02,5.158945545554161072e-02,5.358661711215972900e-02,5.343500524759292603e-02,5.464281514286994934e-02,5.526100844144821167e-02,5.813139677047729492e-02,6.091699376702308655e-02,7.479821890592575073e-02,4.535631835460662842e-01,1.690974086523056030e-01,1.204670369625091553e-01,4.504376351833343506e-01,1.608310788869857788e-01,7.913347333669662476e-02,4.428495764732360840e-01,2.627070844173431396e-01,1.821650862693786621e-01,4.410175085067749023e-01,3.132323026657104492e-01,2.059929370880126953e-01,3.506891131401062012e-01,6.999774818394315896e-25,-5.039186917002137171e-22,3.506891131401062012e-01,2.320026856746252997e-25,-4.883499147072104815e-25,3.506891131401062012e-01
2.344034761190414429e-01,2.215109914541244507e-01,2.114170044660568237e-01,2.839562296867370605e-01,2.733159959316253662e-01,1.881571859121322632e-01,2.870023250579833984e-01,2.763351202011108398e-01,2.122896760702133179e-01,2.895677387714385986e-01,1.788207143545150757e-01,2.166997343301773071e-01,3.047396242618560791e-01,2.100650370121002197e-01,2.374653220176696777e-01,3.340371251106262207e-01,3.321530818939208984e-01,2.735667228698730469e-01,3.523003160953521729e-01,3.086405396461486816e-01,2.442802339792251587e-01,3.652524650096893311e-01,3.815461695194244385e-01,4.005441665649414062e-01,4.348175227642059326e-01,4.183778762817382812e-01,3.900277316570281982e-01,4.424334764480590820e-01,4.237187206745147705e-01,4.535631835460662842e-01,4.852886795997619629e-01,1.837395578622817993e-01,1.342819780111312866e-01,4.821611940860748291e-01,1.682660281658172607e-01,7.964418828487396240e-02,4.732540547847747803e-01,2.757568061351776123e-01,1.891970336437225342e-01,4.706413447856903076e-01,3.356173634529113770e-01,2.191951125860214233e-01,3.762509226799011230e-01,4.905422281881488802e-24,-3.373697325769437634e-21,3.762509226799011230e-01,1.591051686195608810e-24,-4.848786407621598870e-24,3.762509226799011230e-01
8.297186344861984253e-02,7.725873589515686035e-02,7.050259411334991455e-02,9.899482876062393188e-02,9.303712844848632812e-02,7.153242081403732300e-02,1.004440411925315857e-01,1.086159124970436096e-01,8.302460610866546631e-02,1.013753637671470642e-01,6.798411905765533447e-02,8.239103853702545166e-02,1.099832430481910706e-01,8.443208038806915283e-02,9.987642616033554077e-02,1.195192709565162659e-01,1.207062825560569763e-01,1.038981601595878601e-01,1.327460110187530518e-01,1.306725442409515381e-01,1.042248830199241638e-01,1.391402035951614380e-01,1.468911319971084595e-01,1.507271081209182739e-01,1.616203635931015015e-01,1.588369309902191162e-01,1.547683328390121460e-01,1.678606867790222168e-01,1.527773141860961914e-01,1.690974086523056030e-01,1.837395578622817993e-01,1.869719177484512329e-01,1.417692005634307861e-01,4.773749411106109619e-01,1.606187671422958374e-01,7.439708709716796875e-02,4.681204855442047119e-01,2.904325425624847412e-01,2.143499404191970825e-01,4.691283404827117920e-01,3.289376497268676758e-01,2.133308500051498413e-01,3.759059309959411621e-01,-8.608888978781060350e-26,-2.525017792303113098e-22,3.759059309959411621e-01,1.141076699083779669e-25,-3.607040851143656797e-25,3.759059309959411621e-01
