1.625878736376762390e-02,1.690660044550895691e-02,1.857884041965007782e-02,1.643431372940540314e-02,1.804620400071144104e-02,1.784909702837467194e-02,1.645631529390811920e-02,1.670414209365844727e-02,1.837612316012382507e-02,1.656594872474670410e-02,1.478338893502950668e-02,1.569034531712532043e-02,1.638046652078628540e-02,1.609062962234020233e-02,1.484033185988664627e-02,1.636310294270515442e-02,1.405986677855253220e-02,1.364661101251840591e-02,1.629279740154743195e-02,1.714130304753780365e-02,1.437586639076471329e-02,1.627054437994956970e-02,1.597581617534160614e-02,1.715411804616451263e-02,1.603901758790016174e-02,1.368353329598903656e-02,1.186751015484333038e-02,1.598563417792320251e-02,1.532752998173236847e-02,1.381124928593635559e-02,1.590200513601303101e-02,1.567657664418220520e-02,1.571115665137767792e-02,1.585354842245578766e-02,1.631496287882328033e-02,1.684069633483886719e-02,1.580183580517768860e-02,1.508941128849983215e-02,1.478389650583267212e-02,1.572299748659133911e-02,1.484112255275249481e-02,1.376802567392587662e-02,1.381119620054960251e-02,1.376187242567539215e-02,1.352327782660722733e-02,1.369975507259368896e-02,1.339205075055360794e-02,1.291317306458950043e-02,1.362433377653360367e-02
1.690660044550895691e-02,1.781961321830749512e-02,1.955603435635566711e-02,1.731700263917446136e-02,1.896477490663528442e-02,1.871433295309543610e-02,1.733925752341747284e-02,1.760972850024700165e-02,1.932406425476074219e-02,1.745469868183135986e-02,1.553441118448972702e-02,1.650275103747844696e-02,1.727231778204441071e-02,1.689790561795234680e-02,1.558441855013370514e-02,1.725440286099910736e-02,1.485667191445827484e-02,1.440774742513895035e-02,1.718133501708507538e-02,1.806252822279930115e-02,1.510096248239278793e-02,1.715514622628688812e-02,1.684308238327503204e-02,1.802923716604709625e-02,1.688970439136028290e-02,1.442135125398635864e-02,1.248685922473669052e-02,1.683402061462402344e-02,1.613692007958889008e-02,1.451368723064661026e-02,1.674735732376575470e-02,1.650949567556381226e-02,1.650026068091392517e-02,1.669624820351600647e-02,1.719270460307598114e-02,1.769184507429599762e-02,1.664137840270996094e-02,1.586626097559928894e-02,1.550519466400146484e-02,1.655795611441135406e-02,1.562776602804660797e-02,1.448569819331169128e-02,1.452863868325948715e-02,1.446252036839723587e-02,1.419978775084018707e-02,1.441020332276821136e-02,1.406205072999000549e-02,1.354197785258293152e-02,1.432966534048318863e-02
1.857884041965007782e-02,1.955603435635566711e-02,2.077649161219596863e-02,1.830515079200267792e-02,2.012962475419044495e-02,2.000076882541179657e-02,1.833458617329597473e-02,1.881042681634426117e-02,2.067319862544536591e-02,1.845978945493698120e-02,1.641958020627498627e-02,1.750786975026130676e-02,1.832838542759418488e-02,1.798348128795623779e-02,1.664980128407478333e-02,1.831792853772640228e-02,1.588498428463935852e-02,1.547591481357812881e-02,1.824590004980564117e-02,1.918803527951240540e-02,1.609777472913265228e-02,1.821912825107574463e-02,1.799426786601543427e-02,1.921937055885791779e-02,1.799808815121650696e-02,1.544412598013877869e-02,1.342996675521135330e-02,1.794889755547046661e-02,1.727672293782234192e-02,1.557544525712728500e-02,1.786267571151256561e-02,1.767219789326190948e-02,1.765732653439044952e-02,1.780947856605052948e-02,1.836167275905609131e-02,1.895899884402751923e-02,1.775490678846836090e-02,1.695175468921661377e-02,1.666322536766529083e-02,1.767101138830184937e-02,1.669765636324882507e-02,1.557417493313550949e-02,1.547309663146734238e-02,1.543937344104051590e-02,1.525697112083435059e-02,1.535286847501993179e-02,1.501868851482868195e-02,1.453983876854181290e-02,1.527240592986345291e-02
1.643431372940540314e-02,1.731700263917446136e-02,1.830515079200267792e-02,1.804947480559349060e-02,1.985870860517024994e-02,1.982629112899303436e-02,1.807698607444763184e-02,1.853168942034244537e-02,2.038051933050155640e-02,1.819954439997673035e-02,1.626098155975341797e-02,1.728544197976589203e-02,1.804119348526000977e-02,1.778376847505569458e-02,1.644574850797653198e-02,1.802844181656837463e-02,1.559390965849161148e-02,1.519218459725379944e-02,1.795591972768306732e-02,1.887521333992481232e-02,1.590372249484062195e-02,1.793257892131805420e-02,1.770319603383541107e-02,1.897331513464450836e-02,1.771323196589946747e-02,1.518047321587800980e-02,1.322379428893327713e-02,1.766153424978256226e-02,1.698373444378376007e-02,1.533962786197662354e-02,1.757431961596012115e-02,1.737032830715179443e-02,1.740595139563083649e-02,1.752120442688465118e-02,1.804917864501476288e-02,1.870075799524784088e-02,1.746683381497859955e-02,1.671532914042472839e-02,1.643669046461582184e-02,1.738340221345424652e-02,1.643652468919754028e-02,1.531016454100608826e-02,1.518935896456241608e-02,1.516216807067394257e-02,1.498217694461345673e-02,1.507049053907394409e-02,1.474754512310028076e-02,1.428617257624864578e-02,1.499019935727119446e-02
1.804620400071144104e-02,1.896477490663528442e-02,2.012962475419044495e-02,1.985870860517024994e-02,2.151840552687644958e-02,2.180788479745388031e-02,1.941453106701374054e-02,2.024932205677032471e-02,2.239283174276351929e-02,1.954943314194679260e-02,1.752190850675106049e-02,1.874081045389175415e-02,1.947234757244586945e-02,1.940231397747993469e-02,1.806023530662059784e-02,1.947193033993244171e-02,1.702399924397468567e-02,1.672942005097866058e-02,1.940142549574375153e-02,2.038010209798812866e-02,1.734075695276260376e-02,1.938030682504177094e-02,1.932216435670852661e-02,2.071078307926654816e-02,1.925211772322654724e-02,1.659251190721988678e-02,1.452724821865558624e-02,1.921160519123077393e-02,1.859959401190280914e-02,1.691498979926109314e-02,1.912663131952285767e-02,1.901476085186004639e-02,1.911766454577445984e-02,1.907028071582317352e-02,1.965084671974182129e-02,2.052733860909938812e-02,1.901667192578315735e-02,1.826869323849678040e-02,1.815071143209934235e-02,1.893271878361701965e-02,1.792656630277633667e-02,1.684051193296909332e-02,1.645619049668312073e-02,1.654194481670856476e-02,1.658162102103233337e-02,1.633712835609912872e-02,1.605776511132717133e-02,1.572486385703086853e-02,1.625852100551128387e-02
1.784909702837467194e-02,1.871433295309543610e-02,2.000076882541179657e-02,1.982629112899303436e-02,2.180788479745388031e-02,2.066623233258724213e-02,1.834239251911640167e-02,1.922589540481567383e-02,2.128394506871700287e-02,1.847106218338012695e-02,1.654457300901412964e-02,1.773503422737121582e-02,1.844657212495803833e-02,1.840414665639400482e-02,1.717530936002731323e-02,1.845155283808708191e-02,1.618488132953643799e-02,1.589036919176578522e-02,1.838702522218227386e-02,1.929296925663948059e-02,1.644156314432621002e-02,1.836670003831386566e-02,1.835601590573787689e-02,1.959005370736122131e-02,1.828682422637939453e-02,1.580224558711051941e-02,1.383700873702764511e-02,1.825577020645141602e-02,1.771362125873565674e-02,1.608562283217906952e-02,1.817860640585422516e-02,1.810115203261375427e-02,1.816304214298725128e-02,1.812537387013435364e-02,1.868756674230098724e-02,1.949544064700603485e-02,1.807665266096591949e-02,1.735191605985164642e-02,1.725244149565696716e-02,1.799944601953029633e-02,1.706017181277275085e-02,1.603298075497150421e-02,1.565859653055667877e-02,1.576928608119487762e-02,1.586770825088024139e-02,1.554886531084775925e-02,1.530220266431570053e-02,1.502133067697286606e-02,1.547704450786113739e-02
1.645631529390811920e-02,1.733925752341747284e-02,1.833458617329597473e-02,1.807698607444763184e-02,1.941453106701374054e-02,1.834239251911640167e-02,1.828255504369735718e-02,1.876260340213775635e-02,2.063804119825363159e-02,1.840676926076412201e-02,1.644817367196083069e-02,1.748886331915855408e-02,1.825093291699886322e-02,1.799795217812061310e-02,1.664942875504493713e-02,1.823881641030311584e-02,1.578563451766967773e-02,1.538623124361038208e-02,1.816594786942005157e-02,1.909718289971351624e-02,1.610015332698822021e-02,1.814252510666847229e-02,1.792030222713947296e-02,1.920436322689056396e-02,1.792617514729499817e-02,1.537055522203445435e-02,1.339432317763566971e-02,1.787472888827323914e-02,1.719524897634983063e-02,1.553563494235277176e-02,1.778700947761535645e-02,1.758649386465549469e-02,1.762342825531959534e-02,1.773333735764026642e-02,1.826891116797924042e-02,1.893612183630466461e-02,1.767865382134914398e-02,1.692208833992481232e-02,1.665037311613559723e-02,1.759468205273151398e-02,1.663888432085514069e-02,1.550696417689323425e-02,1.536733563989400864e-02,1.534489728510379791e-02,1.517263799905776978e-02,1.524758152663707733e-02,1.492514833807945251e-02,1.446620933711528778e-02,1.516677252948284149e-02
1.670414209365844727e-02,1.760972850024700165e-02,1.881042681634426117e-02,1.853168942034244537e-02,2.024932205677032471e-02,1.922589540481567383e-02,1.876260340213775635e-02,2.102747559547424316e-02,2.313734032213687897e-02,2.052511088550090790e-02,1.839805766940116882e-02,1.955479010939598083e-02,2.038246579468250275e-02,2.016359940171241760e-02,1.867312565445899963e-02,2.037370204925537109e-02,1.770179904997348785e-02,1.725548133254051208e-02,2.029685489833354950e-02,2.134685218334197998e-02,1.811525784432888031e-02,2.027428708970546722e-02,2.006256021559238434e-02,2.148978412151336670e-02,2.005029097199440002e-02,1.725073345005512238e-02,1.508126873522996902e-02,1.999734155833721161e-02,1.927013136446475983e-02,1.745134778320789337e-02,1.990296505391597748e-02,1.971552334725856781e-02,1.975337602198123932e-02,1.984464563429355621e-02,2.045191638171672821e-02,2.120456472039222717e-02,1.978625729680061340e-02,1.895436085760593414e-02,1.872183568775653839e-02,1.969629153609275818e-02,1.864564977586269379e-02,1.743258349597454071e-02,1.708271913230419159e-02,1.706774719059467316e-02,1.693423278629779816e-02,1.695291511714458466e-02,1.660145260393619537e-02,1.613827422261238098e-02,1.686593145132064819e-02
1.837612316012382507e-02,1.932406425476074219e-02,2.067319862544536591e-02,2.038051933050155640e-02,2.239283174276351929e-02,2.128394506871700287e-02,2.063804119825363159e-02,2.313734032213687897e-02,2.162942849099636078e-02,1.955741271376609802e-02,1.747337915003299713e-02,1.851351559162139893e-02,1.937663555145263672e-02,1.894494518637657166e-02,1.745746470987796783e-02,1.935912482440471649e-02,1.673790626227855682e-02,1.615661196410655975e-02,1.927922293543815613e-02,2.023764885962009430e-02,1.700802333652973175e-02,1.925119571387767792e-02,1.890486106276512146e-02,2.017151750624179840e-02,1.890717074275016785e-02,1.621668040752410889e-02,1.407882198691368103e-02,1.884501986205577850e-02,1.808548159897327423e-02,1.626793853938579559e-02,1.874979771673679352e-02,1.848560012876987457e-02,1.843301579356193542e-02,1.869418658316135406e-02,1.925702579319477081e-02,1.975539512932300568e-02,1.863390579819679260e-02,1.777217537164688110e-02,1.740114949643611908e-02,1.854391396045684814e-02,1.753187179565429688e-02,1.628480479121208191e-02,1.611156389117240906e-02,1.599778793752193451e-02,1.569784060120582581e-02,1.598052307963371277e-02,1.555687934160232544e-02,1.498445682227611542e-02,1.589161157608032227e-02
1.656594872474670410e-02,1.745469868183135986e-02,1.845978945493698120e-02,1.819954439997673035e-02,1.954943314194679260e-02,1.847106218338012695e-02,1.840676926076412201e-02,2.052511088550090790e-02,1.955741271376609802e-02,1.838060468435287476e-02,1.642139628529548645e-02,1.746072620153427124e-02,1.822425797581672668e-02,1.796559616923332214e-02,1.661915704607963562e-02,1.821207068860530853e-02,1.576179265975952148e-02,1.536235399544239044e-02,1.813928410410881042e-02,1.907025836408138275e-02,1.607256382703781128e-02,1.811579987406730652e-02,1.789239980280399323e-02,1.917222142219543457e-02,1.789886690676212311e-02,1.534708775579929352e-02,1.337246131151914597e-02,1.784742996096611023e-02,1.716773398220539093e-02,1.550859585404396057e-02,1.775981858372688293e-02,1.755887456238269806e-02,1.759325340390205383e-02,1.770619302988052368e-02,1.824134960770606995e-02,1.890451647341251373e-02,1.765149831771850586e-02,1.689506694674491882e-02,1.662033796310424805e-02,1.756758242845535278e-02,1.661239750683307648e-02,1.548065058887004852e-02,1.534478738903999329e-02,1.532228477299213409e-02,1.514950860291719437e-02,1.522515621036291122e-02,1.490252651274204254e-02,1.444359403103590012e-02,1.514441519975662231e-02
1.478338893502950668e-02,1.553441118448972702e-02,1.641958020627498627e-02,1.626098155975341797e-02,1.752190850675106049e-02,1.654457300901412964e-02,1.644817367196083069e-02,1.839805766940116882e-02,1.747337915003299713e-02,1.642139628529548645e-02,1.810438744723796844e-02,1.930584385991096497e-02,2.007354982197284698e-02,1.995936036109924316e-02,1.855710893869400024e-02,2.006925269961357117e-02,1.750131510198116302e-02,1.718567311763763428e-02,1.999641209840774536e-02,2.101401239633560181e-02,1.788153126835823059e-02,1.997521892189979553e-02,1.987190917134284973e-02,2.130691520869731903e-02,1.980983652174472809e-02,1.707168854773044586e-02,1.497183833271265030e-02,1.976381987333297729e-02,1.910268887877464294e-02,1.737069897353649139e-02,1.967406086623668671e-02,1.953629776835441589e-02,1.963468641042709351e-02,1.961638778448104858e-02,2.021262608468532562e-02,2.110013924539089203e-02,1.956033706665039062e-02,1.879358291625976562e-02,1.865657791495323181e-02,1.947326213121414185e-02,1.844768039882183075e-02,1.731519587337970734e-02,1.692131347954273224e-02,1.696281880140304565e-02,1.693425886332988739e-02,1.679673045873641968e-02,1.649337820708751678e-02,1.612993143498897552e-02,1.671388000249862671e-02
1.569034531712532043e-02,1.650275103747844696e-02,1.750786975026130676e-02,1.728544197976589203e-02,1.874081045389175415e-02,1.773503422737121582e-02,1.748886331915855408e-02,1.955479010939598083e-02,1.851351559162139893e-02,1.746072620153427124e-02,1.930584385991096497e-02,1.899152435362339020e-02,1.972707547247409821e-02,1.969831623136997223e-02,1.835577376186847687e-02,1.972777023911476135e-02,1.723175682127475739e-02,1.699600741267204285e-02,1.965937577188014984e-02,2.069181576371192932e-02,1.763573475182056427e-02,1.964060775935649872e-02,1.960516534745693207e-02,2.104892581701278687e-02,1.951623335480690002e-02,1.682513207197189331e-02,1.477860938757658005e-02,1.947562396526336670e-02,1.885367929935455322e-02,1.718521490693092346e-02,1.938984170556068420e-02,1.930039003491401672e-02,1.943858526647090912e-02,1.933239959180355072e-02,1.993751712143421173e-02,2.091546542942523956e-02,1.927880384027957916e-02,1.854261197149753571e-02,1.850153692066669464e-02,1.919495686888694763e-02,1.817425899207592010e-02,1.712326519191265106e-02,1.661525294184684753e-02,1.670949906110763550e-02,1.678809709846973419e-02,1.649613864719867706e-02,1.624217443168163300e-02,1.596686616539955139e-02,1.641787402331829071e-02
1.638046652078628540e-02,1.727231778204441071e-02,1.832838542759418488e-02,1.804119348526000977e-02,1.947234757244586945e-02,1.844657212495803833e-02,1.825093291699886322e-02,2.038246579468250275e-02,1.937663555145263672e-02,1.822425797581672668e-02,2.007354982197284698e-02,1.972707547247409821e-02,1.908862031996250153e-02,1.880834810435771942e-02,1.741075702011585236e-02,1.907942257821559906e-02,1.656083017587661743e-02,1.615920476615428925e-02,1.900511980056762695e-02,1.999478042125701904e-02,1.687179692089557648e-02,1.898026093840599060e-02,1.877095177769660950e-02,2.008275873959064484e-02,1.880003698170185089e-02,1.615841127932071686e-02,1.408219616860151291e-02,1.875138841569423676e-02,1.807612180709838867e-02,1.631871983408927917e-02,1.866227388381958008e-02,1.848965138196945190e-02,1.848416589200496674e-02,1.860687881708145142e-02,1.918183080852031708e-02,1.985154487192630768e-02,1.855129189789295197e-02,1.776163280010223389e-02,1.748807169497013092e-02,1.846540346741676331e-02,1.747326180338859558e-02,1.628911495208740234e-02,1.615392044186592102e-02,1.616475358605384827e-02,1.599187776446342468e-02,1.603077538311481476e-02,1.571080088615417480e-02,1.523471996188163757e-02,1.594799757003784180e-02
1.609062962234020233e-02,1.689790561795234680e-02,1.798348128795623779e-02,1.778376847505569458e-02,1.940231397747993469e-02,1.840414665639400482e-02,1.799795217812061310e-02,2.016359940171241760e-02,1.894494518637657166e-02,1.796559616923332214e-02,1.995936036109924316e-02,1.969831623136997223e-02,1.880834810435771942e-02,1.948996074497699738e-02,1.805859245359897614e-02,1.970357261598110199e-02,1.715308241546154022e-02,1.676114462316036224e-02,1.962959021329879761e-02,2.064242400228977203e-02,1.750947907567024231e-02,1.960672438144683838e-02,1.942511275410652161e-02,2.080191113054752350e-02,1.943733170628547668e-02,1.673531159758567810e-02,1.463470049202442169e-02,1.938955858349800110e-02,1.871996000409126282e-02,1.696079038083553314e-02,1.929936744272708893e-02,1.914574764668941498e-02,1.917362026870250702e-02,1.924330182373523712e-02,1.983548700809478760e-02,2.057627588510513306e-02,1.918714866042137146e-02,1.839484833180904388e-02,1.815944164991378784e-02,1.910057105123996735e-02,1.809083111584186554e-02,1.690966263413429260e-02,1.670530252158641815e-02,1.672377251088619232e-02,1.659095287322998047e-02,1.657986640930175781e-02,1.624660193920135498e-02,1.579951122403144836e-02,1.649592071771621704e-02
1.484033185988664627e-02,1.558441855013370514e-02,1.664980128407478333e-02,1.644574850797653198e-02,1.806023530662059784e-02,1.717530936002731323e-02,1.664942875504493713e-02,1.867312565445899963e-02,1.745746470987796783e-02,1.661915704607963562e-02,1.855710893869400024e-02,1.835577376186847687e-02,1.741075702011585236e-02,1.805859245359897614e-02,1.924202032387256622e-02,2.092957124114036560e-02,1.826223731040954590e-02,1.790519244968891144e-02,2.085430547595024109e-02,2.197083830833435059e-02,1.865855790674686432e-02,2.083174325525760651e-02,2.068751864135265350e-02,2.218488045036792755e-02,2.065312676131725311e-02,1.777715794742107391e-02,1.558182574808597565e-02,2.060479670763015747e-02,1.990933157503604889e-02,1.807473599910736084e-02,2.051141858100891113e-02,2.037818543612957001e-02,2.045674994587898254e-02,2.045214362442493439e-02,2.111265435814857483e-02,2.194485440850257874e-02,2.039383538067340851e-02,1.956673339009284973e-02,1.940206438302993774e-02,2.030349895358085632e-02,1.921533606946468353e-02,1.803387701511383057e-02,1.776495017111301422e-02,1.780424825847148895e-02,1.773835718631744385e-02,1.763461902737617493e-02,1.730832271277904510e-02,1.689361222088336945e-02,1.754838041961193085e-02
1.636310294270515442e-02,1.725440286099910736e-02,1.831792853772640228e-02,1.802844181656837463e-02,1.947193033993244171e-02,1.845155283808708191e-02,1.823881641030311584e-02,2.037370204925537109e-02,1.935912482440471649e-02,1.821207068860530853e-02,2.006925269961357117e-02,1.972777023911476135e-02,1.907942257821559906e-02,1.970357261598110199e-02,2.092957124114036560e-02,1.906830258667469025e-02,1.655256189405918121e-02,1.615053787827491760e-02,1.899407058954238892e-02,1.998401619493961334e-02,1.686012744903564453e-02,1.896910928189754486e-02,1.876064203679561615e-02,2.006932161748409271e-02,1.878867298364639282e-02,1.614959724247455597e-02,1.407255791127681732e-02,1.874017715454101562e-02,1.806632801890373230e-02,1.630797795951366425e-02,1.865119859576225281e-02,1.847929134964942932e-02,1.847088523209095001e-02,1.859580539166927338e-02,1.917131990194320679e-02,1.983751170337200165e-02,1.854023151099681854e-02,1.774999126791954041e-02,1.747684739530086517e-02,1.845440268516540527e-02,1.746228896081447601e-02,1.627919822931289673e-02,1.613887958228588104e-02,1.614980585873126984e-02,1.597876287996768951e-02,1.601580344140529633e-02,1.569599844515323639e-02,1.522093731909990311e-02,1.593309454619884491e-02
1.405986677855253220e-02,1.485667191445827484e-02,1.588498428463935852e-02,1.559390965849161148e-02,1.702399924397468567e-02,1.618488132953643799e-02,1.578563451766967773e-02,1.770179904997348785e-02,1.673790626227855682e-02,1.576179265975952148e-02,1.750131510198116302e-02,1.723175682127475739e-02,1.656083017587661743e-02,1.715308241546154022e-02,1.826223731040954590e-02,1.655256189405918121e-02,1.590737886726856232e-02,1.546314824372529984e-02,1.827327720820903778e-02,1.922511868178844452e-02,1.619675196707248688e-02,1.824837364256381989e-02,1.800851523876190186e-02,1.922062039375305176e-02,1.806723512709140778e-02,1.551105827093124390e-02,1.348178461194038391e-02,1.802064478397369385e-02,1.736999303102493286e-02,1.562100369483232498e-02,1.793456822633743286e-02,1.775780506432056427e-02,1.770281232893466949e-02,1.788218505680561066e-02,1.843712851405143738e-02,1.898291893303394318e-02,1.782858371734619141e-02,1.703486405313014984e-02,1.671222969889640808e-02,1.774567738175392151e-02,1.678716205060482025e-02,1.560273580253124237e-02,1.553892064839601517e-02,1.555053889751434326e-02,1.537125650793313980e-02,1.541996933519840240e-02,1.509486231952905655e-02,1.462653372436761856e-02,1.534025836735963821e-02
1.364661101251840591e-02,1.440774742513895035e-02,1.547591481357812881e-02,1.519218459725379944e-02,1.672942005097866058e-02,1.589036919176578522e-02,1.538623124361038208e-02,1.725548133254051208e-02,1.615661196410655975e-02,1.536235399544239044e-02,1.718567311763763428e-02,1.699600741267204285e-02,1.615920476615428925e-02,1.676114462316036224e-02,1.790519244968891144e-02,1.615053787827491760e-02,1.546314824372529984e-02,1.501949038356542587e-02,1.779167540371417999e-02,1.869855821132659912e-02,1.569995656609535217e-02,1.776503399014472961e-02,1.752790249884128571e-02,1.863992959260940552e-02,1.758007332682609558e-02,1.510197948664426804e-02,1.308488566428422928e-02,1.753426156938076019e-02,1.689380966126918793e-02,1.513594016432762146e-02,1.745033636689186096e-02,1.726803183555603027e-02,1.715965755283832550e-02,1.739868149161338806e-02,1.795484870672225952e-02,1.840886659920215607e-02,1.734588108956813812e-02,1.655301079154014587e-02,1.619885861873626709e-02,1.726469583809375763e-02,1.633333042263984680e-02,1.516621001064777374e-02,1.515521481633186340e-02,1.513614598661661148e-02,1.491981744766235352e-02,1.503776665776968002e-02,1.470105256885290146e-02,1.420800108462572098e-02,1.495905313640832901e-02
1.629279740154743195e-02,1.718133501708507538e-02,1.824590004980564117e-02,1.795591972768306732e-02,1.940142549574375153e-02,1.838702522218227386e-02,1.816594786942005157e-02,2.029685489833354950e-02,1.927922293543815613e-02,1.813928410410881042e-02,1.999641209840774536e-02,1.965937577188014984e-02,1.900511980056762695e-02,1.962959021329879761e-02,2.085430547595024109e-02,1.899407058954238892e-02,1.827327720820903778e-02,1.779167540371417999e-02,1.893723383545875549e-02,1.992452517151832581e-02,1.680595241487026215e-02,1.891222782433032990e-02,1.870348118245601654e-02,2.000617608428001404e-02,1.873293705284595490e-02,1.610081456601619720e-02,1.402753591537475586e-02,1.868463307619094849e-02,1.801264844834804535e-02,1.625635102391242981e-02,1.859590224921703339e-02,1.842432096600532532e-02,1.841297373175621033e-02,1.854063756763935089e-02,1.911537162959575653e-02,1.977630145847797394e-02,1.848520152270793915e-02,1.769546791911125183e-02,1.742077618837356567e-02,1.839957386255264282e-02,1.740960963070392609e-02,1.622767373919487000e-02,1.609343849122524261e-02,1.610453240573406219e-02,1.593245007097721100e-02,1.597066409885883331e-02,1.565192639827728271e-02,1.517638750374317169e-02,1.588816009461879730e-02
1.714130304753780365e-02,1.806252822279930115e-02,1.918803527951240540e-02,1.887521333992481232e-02,2.038010209798812866e-02,1.929296925663948059e-02,1.909718289971351624e-02,2.134685218334197998e-02,2.023764885962009430e-02,1.907025836408138275e-02,2.101401239633560181e-02,2.069181576371192932e-02,1.999478042125701904e-02,2.064242400228977203e-02,2.197083830833435059e-02,1.998401619493961334e-02,1.922511868178844452e-02,1.869855821132659912e-02,1.992452517151832581e-02,2.007281221449375153e-02,1.694044098258018494e-02,1.906743831932544708e-02,1.887396536767482758e-02,2.015843428671360016e-02,1.891790702939033508e-02,1.628861948847770691e-02,1.419687829911708832e-02,1.887094601988792419e-02,1.821336150169372559e-02,1.643639244139194489e-02,1.878239959478378296e-02,1.861656084656715393e-02,1.858924329280853271e-02,1.872653141617774963e-02,1.931089721620082855e-02,1.997744105756282806e-02,1.867104694247245789e-02,1.787329837679862976e-02,1.761994138360023499e-02,1.858524046838283539e-02,1.759734749794006348e-02,1.643669232726097107e-02,1.627754978835582733e-02,1.627521030604839325e-02,1.611047983169555664e-02,1.615349762141704559e-02,1.582453213632106781e-02,1.535427197813987732e-02,1.607012376189231873e-02
1.437586639076471329e-02,1.510096248239278793e-02,1.609777472913265228e-02,1.590372249484062195e-02,1.734075695276260376e-02,1.644156314432621002e-02,1.610015332698822021e-02,1.811525784432888031e-02,1.700802333652973175e-02,1.607256382703781128e-02,1.788153126835823059e-02,1.763573475182056427e-02,1.687179692089557648e-02,1.750947907567024231e-02,1.865855790674686432e-02,1.686012744903564453e-02,1.619675196707248688e-02,1.569995656609535217e-02,1.680595241487026215e-02,1.694044098258018494e-02,1.728409528732299805e-02,1.944046840071678162e-02,1.928760856389999390e-02,2.056478336453437805e-02,1.928926259279251099e-02,1.664073951542377472e-02,1.454975921660661697e-02,1.924415864050388336e-02,1.859546825289726257e-02,1.680473797023296356e-02,1.915590651333332062e-02,1.900577545166015625e-02,1.898589730262756348e-02,1.909937150776386261e-02,1.969435624778270721e-02,2.040593698620796204e-02,1.904385536909103394e-02,1.824714057147502899e-02,1.802617870271205902e-02,1.895863749086856842e-02,1.796395890414714813e-02,1.681734248995780945e-02,1.658735983073711395e-02,1.659269817173480988e-02,1.647880114614963531e-02,1.646358892321586609e-02,1.613847538828849792e-02,1.571542583405971527e-02,1.638103835284709930e-02
1.627054437994956970e-02,1.715514622628688812e-02,1.821912825107574463e-02,1.793257892131805420e-02,1.938030682504177094e-02,1.836670003831386566e-02,1.814252510666847229e-02,2.027428708970546722e-02,1.925119571387767792e-02,1.811579987406730652e-02,1.997521892189979553e-02,1.964060775935649872e-02,1.898026093840599060e-02,1.960672438144683838e-02,2.083174325525760651e-02,1.896910928189754486e-02,1.824837364256381989e-02,1.776503399014472961e-02,1.891222782433032990e-02,1.906743831932544708e-02,1.944046840071678162e-02,1.886183395981788635e-02,1.865277253091335297e-02,1.995138637721538544e-02,1.868298463523387909e-02,1.605646125972270966e-02,1.398682966828346252e-02,1.863483525812625885e-02,1.796411164104938507e-02,1.621043309569358826e-02,1.854634657502174377e-02,1.837545074522495270e-02,1.836240664124488831e-02,1.849120669066905975e-02,1.906542107462882996e-02,1.972203515470027924e-02,1.843588426709175110e-02,1.764659024775028229e-02,1.737147755920886993e-02,1.835043542087078094e-02,1.736195199191570282e-02,1.618218608200550079e-02,1.605090685188770294e-02,1.606232672929763794e-02,1.589030213654041290e-02,1.592842862010002136e-02,1.561071351170539856e-02,1.513571199029684067e-02,1.584612764418125153e-02
1.597581617534160614e-02,1.684308238327503204e-02,1.799426786601543427e-02,1.770319603383541107e-02,1.932216435670852661e-02,1.835601590573787689e-02,1.792030222713947296e-02,2.006256021559238434e-02,1.890486106276512146e-02,1.789239980280399323e-02,1.987190917134284973e-02,1.960516534745693207e-02,1.877095177769660950e-02,1.942511275410652161e-02,2.068751864135265350e-02,1.876064203679561615e-02,1.800851523876190186e-02,1.752790249884128571e-02,1.870348118245601654e-02,1.887396536767482758e-02,1.928760856389999390e-02,1.865277253091335297e-02,1.851207204163074493e-02,1.979591138660907745e-02,1.857749931514263153e-02,1.594511605799198151e-02,1.386421266943216324e-02,1.852865517139434814e-02,1.784701086580753326e-02,1.606743410229682922e-02,1.844005286693572998e-02,1.826497539877891541e-02,1.822416111826896667e-02,1.838554814457893372e-02,1.897325925529003143e-02,1.955609023571014404e-02,1.833038963377475739e-02,1.751277036964893341e-02,1.721747405827045441e-02,1.824478246271610260e-02,1.724969036877155304e-02,1.606625132262706757e-02,1.598471961915493011e-02,1.598243974149227142e-02,1.578412204980850220e-02,1.586170680820941925e-02,1.553229987621307373e-02,1.504019554704427719e-02,1.577914878726005554e-02
1.715411804616451263e-02,1.802923716604709625e-02,1.921937055885791779e-02,1.897331513464450836e-02,2.071078307926654816e-02,1.959005370736122131e-02,1.920436322689056396e-02,2.148978412151336670e-02,2.017151750624179840e-02,1.917222142219543457e-02,2.130691520869731903e-02,2.104892581701278687e-02,2.008275873959064484e-02,2.080191113054752350e-02,2.218488045036792755e-02,2.006932161748409271e-02,1.922062039375305176e-02,1.863992959260940552e-02,2.000617608428001404e-02,2.015843428671360016e-02,2.056478336453437805e-02,1.995138637721538544e-02,1.979591138660907745e-02,1.902562193572521210e-02,1.791968382894992828e-02,1.541337184607982635e-02,1.339381746947765350e-02,1.787464693188667297e-02,1.722144521772861481e-02,1.546575594693422318e-02,1.779064908623695374e-02,1.762174442410469055e-02,1.753773912787437439e-02,1.773790270090103149e-02,1.831275224685668945e-02,1.883535645902156830e-02,1.768505573272705078e-02,1.689642667770385742e-02,1.657428406178951263e-02,1.760352775454521179e-02,1.665329001843929291e-02,1.549740321934223175e-02,1.545604132115840912e-02,1.543952059000730515e-02,1.523781567811965942e-02,1.533789839595556259e-02,1.500661391764879227e-02,1.451189443469047546e-02,1.525849569588899612e-02
1.603901758790016174e-02,1.688970439136028290e-02,1.799808815121650696e-02,1.771323196589946747e-02,1.925211772322654724e-02,1.828682422637939453e-02,1.792617514729499817e-02,2.005029097199440002e-02,1.890717074275016785e-02,1.789886690676212311e-02,1.980983652174472809e-02,1.951623335480690002e-02,1.880003698170185089e-02,1.943733170628547668e-02,2.065312676131725311e-02,1.878867298364639282e-02,1.806723512709140778e-02,1.758007332682609558e-02,1.873293705284595490e-02,1.891790702939033508e-02,1.928926259279251099e-02,1.868298463523387909e-02,1.857749931514263153e-02,1.791968382894992828e-02,1.786323823034763336e-02,1.535462867468595505e-02,1.332373823970556259e-02,1.781629212200641632e-02,1.715118810534477234e-02,1.542205270379781723e-02,1.773082092404365540e-02,1.754562556743621826e-02,1.746138185262680054e-02,1.767699979245662689e-02,1.824524998664855957e-02,1.879214681684970856e-02,1.762332767248153687e-02,1.683573052287101746e-02,1.654673740267753601e-02,1.754069887101650238e-02,1.658640615642070770e-02,1.543903909623622894e-02,1.530984882265329361e-02,1.530712377279996872e-02,1.509223412722349167e-02,1.518973056226968765e-02,1.487336307764053345e-02,1.438371744006872177e-02,1.510875951498746872e-02
1.368353329598903656e-02,1.442135125398635864e-02,1.544412598013877869e-02,1.518047321587800980e-02,1.659251190721988678e-02,1.580224558711051941e-02,1.537055522203445435e-02,1.725073345005512238e-02,1.621668040752410889e-02,1.534708775579929352e-02,1.707168854773044586e-02,1.682513207197189331e-02,1.615841127932071686e-02,1.673531159758567810e-02,1.777715794742107391e-02,1.614959724247455597e-02,1.551105827093124390e-02,1.510197948664426804e-02,1.610081456601619720e-02,1.628861948847770691e-02,1.664073951542377472e-02,1.605646125972270966e-02,1.594511605799198151e-02,1.541337184607982635e-02,1.535462867468595505e-02,1.493872981518507004e-02,1.297788880765438080e-02,1.729858666658401489e-02,1.667567901313304901e-02,1.500736735761165619e-02,1.721827499568462372e-02,1.706303097307682037e-02,1.697825640439987183e-02,1.716616004705429077e-02,1.773087121546268463e-02,1.828425750136375427e-02,1.711522042751312256e-02,1.636028103530406952e-02,1.611721888184547424e-02,1.703679375350475311e-02,1.610859483480453491e-02,1.504163909703493118e-02,1.480368431657552719e-02,1.482037361711263657e-02,1.467237528413534164e-02,1.468918379396200180e-02,1.439480856060981750e-02,1.396762020885944366e-02,1.461243163794279099e-02
1.186751015484333038e-02,1.248685922473669052e-02,1.342996675521135330e-02,1.322379428893327713e-02,1.452724821865558624e-02,1.383700873702764511e-02,1.339432317763566971e-02,1.508126873522996902e-02,1.407882198691368103e-02,1.337246131151914597e-02,1.497183833271265030e-02,1.477860938757658005e-02,1.408219616860151291e-02,1.463470049202442169e-02,1.558182574808597565e-02,1.407255791127681732e-02,1.348178461194038391e-02,1.308488566428422928e-02,1.402753591537475586e-02,1.419687829911708832e-02,1.454975921660661697e-02,1.398682966828346252e-02,1.386421266943216324e-02,1.339381746947765350e-02,1.332373823970556259e-02,1.297788880765438080e-02,1.362169627100229263e-02,1.798111014068126678e-02,1.737420260906219482e-02,1.571851596236228943e-02,1.790109835565090179e-02,1.777023635804653168e-02,1.775552891194820404e-02,1.784769818186759949e-02,1.843752898275852203e-02,1.912963949143886566e-02,1.779747381806373596e-02,1.707152463495731354e-02,1.690583489835262299e-02,1.771997660398483276e-02,1.677964441478252411e-02,1.576275564730167389e-02,1.538731157779693604e-02,1.544177439063787460e-02,1.538196764886379242e-02,1.527299173176288605e-02,1.499269064515829086e-02,1.462565641850233078e-02,1.519720070064067841e-02
1.598563417792320251e-02,1.683402061462402344e-02,1.794889755547046661e-02,1.766153424978256226e-02,1.921160519123077393e-02,1.825577020645141602e-02,1.787472888827323914e-02,1.999734155833721161e-02,1.884501986205577850e-02,1.784742996096611023e-02,1.976381987333297729e-02,1.947562396526336670e-02,1.875138841569423676e-02,1.938955858349800110e-02,2.060479670763015747e-02,1.874017715454101562e-02,1.802064478397369385e-02,1.753426156938076019e-02,1.868463307619094849e-02,1.887094601988792419e-02,1.924415864050388336e-02,1.863483525812625885e-02,1.852865517139434814e-02,1.787464693188667297e-02,1.781629212200641632e-02,1.729858666658401489e-02,1.798111014068126678e-02,1.772763580083847046e-02,1.706543006002902985e-02,1.534193661063909531e-02,1.764262467622756958e-02,1.745821721851825714e-02,1.737181097269058228e-02,1.758899539709091187e-02,1.815549284219741821e-02,1.869614049792289734e-02,1.753555051982402802e-02,1.675064116716384888e-02,1.646208204329013824e-02,1.745329797267913818e-02,1.650329306721687317e-02,1.536154467612504959e-02,1.522740442305803299e-02,1.522464770823717117e-02,1.501133665442466736e-02,1.510783005505800247e-02,1.479301974177360535e-02,1.430625002831220627e-02,1.502722874283790588e-02
1.532752998173236847e-02,1.613692007958889008e-02,1.727672293782234192e-02,1.698373444378376007e-02,1.859959401190280914e-02,1.771362125873565674e-02,1.719524897634983063e-02,1.927013136446475983e-02,1.808548159897327423e-02,1.716773398220539093e-02,1.910268887877464294e-02,1.885367929935455322e-02,1.807612180709838867e-02,1.871996000409126282e-02,1.990933157503604889e-02,1.806632801890373230e-02,1.736999303102493286e-02,1.689380966126918793e-02,1.801264844834804535e-02,1.821336150169372559e-02,1.859546825289726257e-02,1.796411164104938507e-02,1.784701086580753326e-02,1.722144521772861481e-02,1.715118810534477234e-02,1.667567901313304901e-02,1.737420260906219482e-02,1.706543006002902985e-02,1.646842993795871735e-02,1.472966838628053665e-02,1.706310547888278961e-02,1.685931161046028137e-02,1.672714203596115112e-02,1.701066829264163971e-02,1.756598614156246185e-02,1.799009367823600769e-02,1.695713959634304047e-02,1.614766940474510193e-02,1.580074615776538849e-02,1.687482185661792755e-02,1.592364162206649780e-02,1.477234344929456711e-02,1.472636125981807709e-02,1.471151504665613174e-02,1.443291082978248596e-02,1.460751425474882126e-02,1.429095119237899780e-02,1.375351846218109131e-02,1.452715881168842316e-02
1.381124928593635559e-02,1.451368723064661026e-02,1.557544525712728500e-02,1.533962786197662354e-02,1.691498979926109314e-02,1.608562283217906952e-02,1.553563494235277176e-02,1.745134778320789337e-02,1.626793853938579559e-02,1.550859585404396057e-02,1.737069897353649139e-02,1.718521490693092346e-02,1.631871983408927917e-02,1.696079038083553314e-02,1.807473599910736084e-02,1.630797795951366425e-02,1.562100369483232498e-02,1.513594016432762146e-02,1.625635102391242981e-02,1.643639244139194489e-02,1.680473797023296356e-02,1.621043309569358826e-02,1.606743410229682922e-02,1.546575594693422318e-02,1.542205270379781723e-02,1.500736735761165619e-02,1.571851596236228943e-02,1.534193661063909531e-02,1.472966838628053665e-02,1.409894600510597229e-02,1.630620099604129791e-02,1.612294279038906097e-02,1.600249670445919037e-02,1.625669375061988831e-02,1.679675653576850891e-02,1.721948944032192230e-02,1.620645262300968170e-02,1.544528175145387650e-02,1.512343436479568481e-02,1.612970978021621704e-02,1.521982159465551376e-02,1.415393594652414322e-02,1.401257328689098358e-02,1.401618495583534241e-02,1.378692872822284698e-02,1.390086580067873001e-02,1.359236519783735275e-02,1.310563739389181137e-02,1.382584311068058014e-02
1.590200513601303101e-02,1.674735732376575470e-02,1.786267571151256561e-02,1.757431961596012115e-02,1.912663131952285767e-02,1.817860640585422516e-02,1.778700947761535645e-02,1.990296505391597748e-02,1.874979771673679352e-02,1.775981858372688293e-02,1.967406086623668671e-02,1.938984170556068420e-02,1.866227388381958008e-02,1.929936744272708893e-02,2.051141858100891113e-02,1.865119859576225281e-02,1.793456822633743286e-02,1.745033636689186096e-02,1.859590224921703339e-02,1.878239959478378296e-02,1.915590651333332062e-02,1.854634657502174377e-02,1.844005286693572998e-02,1.779064908623695374e-02,1.773082092404365540e-02,1.721827499568462372e-02,1.790109835565090179e-02,1.764262467622756958e-02,1.706310547888278961e-02,1.630620099604129791e-02,1.759439148008823395e-02,1.741133816540241241e-02,1.732201315462589264e-02,1.754090748727321625e-02,1.810687966644763947e-02,1.864188537001609802e-02,1.748761907219886780e-02,1.670265197753906250e-02,1.641412265598773956e-02,1.740561053156852722e-02,1.645709015429019928e-02,1.531795319169759750e-02,1.518421154469251633e-02,1.518231909722089767e-02,1.497011538594961166e-02,1.506497990339994431e-02,1.475111488252878189e-02,1.426588743925094604e-02,1.498462632298469543e-02
1.567657664418220520e-02,1.650949567556381226e-02,1.767219789326190948e-02,1.737032830715179443e-02,1.901476085186004639e-02,1.810115203261375427e-02,1.758649386465549469e-02,1.971552334725856781e-02,1.848560012876987457e-02,1.755887456238269806e-02,1.953629776835441589e-02,1.930039003491401672e-02,1.848965138196945190e-02,1.914574764668941498e-02,2.037818543612957001e-02,1.847929134964942932e-02,1.775780506432056427e-02,1.726803183555603027e-02,1.842432096600532532e-02,1.861656084656715393e-02,1.900577545166015625e-02,1.837545074522495270e-02,1.826497539877891541e-02,1.762174442410469055e-02,1.754562556743621826e-02,1.706303097307682037e-02,1.777023635804653168e-02,1.745821721851825714e-02,1.685931161046028137e-02,1.612294279038906097e-02,1.741133816540241241e-02,1.742266118526458740e-02,1.734059676527976990e-02,1.752448454499244690e-02,1.810650154948234558e-02,1.867485977709293365e-02,1.747241243720054626e-02,1.669633015990257263e-02,1.644808985292911530e-02,1.739166863262653351e-02,1.643828116357326508e-02,1.532769761979579926e-02,1.514751370996236801e-02,1.518160104751586914e-02,1.501357182860374451e-02,1.503066346049308777e-02,1.474149897694587708e-02,1.429243478924036026e-02,1.495236251503229141e-02
