9.862993359565734863e-01,8.863903284072875977e-01,8.712720870971679688e-01,9.687723517417907715e-01,8.258485198020935059e-01,6.980138421058654785e-01,9.596592187881469727e-01,7.060061693191528320e-01,5.258572101593017578e-01,9.582638740539550781e-01,8.229310512542724609e-01,7.152724862098693848e-01,9.100840687751770020e-01,8.704541325569152832e-01,7.845249176025390625e-01,8.743944764137268066e-01,7.755639553070068359e-01,6.018617749214172363e-01,8.480127453804016113e-01,7.438420653343200684e-01,6.790705323219299316e-01,8.281998634338378906e-01,7.416031360626220703e-01,5.769802927970886230e-01,5.758082866668701172e-01,3.628696501255035400e-01,2.386016249656677246e-01,5.306314826011657715e-01,2.976877391338348389e-01,1.365018784999847412e-01,4.888593554496765137e-01,2.099624723196029663e-01,1.183558478951454163e-01,4.768674671649932861e-01,2.255887240171432495e-01,7.601340860128402710e-02,4.162559509277343750e-01,3.257210254669189453e-01,2.639593482017517090e-01,4.276974201202392578e-01,4.701217710971832275e-01,5.254198908805847168e-01,4.477401077747344971e-01,8.891218155622482300e-02,-1.439865278958871166e-19,4.477401077747344971e-01,1.020119043459999375e-06,-1.440255666404679106e-22,4.477400779724121094e-01
8.863903284072875977e-01,6.151384711265563965e-01,6.886778473854064941e-01,8.874462246894836426e-01,7.854678630828857422e-01,6.161302924156188965e-01,8.712550997734069824e-01,6.111546158790588379e-01,4.652603566646575928e-01,8.637954592704772949e-01,7.979197502136230469e-01,6.737089753150939941e-01,7.818716764450073242e-01,8.170981407165527344e-01,6.777852773666381836e-01,7.469905614852905273e-01,6.533086299896240234e-01,4.783022701740264893e-01,7.026268243789672852e-01,6.065199971199035645e-01,5.156815052032470703e-01,6.733387112617492676e-01,6.015042662620544434e-01,4.390666782855987549e-01,4.543684422969818115e-01,1.940436512231826782e-01,8.798556774854660034e-02,3.893024623394012451e-01,2.522839605808258057e-01,9.021447598934173584e-02,3.551383316516876221e-01,1.483409106731414795e-01,8.321608603000640869e-02,3.447725474834442139e-01,1.901068985462188721e-01,5.880890041589736938e-02,3.007305860519409180e-01,2.754899561405181885e-01,2.574011683464050293e-01,3.322645127773284912e-01,4.302467107772827148e-01,4.898218512535095215e-01,3.716379106044769287e-01,6.333824247121810913e-02,-1.682695876936404501e-20,3.716379106044769287e-01,1.440511283590240055e-07,-2.679891130401681703e-23,3.716379404067993164e-01
8.712720870971679688e-01,6.886778473854064941e-01,6.160356402397155762e-01,8.250098228454589844e-01,7.083839774131774902e-01,5.328930616378784180e-01,8.066959977149963379e-01,5.368172526359558105e-01,3.876645863056182861e-01,7.985285520553588867e-01,7.439741492271423340e-01,6.198250651359558105e-01,7.214638590812683105e-01,7.700735330581665039e-01,6.235136985778808594e-01,6.876170635223388672e-01,5.945803523063659668e-01,4.233490228652954102e-01,6.398192048072814941e-01,5.578910708427429199e-01,4.677980542182922363e-01,6.120045781135559082e-01,5.434852838516235352e-01,3.942236602306365967e-01,4.108949601650238037e-01,1.530819535255432129e-01,5.316645652055740356e-02,3.450844287872314453e-01,2.223506569862365723e-01,6.535929441452026367e-02,3.103118240833282471e-01,1.246713697910308838e-01,7.033232599496841431e-02,3.008262217044830322e-01,1.596924811601638794e-01,4.534417390823364258e-02,2.606673538684844971e-01,2.689284980297088623e-01,2.655214965343475342e-01,3.023907840251922607e-01,4.064766168594360352e-01,4.705839157104492188e-01,3.474505841732025146e-01,5.033750832080841064e-02,-1.923291213178969345e-20,3.474505841732025146e-01,1.529653985699042096e-07,-1.852964373287954149e-23,3.474505841732025146e-01
9.687723517417907715e-01,8.874462246894836426e-01,8.250098228454589844e-01,9.656871557235717773e-01,8.445379734039306641e-01,7.184338569641113281e-01,9.634981155395507812e-01,7.636616230010986328e-01,5.680333375930786133e-01,9.643316268920898438e-01,8.310628533363342285e-01,7.253021597862243652e-01,9.359884858131408691e-01,8.722410798072814941e-01,7.993807792663574219e-01,9.086649417877197266e-01,8.023979067802429199e-01,6.265648007392883301e-01,8.909212350845336914e-01,7.941135764122009277e-01,7.103478908538818359e-01,8.765761852264404297e-01,7.913094758987426758e-01,6.474649906158447266e-01,6.374066472053527832e-01,4.343723058700561523e-01,3.112761676311492920e-01,6.014369130134582520e-01,3.495066761970520020e-01,1.816685050725936890e-01,5.613828897476196289e-01,2.171515822410583496e-01,1.280232816934585571e-01,5.451400279998779297e-01,2.654313147068023682e-01,1.029669791460037231e-01,4.807309806346893311e-01,3.358448743820190430e-01,2.560689151287078857e-01,4.784039556980133057e-01,5.032474398612976074e-01,5.554899573326110840e-01,4.964735507965087891e-01,1.293396353721618652e-01,-1.735847562730478374e-19,4.964735507965087891e-01,1.568175662214343902e-06,-2.809947787946211123e-22,4.964735507965087891e-01
8.258485198020935059e-01,7.854678630828857422e-01,7.083839774131774902e-01,8.445379734039306641e-01,8.346467018127441406e-01,7.171237468719482422e-01,8.461329936981201172e-01,7.111259698867797852e-01,6.154046654701232910e-01,8.418632745742797852e-01,7.852822542190551758e-01,6.903358101844787598e-01,7.588767409324645996e-01,7.453584671020507812e-01,6.196165680885314941e-01,7.256929874420166016e-01,6.785035133361816406e-01,5.207246541976928711e-01,6.995218992233276367e-01,5.785478353500366211e-01,5.046077966690063477e-01,6.724680066108703613e-01,6.052049398422241211e-01,4.686711132526397705e-01,4.928129613399505615e-01,2.528020739555358887e-01,1.538017243146896362e-01,4.360136091709136963e-01,3.210624456405639648e-01,1.548594236373901367e-01,4.120252430438995361e-01,1.715053468942642212e-01,1.081831753253936768e-01,4.014522731304168701e-01,2.706609666347503662e-01,1.271392554044723511e-01,3.669521212577819824e-01,2.585007250308990479e-01,2.118317633867263794e-01,3.699035048484802246e-01,4.238139688968658447e-01,4.511654675006866455e-01,3.715297281742095947e-01,1.067407876253128052e-01,-1.166258747744706202e-20,3.715297281742095947e-01,7.742170282654114999e-08,-5.175016837304308462e-23,3.715297281742095947e-01
6.980138421058654785e-01,6.161302924156188965e-01,5.328930616378784180e-01,7.184338569641113281e-01,7.171237468719482422e-01,5.529391765594482422e-01,4.791629910469055176e-01,5.775853991508483887e-01,6.355342268943786621e-01,4.794095456600189209e-01,5.237236618995666504e-01,4.891232550144195557e-01,4.235359430313110352e-01,3.665312528610229492e-01,3.095312416553497314e-01,4.085794389247894287e-01,4.392470121383666992e-01,3.589347004890441895e-01,4.078742265701293945e-01,3.555148243904113770e-01,3.160643875598907471e-01,3.928279280662536621e-01,3.466256856918334961e-01,2.820022404193878174e-01,2.961990237236022949e-01,1.485545784235000610e-01,1.030520796775817871e-01,2.614822387695312500e-01,1.933394819498062134e-01,1.178732514381408691e-01,2.532213628292083740e-01,1.405609101057052612e-01,1.056351065635681152e-01,2.539434432983398438e-01,1.923053562641143799e-01,1.204988062381744385e-01,2.452357709407806396e-01,1.691948622465133667e-01,1.362693309783935547e-01,2.441899776458740234e-01,2.316369265317916870e-01,2.272073924541473389e-01,2.259619981050491333e-01,2.989633195102214813e-02,-1.038722158742269410e-21,2.259619981050491333e-01,2.529021658759234015e-09,-6.624694532143202497e-24,2.259619981050491333e-01
9.596592187881469727e-01,8.712550997734069824e-01,8.066959977149963379e-01,9.634981155395507812e-01,8.461329936981201172e-01,4.791629910469055176e-01,9.640784263610839844e-01,7.735998630523681641e-01,5.838993191719055176e-01,9.649606943130493164e-01,8.349635601043701172e-01,7.300639748573303223e-01,9.353017807006835938e-01,8.692708611488342285e-01,7.970442175865173340e-01,9.083267450332641602e-01,8.056831359863281250e-01,6.307536959648132324e-01,8.914603590965270996e-01,7.948644161224365234e-01,7.112485766410827637e-01,8.770918846130371094e-01,7.911962270736694336e-01,6.468313336372375488e-01,6.373247504234313965e-01,4.332448542118072510e-01,3.108229339122772217e-01,6.009901762008666992e-01,3.499448001384735107e-01,1.828148066997528076e-01,5.613219141960144043e-01,2.177919745445251465e-01,1.290108710527420044e-01,5.451949834823608398e-01,2.670728564262390137e-01,1.046434566378593445e-01,4.812543392181396484e-01,3.355595469474792480e-01,2.553961575031280518e-01,4.785322546958923340e-01,5.020204186439514160e-01,5.530654788017272949e-01,4.952778518199920654e-01,1.305956095457077026e-01,-1.808550922460207494e-19,4.952778518199920654e-01,1.558065150675247423e-06,-3.159540396445913398e-22,4.952778518199920654e-01
7.060061693191528320e-01,6.111546158790588379e-01,5.368172526359558105e-01,7.636616230010986328e-01,7.111259698867797852e-01,5.775853991508483887e-01,7.735998630523681641e-01,6.973428726196289062e-01,6.618101000785827637e-01,7.050104737281799316e-01,7.158190608024597168e-01,6.434670090675354004e-01,6.292375922203063965e-01,6.062965989112854004e-01,5.107920169830322266e-01,6.132203936576843262e-01,5.812911987304687500e-01,4.559065997600555420e-01,5.941687822341918945e-01,4.766187667846679688e-01,4.010740220546722412e-01,5.688177943229675293e-01,5.269277691841125488e-01,4.084230661392211914e-01,4.223381876945495605e-01,2.182799130678176880e-01,1.356609612703323364e-01,3.723001778125762939e-01,2.509635090827941895e-01,1.262416839599609375e-01,3.485514819622039795e-01,1.768897175788879395e-01,1.300260573625564575e-01,3.460680544376373291e-01,2.184612005949020386e-01,1.067415103316307068e-01,3.173308074474334717e-01,2.494325041770935059e-01,2.086141258478164673e-01,3.261494040489196777e-01,3.584147095680236816e-01,3.699862957000732422e-01,3.190021514892578125e-01,9.343790262937545776e-02,-2.350966208088759150e-20,3.190021514892578125e-01,7.581220273777944385e-08,-9.905218991526007086e-23,3.190021514892578125e-01
5.258572101593017578e-01,4.652603566646575928e-01,3.876645863056182861e-01,5.680333375930786133e-01,6.154046654701232910e-01,6.355342268943786621e-01,5.838993191719055176e-01,6.618101000785827637e-01,6.542058587074279785e-01,5.540245771408081055e-01,5.879778861999511719e-01,5.382714271545410156e-01,4.868280589580535889e-01,4.466278254985809326e-01,3.809661567211151123e-01,4.810920655727386475e-01,4.893051981925964355e-01,3.925280272960662842e-01,4.716649353504180908e-01,3.934780955314636230e-01,3.236452341079711914e-01,4.504922032356262207e-01,4.098244607448577881e-01,3.164031505584716797e-01,3.292773067951202393e-01,1.626209765672683716e-01,1.063067615032196045e-01,2.886896133422851562e-01,1.930642873048782349e-01,1.016057953238487244e-01,2.710063755512237549e-01,1.489231437444686890e-01,1.116114854812622070e-01,2.709725499153137207e-01,1.721833795309066772e-01,8.781843632459640503e-02,2.503246366977691650e-01,1.908051669597625732e-01,1.613857895135879517e-01,2.571797966957092285e-01,2.651396691799163818e-01,2.709119319915771484e-01,2.484696209430694580e-01,8.187337964773178101e-02,-2.191626665186610852e-20,2.484696209430694580e-01,5.095913380159799999e-08,-1.155547940210236153e-22,2.484696209430694580e-01
9.582638740539550781e-01,8.637954592704772949e-01,7.985285520553588867e-01,9.643316268920898438e-01,8.418632745742797852e-01,4.794095456600189209e-01,9.649606943130493164e-01,7.050104737281799316e-01,5.540245771408081055e-01,9.577850103378295898e-01,8.411078453063964844e-01,7.415350675582885742e-01,9.239945411682128906e-01,8.514117002487182617e-01,7.817742824554443359e-01,8.999407291412353516e-01,8.106886744499206543e-01,6.407836675643920898e-01,8.860456943511962891e-01,7.879992723464965820e-01,7.042347788810729980e-01,8.712066411972045898e-01,7.854142785072326660e-01,6.415178179740905762e-01,6.343384385108947754e-01,4.288969039916992188e-01,3.093441724777221680e-01,5.972656011581420898e-01,3.487521409988403320e-01,1.873418539762496948e-01,5.592595338821411133e-01,2.229120284318923950e-01,1.371649354696273804e-01,5.444563627243041992e-01,2.706694304943084717e-01,1.114433333277702332e-01,4.828712046146392822e-01,3.358229994773864746e-01,2.554301321506500244e-01,4.796413183212280273e-01,4.983758926391601562e-01,5.435014963150024414e-01,4.908450543880462646e-01,1.363391727209091187e-01,-2.178070208922632419e-19,4.908449947834014893e-01,1.584865003678714857e-06,-5.342570956682123787e-22,4.908450543880462646e-01
8.229310512542724609e-01,7.979197502136230469e-01,7.439741492271423340e-01,8.310628533363342285e-01,7.852822542190551758e-01,5.237236618995666504e-01,8.349635601043701172e-01,7.158190608024597168e-01,5.879778861999511719e-01,8.411078453063964844e-01,5.525897145271301270e-01,5.186190009117126465e-01,4.481557905673980713e-01,3.965597152709960938e-01,3.435434401035308838e-01,4.443203806877136230e-01,4.689735174179077148e-01,3.883068561553955078e-01,4.421188831329345703e-01,3.668184876441955566e-01,3.152421712875366211e-01,4.240584671497344971e-01,3.829763829708099365e-01,2.926930785179138184e-01,3.062515258789062500e-01,1.633224040269851685e-01,1.120565235614776611e-01,2.714233100414276123e-01,1.722245514392852783e-01,1.048276126384735107e-01,2.576730847358703613e-01,1.527802646160125732e-01,1.224487423896789551e-01,2.602083981037139893e-01,1.609562188386917114e-01,9.135497361421585083e-02,2.430056780576705933e-01,1.905198842287063599e-01,1.582611054182052612e-01,2.488496750593185425e-01,2.470121234655380249e-01,2.394710034132003784e-01,2.274994403123855591e-01,8.584181964397430420e-02,-3.894184408788377983e-20,2.274994403123855591e-01,7.655331302203194355e-08,-2.550923227124102113e-22,2.274994403123855591e-01
7.152724862098693848e-01,6.737089753150939941e-01,6.198250651359558105e-01,7.253021597862243652e-01,6.903358101844787598e-01,4.891232550144195557e-01,7.300639748573303223e-01,6.434670090675354004e-01,5.382714271545410156e-01,7.415350675582885742e-01,5.186190009117126465e-01,4.840663075447082520e-01,3.827927410602569580e-01,3.060800433158874512e-01,2.719319760799407959e-01,3.848080337047576904e-01,4.488120675086975098e-01,3.885806798934936523e-01,3.918689489364624023e-01,3.534962236881256104e-01,3.158441781997680664e-01,3.797614574432373047e-01,3.335424959659576416e-01,2.690309286117553711e-01,2.820977866649627686e-01,1.557613313198089600e-01,1.187527179718017578e-01,2.535338699817657471e-01,1.550051569938659668e-01,1.048020422458648682e-01,2.428040951490402222e-01,1.474856436252593994e-01,1.234490498900413513e-01,2.471813559532165527e-01,1.539834886789321899e-01,9.888681769371032715e-02,2.351925671100616455e-01,1.800986379384994507e-01,1.500683128833770752e-01,2.402208447456359863e-01,2.101999074220657349e-01,1.956988573074340820e-01,2.124066799879074097e-01,9.446125477552413940e-02,-1.870221114535157049e-20,2.124066799879074097e-01,4.277347542824827542e-08,-1.745128191949509145e-22,2.124066799879074097e-01
9.100840687751770020e-01,7.818716764450073242e-01,7.214638590812683105e-01,9.359884858131408691e-01,7.588767409324645996e-01,4.235359430313110352e-01,9.353017807006835938e-01,6.292375922203063965e-01,4.868280589580535889e-01,9.239945411682128906e-01,4.481557905673980713e-01,3.827927410602569580e-01,8.949297666549682617e-01,7.645642161369323730e-01,7.367850542068481445e-01,8.831775188446044922e-01,8.146110773086547852e-01,6.596221923828125000e-01,8.895363211631774902e-01,8.508450984954833984e-01,7.705327868461608887e-01,8.923156261444091797e-01,7.931982278823852539e-01,7.057843804359436035e-01,6.878145337104797363e-01,4.989482760429382324e-01,3.905503153800964355e-01,6.638774275779724121e-01,3.818264901638031006e-01,2.264058440923690796e-01,6.275178194046020508e-01,2.406128495931625366e-01,1.555169522762298584e-01,6.116986274719238281e-01,3.129528462886810303e-01,1.581185013055801392e-01,5.529410243034362793e-01,3.371692597866058350e-01,2.303445637226104736e-01,5.294083356857299805e-01,4.822472035884857178e-01,5.266308188438415527e-01,5.359862446784973145e-01,1.830929070711135864e-01,-3.547417694426504419e-20,5.359862446784973145e-01,9.281559982809994835e-07,-1.981279573052553873e-22,5.359862446784973145e-01
8.704541325569152832e-01,8.170981407165527344e-01,7.700735330581665039e-01,8.722410798072814941e-01,7.453584671020507812e-01,3.665312528610229492e-01,8.692708611488342285e-01,6.062965989112854004e-01,4.466278254985809326e-01,8.514117002487182617e-01,3.965597152709960938e-01,3.060800433158874512e-01,7.645642161369323730e-01,4.711991548538208008e-01,5.204136371612548828e-01,6.415718793869018555e-01,5.282944440841674805e-01,4.055733084678649902e-01,6.694307923316955566e-01,6.870813965797424316e-01,5.944173336029052734e-01,6.960691809654235840e-01,6.300811767578125000e-01,6.607952713966369629e-01,6.104530692100524902e-01,5.443965792655944824e-01,4.817274510860443115e-01,6.327464580535888672e-01,3.726146221160888672e-01,2.583147883415222168e-01,6.098715662956237793e-01,1.797268539667129517e-01,1.136129498481750488e-01,5.870051980018615723e-01,2.991304397583007812e-01,1.635258197784423828e-01,5.336151123046875000e-01,2.287978380918502808e-01,9.589301049709320068e-02,4.718661010265350342e-01,3.663845956325531006e-01,4.146388173103332520e-01,4.919059872627258301e-01,1.643839329481124878e-01,-1.469281380582841037e-21,4.919059872627258301e-01,2.438188460018864134e-07,-1.209609414237591626e-23,4.919059872627258301e-01
7.845249176025390625e-01,6.777852773666381836e-01,6.235136985778808594e-01,7.993807792663574219e-01,6.196165680885314941e-01,3.095312416553497314e-01,7.970442175865173340e-01,5.107920169830322266e-01,3.809661567211151123e-01,7.817742824554443359e-01,3.435434401035308838e-01,2.719319760799407959e-01,7.367850542068481445e-01,5.204136371612548828e-01,4.503161311149597168e-01,5.934218168258666992e-01,5.130961537361145020e-01,4.150556027889251709e-01,6.197470426559448242e-01,6.272830367088317871e-01,5.628794431686401367e-01,6.457263231277465820e-01,5.922699570655822754e-01,6.260783076286315918e-01,5.964497327804565430e-01,4.815221130847930908e-01,4.233638644218444824e-01,6.000907421112060547e-01,3.749846518039703369e-01,2.697673738002777100e-01,5.838893651962280273e-01,2.228773385286331177e-01,1.639567166566848755e-01,5.712120532989501953e-01,3.531709611415863037e-01,2.358763366937637329e-01,5.429539084434509277e-01,2.770922183990478516e-01,1.486756503582000732e-01,4.930629432201385498e-01,3.699869215488433838e-01,3.937593102455139160e-01,4.949989616870880127e-01,1.457126289606094360e-01,6.707252965816611983e-21,4.949989616870880127e-01,1.166819956210929377e-07,-2.527811054105192074e-23,4.949989616870880127e-01
8.743944764137268066e-01,7.469905614852905273e-01,6.876170635223388672e-01,9.086649417877197266e-01,7.256929874420166016e-01,4.085794389247894287e-01,9.083267450332641602e-01,6.132203936576843262e-01,4.810920655727386475e-01,8.999407291412353516e-01,4.443203806877136230e-01,3.848080337047576904e-01,8.831775188446044922e-01,6.415718793869018555e-01,5.934218168258666992e-01,8.664973378181457520e-01,8.253822922706604004e-01,6.802814602851867676e-01,8.730586171150207520e-01,8.350351452827453613e-01,7.597824931144714355e-01,8.724190592765808105e-01,7.725512385368347168e-01,6.802745461463928223e-01,6.726028919219970703e-01,4.596785902976989746e-01,3.574637770652770996e-01,6.394169926643371582e-01,3.752578198909759521e-01,2.293158322572708130e-01,6.072903871536254883e-01,2.568262219429016113e-01,1.738388985395431519e-01,5.960523486137390137e-01,3.252319097518920898e-01,1.793191432952880859e-01,5.466427206993103027e-01,3.454742729663848877e-01,2.462521493434906006e-01,5.288935899734497070e-01,4.756020009517669678e-01,5.096821188926696777e-01,5.295360088348388672e-01,1.902310997247695923e-01,-2.323584752667406652e-20,5.295360088348388672e-01,7.378091595455771312e-07,-2.526784083424339152e-22,5.295360088348388672e-01
7.755639553070068359e-01,6.533086299896240234e-01,5.945803523063659668e-01,8.023979067802429199e-01,6.785035133361816406e-01,4.392470121383666992e-01,8.056831359863281250e-01,5.812911987304687500e-01,4.893051981925964355e-01,8.106886744499206543e-01,4.689735174179077148e-01,4.488120675086975098e-01,8.146110773086547852e-01,5.282944440841674805e-01,5.130961537361145020e-01,8.253822922706604004e-01,7.816756963729858398e-01,6.704121232032775879e-01,7.706403732299804688e-01,6.831439137458801270e-01,6.366065144538879395e-01,7.530020475387573242e-01,6.716247797012329102e-01,5.345746874809265137e-01,5.558236837387084961e-01,3.151610791683197021e-01,2.148982137441635132e-01,5.007944703102111816e-01,2.967240512371063232e-01,1.828003674745559692e-01,4.759420156478881836e-01,2.732319235801696777e-01,1.909060329198837280e-01,4.774873256683349609e-01,2.872946858406066895e-01,1.700502336025238037e-01,4.461942911148071289e-01,3.331171274185180664e-01,2.670323848724365234e-01,4.509575366973876953e-01,4.262885153293609619e-01,4.274637699127197266e-01,4.321191310882568359e-01,1.158416569232940674e-01,-7.093791073329660641e-21,4.321191310882568359e-01,4.842183543019018543e-08,-4.407336531844118735e-23,4.321191608905792236e-01
6.018617749214172363e-01,4.783022701740264893e-01,4.233490228652954102e-01,6.265648007392883301e-01,5.207246541976928711e-01,3.589347004890441895e-01,6.307536959648132324e-01,4.559065997600555420e-01,3.925280272960662842e-01,6.407836675643920898e-01,3.883068561553955078e-01,3.885806798934936523e-01,6.596221923828125000e-01,4.055733084678649902e-01,4.150556027889251709e-01,6.802814602851867676e-01,6.704121232032775879e-01,5.545060038566589355e-01,5.999370217323303223e-01,5.122112035751342773e-01,4.684857130050659180e-01,5.811086297035217285e-01,5.208964943885803223e-01,3.960048258304595947e-01,4.206993281841278076e-01,2.243629246950149536e-01,1.469931155443191528e-01,3.717563152313232422e-01,2.280577421188354492e-01,1.496370881795883179e-01,3.553299605846405029e-01,2.185361981391906738e-01,1.643774062395095825e-01,3.584223091602325439e-01,2.223269790410995483e-01,1.346857696771621704e-01,3.372541069984436035e-01,2.653101384639739990e-01,2.177231609821319580e-01,3.445600569248199463e-01,3.231765031814575195e-01,3.100241124629974365e-01,3.118458986282348633e-01,7.989013195037841797e-02,-7.830792843243069373e-21,3.118458986282348633e-01,2.419059796920919325e-08,-3.733229013695072898e-23,3.118458986282348633e-01
8.480127453804016113e-01,7.026268243789672852e-01,6.398192048072814941e-01,8.909212350845336914e-01,6.995218992233276367e-01,4.078742265701293945e-01,8.914603590965270996e-01,5.941687822341918945e-01,4.716649353504180908e-01,8.860456943511962891e-01,4.421188831329345703e-01,3.918689489364624023e-01,8.895363211631774902e-01,6.694307923316955566e-01,6.197470426559448242e-01,8.730586171150207520e-01,7.706403732299804688e-01,5.999370217323303223e-01,8.197349905967712402e-01,7.823721170425415039e-01,7.228952646255493164e-01,8.156427145004272461e-01,7.183881402015686035e-01,6.210563182830810547e-01,6.274569630622863770e-01,3.991786837577819824e-01,3.058938086032867432e-01,5.857947468757629395e-01,3.434118032455444336e-01,2.154813855886459351e-01,5.572864413261413574e-01,2.708031833171844482e-01,1.935141831636428833e-01,5.532804727554321289e-01,3.201834857463836670e-01,1.935666203498840332e-01,5.161235332489013672e-01,3.477368652820587158e-01,2.599004209041595459e-01,5.067832469940185547e-01,4.442434012889862061e-01,4.631611704826354980e-01,4.953228533267974854e-01,1.888090819120407104e-01,-3.095161218157111437e-20,4.953228533267974854e-01,5.483387894855695777e-07,-2.990079947358977184e-22,4.953228831291198730e-01
7.438420653343200684e-01,6.065199971199035645e-01,5.578910708427429199e-01,7.941135764122009277e-01,5.785478353500366211e-01,3.555148243904113770e-01,7.948644161224365234e-01,4.766187667846679688e-01,3.934780955314636230e-01,7.879992723464965820e-01,3.668184876441955566e-01,3.534962236881256104e-01,8.508450984954833984e-01,6.870813965797424316e-01,6.272830367088317871e-01,8.350351452827453613e-01,6.831439137458801270e-01,5.122112035751342773e-01,7.823721170425415039e-01,4.797179996967315674e-01,4.467038512229919434e-01,5.254653096199035645e-01,4.753405451774597168e-01,4.158711433410644531e-01,4.352905750274658203e-01,2.525744736194610596e-01,1.921277344226837158e-01,3.974104821681976318e-01,2.547217309474945068e-01,1.827243864536285400e-01,3.864543139934539795e-01,2.285830229520797729e-01,1.927174478769302368e-01,3.934100866317749023e-01,2.819118201732635498e-01,2.013151645660400391e-01,3.870670795440673828e-01,2.828819453716278076e-01,2.265401929616928101e-01,3.875066637992858887e-01,3.068721890449523926e-01,2.800913155078887939e-01,3.444349467754364014e-01,1.097018569707870483e-01,-2.602878237430682128e-22,3.444349467754364014e-01,2.205194249427222530e-08,-2.462563422001275923e-23,3.444349467754364014e-01
6.790705323219299316e-01,5.156815052032470703e-01,4.677980542182922363e-01,7.103478908538818359e-01,5.046077966690063477e-01,3.160643875598907471e-01,7.112485766410827637e-01,4.010740220546722412e-01,3.236452341079711914e-01,7.042347788810729980e-01,3.152421712875366211e-01,3.158441781997680664e-01,7.705327868461608887e-01,5.944173336029052734e-01,5.628794431686401367e-01,7.597824931144714355e-01,6.366065144538879395e-01,4.684857130050659180e-01,7.228952646255493164e-01,4.467038512229919434e-01,3.323495388031005859e-01,3.949256837368011475e-01,3.558472692966461182e-01,3.025439977645874023e-01,3.253464996814727783e-01,1.701692640781402588e-01,1.247019618749618530e-01,2.896771132946014404e-01,1.896396428346633911e-01,1.435268819332122803e-01,2.841715514659881592e-01,1.849435120820999146e-01,1.659138500690460205e-01,2.930552959442138672e-01,2.360611557960510254e-01,1.785634309053421021e-01,2.966017723083496094e-01,2.303351610898971558e-01,1.895595341920852661e-01,3.003911674022674561e-01,2.268067747354507446e-01,1.936834454536437988e-01,2.524800896644592285e-01,7.137221097946166992e-02,-1.848684853364228094e-21,2.524800896644592285e-01,8.760935088503174484e-09,-1.732555957930820836e-23,2.524800896644592285e-01
8.281998634338378906e-01,6.733387112617492676e-01,6.120045781135559082e-01,8.765761852264404297e-01,6.724680066108703613e-01,3.928279280662536621e-01,8.770918846130371094e-01,5.688177943229675293e-01,4.504922032356262207e-01,8.712066411972045898e-01,4.240584671497344971e-01,3.797614574432373047e-01,8.923156261444091797e-01,6.960691809654235840e-01,6.457263231277465820e-01,8.724190592765808105e-01,7.530020475387573242e-01,5.811086297035217285e-01,8.156427145004272461e-01,5.254653096199035645e-01,3.949256837368011475e-01,7.892909049987792969e-01,6.913529038429260254e-01,6.003745794296264648e-01,6.099258661270141602e-01,3.804406821727752686e-01,2.925850152969360352e-01,5.672930479049682617e-01,3.340967893600463867e-01,2.123328745365142822e-01,5.406179428100585938e-01,2.688492536544799805e-01,1.965255737304687500e-01,5.383235812187194824e-01,3.210614323616027832e-01,2.008899003267288208e-01,5.060598850250244141e-01,3.433364033699035645e-01,2.580819725990295410e-01,4.976057708263397217e-01,4.275628328323364258e-01,4.427227973937988281e-01,4.822283983230590820e-01,1.889047622680664062e-01,-2.076894937079658631e-20,4.822283983230590820e-01,4.581259531732939649e-07,-2.657777655288781464e-22,4.822283983230590820e-01
7.416031360626220703e-01,6.015042662620544434e-01,5.434852838516235352e-01,7.913094758987426758e-01,6.052049398422241211e-01,3.466256856918334961e-01,7.911962270736694336e-01,5.269277691841125488e-01,4.098244607448577881e-01,7.854142785072326660e-01,3.829763829708099365e-01,3.335424959659576416e-01,7.931982278823852539e-01,6.300811767578125000e-01,5.922699570655822754e-01,7.725512385368347168e-01,6.716247797012329102e-01,5.208964943885803223e-01,7.183881402015686035e-01,4.753405451774597168e-01,3.558472692966461182e-01,6.913529038429260254e-01,5.146940350532531738e-01,4.493751525878906250e-01,4.728835523128509521e-01,2.590177357196807861e-01,1.883911341428756714e-01,4.265185296535491943e-01,2.564728856086730957e-01,1.681115180253982544e-01,4.076589643955230713e-01,2.506707608699798584e-01,2.041218429803848267e-01,4.165493547916412354e-01,2.875954508781433105e-01,2.095353901386260986e-01,4.094209074974060059e-01,3.227281868457794189e-01,2.657714188098907471e-01,4.183874428272247314e-01,3.339826166629791260e-01,3.159775137901306152e-01,3.825703561305999756e-01,1.542995423078536987e-01,3.503272260669028413e-21,3.825703561305999756e-01,6.730422796863422263e-08,-8.225300566356963484e-23,3.825703561305999756e-01
5.769802927970886230e-01,4.390666782855987549e-01,3.942236602306365967e-01,6.474649906158447266e-01,4.686711132526397705e-01,2.820022404193878174e-01,6.468313336372375488e-01,4.084230661392211914e-01,3.164031505584716797e-01,6.415178179740905762e-01,2.926930785179138184e-01,2.690309286117553711e-01,7.057843804359436035e-01,6.607952713966369629e-01,6.260783076286315918e-01,6.802745461463928223e-01,5.345746874809265137e-01,3.960048258304595947e-01,6.210563182830810547e-01,4.158711433410644531e-01,3.025439977645874023e-01,6.003745794296264648e-01,4.493751525878906250e-01,3.792180120944976807e-01,4.068712890148162842e-01,2.096541076898574829e-01,1.500027626752853394e-01,3.637020885944366455e-01,2.069767415523529053e-01,1.374537050724029541e-01,3.461739420890808105e-01,2.344725281000137329e-01,1.977875381708145142e-01,3.594687283039093018e-01,2.649415135383605957e-01,2.093624919652938843e-01,3.630246520042419434e-01,3.091314435005187988e-01,2.611899673938751221e-01,3.779534399509429932e-01,2.862090766429901123e-01,2.607467770576477051e-01,3.403452336788177490e-01,1.035297587513923645e-01,4.420061413603410931e-21,3.403452336788177490e-01,1.805799243470573856e-08,-2.382360564856179829e-23,3.403452336788177490e-01
5.758082866668701172e-01,4.543684422969818115e-01,4.108949601650238037e-01,6.374066472053527832e-01,4.928129613399505615e-01,2.961990237236022949e-01,6.373247504234313965e-01,4.223381876945495605e-01,3.292773067951202393e-01,6.343384385108947754e-01,3.062515258789062500e-01,2.820977866649627686e-01,6.878145337104797363e-01,6.104530692100524902e-01,5.964497327804565430e-01,6.726028919219970703e-01,5.558236837387084961e-01,4.206993281841278076e-01,6.274569630622863770e-01,4.352905750274658203e-01,3.253464996814727783e-01,6.099258661270141602e-01,4.728835523128509521e-01,4.068712890148162842e-01,5.417693257331848145e-01,3.111520111560821533e-01,2.317595183849334717e-01,4.954813420772552490e-01,2.824436128139495850e-01,1.797550767660140991e-01,4.708264172077178955e-01,2.720488011837005615e-01,2.137451171875000000e-01,4.776233434677124023e-01,3.170867264270782471e-01,2.285821437835693359e-01,4.659454822540283203e-01,3.572648763656616211e-01,2.847280800342559814e-01,4.710228145122528076e-01,3.728910088539123535e-01,3.687876164913177490e-01,4.441018998622894287e-01,1.744076609611511230e-01,1.379746309026399960e-20,4.441018998622894287e-01,1.469370687345872284e-07,-1.013163153765530013e-22,4.441018998622894287e-01
3.628696501255035400e-01,1.940436512231826782e-01,1.530819535255432129e-01,4.343723058700561523e-01,2.528020739555358887e-01,1.485545784235000610e-01,4.332448542118072510e-01,2.182799130678176880e-01,1.626209765672683716e-01,4.288969039916992188e-01,1.633224040269851685e-01,1.557613313198089600e-01,4.989482760429382324e-01,5.443965792655944824e-01,4.815221130847930908e-01,4.596785902976989746e-01,3.151610791683197021e-01,2.243629246950149536e-01,3.991786837577819824e-01,2.525744736194610596e-01,1.701692640781402588e-01,3.804406821727752686e-01,2.590177357196807861e-01,2.096541076898574829e-01,3.111520111560821533e-01,2.700621783733367920e-01,2.073057889938354492e-01,4.394089579582214355e-01,2.336258292198181152e-01,1.564834415912628174e-01,4.174441099166870117e-01,2.639755606651306152e-01,2.243747562170028687e-01,4.303331673145294189e-01,3.132047355175018311e-01,2.537919580936431885e-01,4.354176819324493408e-01,3.600155115127563477e-01,2.937954366207122803e-01,4.467514157295227051e-01,3.239271342754364014e-01,3.072888553142547607e-01,4.166637659072875977e-01,1.165010482072830200e-01,4.535851351283062826e-21,4.166637659072875977e-01,2.748728000767641788e-08,-1.884833407225796761e-23,4.166637659072875977e-01
2.386016249656677246e-01,8.798556774854660034e-02,5.316645652055740356e-02,3.112761676311492920e-01,1.538017243146896362e-01,1.030520796775817871e-01,3.108229339122772217e-01,1.356609612703323364e-01,1.063067615032196045e-01,3.093441724777221680e-01,1.120565235614776611e-01,1.187527179718017578e-01,3.905503153800964355e-01,4.817274510860443115e-01,4.233638644218444824e-01,3.574637770652770996e-01,2.148982137441635132e-01,1.469931155443191528e-01,3.058938086032867432e-01,1.921277344226837158e-01,1.247019618749618530e-01,2.925850152969360352e-01,1.883911341428756714e-01,1.500027626752853394e-01,2.317595183849334717e-01,2.073057889938354492e-01,2.010306566953659058e-01,3.981897830963134766e-01,1.992090195417404175e-01,1.324386894702911377e-01,3.756608068943023682e-01,2.393213957548141479e-01,2.179151475429534912e-01,3.897039890289306641e-01,2.779350280761718750e-01,2.220818102359771729e-01,3.919756412506103516e-01,3.268123269081115723e-01,2.658295631408691406e-01,4.014638066291809082e-01,2.838577628135681152e-01,2.653626799583435059e-01,3.688537180423736572e-01,9.068694710731506348e-02,4.020101412078765758e-21,3.688537180423736572e-01,2.133475085486224998e-08,-1.381400994631110243e-23,3.688537180423736572e-01
5.306314826011657715e-01,3.893024623394012451e-01,3.450844287872314453e-01,6.014369130134582520e-01,4.360136091709136963e-01,2.614822387695312500e-01,6.009901762008666992e-01,3.723001778125762939e-01,2.886896133422851562e-01,5.972656011581420898e-01,2.714233100414276123e-01,2.535338699817657471e-01,6.638774275779724121e-01,6.327464580535888672e-01,6.000907421112060547e-01,6.394169926643371582e-01,5.007944703102111816e-01,3.717563152313232422e-01,5.857947468757629395e-01,3.974104821681976318e-01,2.896771132946014404e-01,5.672930479049682617e-01,4.265185296535491943e-01,3.637020885944366455e-01,4.954813420772552490e-01,4.394089579582214355e-01,3.981897830963134766e-01,4.680697321891784668e-01,2.609183192253112793e-01,1.690428853034973145e-01,4.445933103561401367e-01,2.756589353084564209e-01,2.280980795621871948e-01,4.555015861988067627e-01,3.083756268024444580e-01,2.270539849996566772e-01,4.474729895591735840e-01,3.566540777683258057e-01,2.868573665618896484e-01,4.550023674964904785e-01,3.522385060787200928e-01,3.384039998054504395e-01,4.206271171569824219e-01,1.625500321388244629e-01,1.479124304806403551e-20,4.206271171569824219e-01,1.104665869888776797e-07,-9.244147873152281602e-23,4.206271171569824219e-01
2.976877391338348389e-01,2.522839605808258057e-01,2.223506569862365723e-01,3.495066761970520020e-01,3.210624456405639648e-01,1.933394819498062134e-01,3.499448001384735107e-01,2.509635090827941895e-01,1.930642873048782349e-01,3.487521409988403320e-01,1.722245514392852783e-01,1.550051569938659668e-01,3.818264901638031006e-01,3.726146221160888672e-01,3.749846518039703369e-01,3.752578198909759521e-01,2.967240512371063232e-01,2.280577421188354492e-01,3.434118032455444336e-01,2.547217309474945068e-01,1.896396428346633911e-01,3.340967893600463867e-01,2.564728856086730957e-01,2.069767415523529053e-01,2.824436128139495850e-01,2.336258292198181152e-01,1.992090195417404175e-01,2.609183192253112793e-01,2.359463870525360107e-01,1.563895046710968018e-01,3.973238766193389893e-01,2.420293688774108887e-01,2.058950662612915039e-01,4.062608778476715088e-01,2.817846536636352539e-01,2.059757858514785767e-01,4.000364243984222412e-01,3.210186362266540527e-01,2.576852738857269287e-01,4.064033627510070801e-01,3.249571919441223145e-01,3.067708909511566162e-01,3.718179464340209961e-01,8.747356384992599487e-02,3.157934048450942714e-21,3.718179464340209961e-01,1.969441321136855549e-08,-1.846469208138726426e-23,3.718179464340209961e-01
1.365018784999847412e-01,9.021447598934173584e-02,6.535929441452026367e-02,1.816685050725936890e-01,1.548594236373901367e-01,1.178732514381408691e-01,1.828148066997528076e-01,1.262416839599609375e-01,1.016057953238487244e-01,1.873418539762496948e-01,1.048276126384735107e-01,1.048020422458648682e-01,2.264058440923690796e-01,2.583147883415222168e-01,2.697673738002777100e-01,2.293158322572708130e-01,1.828003674745559692e-01,1.496370881795883179e-01,2.154813855886459351e-01,1.827243864536285400e-01,1.435268819332122803e-01,2.123328745365142822e-01,1.681115180253982544e-01,1.374537050724029541e-01,1.797550767660140991e-01,1.564834415912628174e-01,1.324386894702911377e-01,1.690428853034973145e-01,1.563895046710968018e-01,1.400298029184341431e-01,3.347532153129577637e-01,2.199551612138748169e-01,1.939676105976104736e-01,3.459293246269226074e-01,2.474505007266998291e-01,1.848228424787521362e-01,3.431590795516967773e-01,2.849625349044799805e-01,2.355668842792510986e-01,3.527432978153228760e-01,2.822183072566986084e-01,2.544147968292236328e-01,3.120199441909790039e-01,5.683213472366333008e-02,2.078104688725517434e-21,3.120199441909790039e-01,7.750297292830055085e-09,-7.657397865194365599e-24,3.120199441909790039e-01
4.888593554496765137e-01,3.551383316516876221e-01,3.103118240833282471e-01,5.613828897476196289e-01,4.120252430438995361e-01,2.532213628292083740e-01,5.613219141960144043e-01,3.485514819622039795e-01,2.710063755512237549e-01,5.592595338821411133e-01,2.576730847358703613e-01,2.428040951490402222e-01,6.275178194046020508e-01,6.098715662956237793e-01,5.838893651962280273e-01,6.072903871536254883e-01,4.759420156478881836e-01,3.553299605846405029e-01,5.572864413261413574e-01,3.864543139934539795e-01,2.841715514659881592e-01,5.406179428100585938e-01,4.076589643955230713e-01,3.461739420890808105e-01,4.708264172077178955e-01,4.174441099166870117e-01,3.756608068943023682e-01,4.445933103561401367e-01,3.973238766193389893e-01,3.347532153129577637e-01,4.175795912742614746e-01,2.639169692993164062e-01,2.217507660388946533e-01,4.286602735519409180e-01,2.918875217437744141e-01,2.142640352249145508e-01,4.212170243263244629e-01,3.354226052761077881e-01,2.702967524528503418e-01,4.281770288944244385e-01,3.350198268890380859e-01,3.170916438102722168e-01,3.914633095264434814e-01,1.498916894197463989e-01,1.415130090639349444e-20,3.914633095264434814e-01,9.046463844697427703e-08,-7.780945946954278540e-23,3.914633095264434814e-01
2.099624723196029663e-01,1.483409106731414795e-01,1.246713697910308838e-01,2.171515822410583496e-01,1.715053468942642212e-01,1.405609101057052612e-01,2.177919745445251465e-01,1.768897175788879395e-01,1.489231437444686890e-01,2.229120284318923950e-01,1.527802646160125732e-01,1.474856436252593994e-01,2.406128495931625366e-01,1.797268539667129517e-01,2.228773385286331177e-01,2.568262219429016113e-01,2.732319235801696777e-01,2.185361981391906738e-01,2.708031833171844482e-01,2.285830229520797729e-01,1.849435120820999146e-01,2.688492536544799805e-01,2.506707608699798584e-01,2.344725281000137329e-01,2.720488011837005615e-01,2.639755606651306152e-01,2.393213957548141479e-01,2.756589353084564209e-01,2.420293688774108887e-01,2.199551612138748169e-01,2.639169692993164062e-01,2.390662282705307007e-01,2.142011076211929321e-01,3.632695078849792480e-01,2.558817565441131592e-01,1.991715282201766968e-01,3.627653419971466064e-01,3.299609422683715820e-01,2.791611850261688232e-01,3.812653720378875732e-01,2.889035344123840332e-01,2.629243433475494385e-01,3.432467877864837646e-01,4.357466846704483032e-02,1.997940264883723708e-21,3.432467877864837646e-01,5.720695028799127613e-09,-5.978493994035526740e-24,3.432467877864837646e-01
