9.885077476501464844e-01,8.393383622169494629e-01,6.961619853973388672e-01,9.353027939796447754e-01,6.327662467956542969e-01,6.421690583229064941e-01,9.561637043952941895e-01,7.220742106437683105e-01,3.663283288478851318e-01,9.510467648506164551e-01,8.087251186370849609e-01,6.842362284660339355e-01,8.990398645401000977e-01,8.239734172821044922e-01,7.287122607231140137e-01,8.892956376075744629e-01,7.852916121482849121e-01,6.764867901802062988e-01,8.793860673904418945e-01,7.892659306526184082e-01,6.339901685714721680e-01,8.694006204605102539e-01,7.836186885833740234e-01,7.253808975219726562e-01,7.827797532081604004e-01,7.276021838188171387e-01,6.423509120941162109e-01,7.329513430595397949e-01,4.511422514915466309e-01,2.181057631969451904e-01,6.724817156791687012e-01,5.454807877540588379e-01,4.427227675914764404e-01,6.831040382385253906e-01,4.469185173511505127e-01,2.933945357799530029e-01,6.778705716133117676e-01,6.126617789268493652e-01,5.014694929122924805e-01,6.980484724044799805e-01,5.828062295913696289e-01,4.571179747581481934e-01,5.338145494461059570e-01,5.082696676254272461e-01,4.650118947029113770e-01,5.275314450263977051e-01,3.354862928390502930e-01,3.115722835063934326e-01,5.275967121124267578e-01
8.393383622169494629e-01,9.461426734924316406e-01,8.084082603454589844e-01,7.025492787361145020e-01,2.888610363006591797e-01,4.013824760913848877e-01,8.082636594772338867e-01,5.912219285964965820e-01,3.087544143199920654e-01,8.308944106101989746e-01,8.125362992286682129e-01,7.108739018440246582e-01,7.574133276939392090e-01,7.268298864364624023e-01,6.364142298698425293e-01,7.878525853157043457e-01,6.983565688133239746e-01,6.193966865539550781e-01,7.906774282455444336e-01,7.445856332778930664e-01,5.824608802795410156e-01,7.725062966346740723e-01,7.371735572814941406e-01,6.723143458366394043e-01,7.473054528236389160e-01,7.172725796699523926e-01,6.300305128097534180e-01,7.063206434249877930e-01,4.450032413005828857e-01,2.095858603715896606e-01,6.441127061843872070e-01,4.545390009880065918e-01,3.342866897583007812e-01,6.448525190353393555e-01,4.644568860530853271e-01,3.046232759952545166e-01,6.395681500434875488e-01,6.434732675552368164e-01,5.161061882972717285e-01,6.600959897041320801e-01,5.234163403511047363e-01,4.315375685691833496e-01,4.979117512702941895e-01,4.664334952831268311e-01,4.170511364936828613e-01,4.843340218067169189e-01,2.042831331491470337e-01,1.790181845426559448e-01,4.797966480255126953e-01
6.961619853973388672e-01,8.084082603454589844e-01,7.400907278060913086e-01,5.990977287292480469e-01,1.728882044553756714e-01,2.964405417442321777e-01,7.193690538406372070e-01,5.038850307464599609e-01,2.567449510097503662e-01,7.453970313072204590e-01,7.445230484008789062e-01,6.594976186752319336e-01,6.804211735725402832e-01,6.775544285774230957e-01,5.921700596809387207e-01,7.187923789024353027e-01,6.354811191558837891e-01,5.695116519927978516e-01,7.237048149108886719e-01,6.803628802299499512e-01,5.152592062950134277e-01,7.038671374320983887e-01,6.775225400924682617e-01,6.291787028312683105e-01,7.019862532615661621e-01,6.823219060897827148e-01,5.936808586120605469e-01,6.642366647720336914e-01,4.192314743995666504e-01,1.958683133125305176e-01,6.039689183235168457e-01,4.125707745552062988e-01,2.972879707813262939e-01,6.035449504852294922e-01,4.417119026184082031e-01,2.863492071628570557e-01,5.980939865112304688e-01,6.339953541755676270e-01,5.164543986320495605e-01,6.239782571792602539e-01,4.898964166641235352e-01,4.073567986488342285e-01,4.762853980064392090e-01,4.428752660751342773e-01,3.954234421253204346e-01,4.619486033916473389e-01,1.748011261224746704e-01,1.508323699235916138e-01,4.566413164138793945e-01
9.353027939796447754e-01,7.025492787361145020e-01,5.990977287292480469e-01,9.694530963897705078e-01,7.032108902931213379e-01,6.744055151939392090e-01,9.726315140724182129e-01,7.777119874954223633e-01,4.091054201126098633e-01,9.602651000022888184e-01,7.956551909446716309e-01,6.645895838737487793e-01,9.279550313949584961e-01,8.411651849746704102e-01,7.509636878967285156e-01,9.037054181098937988e-01,8.008575439453125000e-01,6.892514824867248535e-01,8.874495625495910645e-01,7.937594056129455566e-01,6.573936939239501953e-01,8.836292028427124023e-01,7.765060067176818848e-01,7.189216017723083496e-01,7.627497911453247070e-01,6.965539455413818359e-01,6.196806430816650391e-01,7.149764895439147949e-01,4.498695433139801025e-01,2.268408685922622681e-01,6.615717411041259766e-01,5.759700536727905273e-01,4.782544672489166260e-01,6.762128472328186035e-01,4.304553866386413574e-01,2.856055498123168945e-01,6.714741587638854980e-01,5.696622729301452637e-01,4.611361920833587646e-01,6.855133771896362305e-01,5.842262506484985352e-01,4.506858289241790771e-01,5.240454077720642090e-01,5.039886236190795898e-01,4.595697224140167236e-01,5.205041170120239258e-01,3.803218603134155273e-01,3.541298806667327881e-01,5.225845575332641602e-01
6.327662467956542969e-01,2.888610363006591797e-01,1.728882044553756714e-01,7.032108902931213379e-01,3.840866684913635254e-01,4.728785753250122070e-01,8.003105521202087402e-01,6.911239624023437500e-01,4.308719635009765625e-01,8.149974942207336426e-01,8.148447871208190918e-01,6.934101581573486328e-01,7.397711277008056641e-01,6.826574206352233887e-01,6.424208283424377441e-01,7.711660861968994141e-01,7.022387981414794922e-01,6.109762191772460938e-01,7.664073705673217773e-01,7.431046962738037109e-01,6.407996416091918945e-01,7.657454609870910645e-01,7.026690840721130371e-01,6.231582760810852051e-01,6.724596023559570312e-01,6.342710852622985840e-01,5.871118903160095215e-01,6.535149812698364258e-01,4.298112988471984863e-01,2.151541560888290405e-01,6.035681366920471191e-01,4.724849164485931396e-01,3.605546653270721436e-01,6.081481575965881348e-01,4.325706958770751953e-01,3.123770058155059814e-01,6.054859161376953125e-01,5.004562735557556152e-01,3.583226799964904785e-01,5.924928188323974609e-01,5.003519654273986816e-01,4.134176969528198242e-01,4.478240907192230225e-01,4.232462644577026367e-01,3.636980056762695312e-01,4.371146857738494873e-01,2.650779485702514648e-01,2.349441945552825928e-01,4.361217617988586426e-01
6.421690583229064941e-01,4.013824760913848877e-01,2.964405417442321777e-01,6.744055151939392090e-01,4.728785753250122070e-01,1.786413341760635376e-01,3.820347785949707031e-01,4.049896299839019775e-01,3.041245639324188232e-01,4.009498059749603271e-01,5.098311305046081543e-01,4.529191553592681885e-01,3.432135879993438721e-01,2.864845395088195801e-01,2.768885493278503418e-01,3.766665160655975342e-01,3.619492053985595703e-01,3.294654786586761475e-01,3.813054263591766357e-01,4.123627245426177979e-01,3.953884243965148926e-01,3.852277398109436035e-01,3.981369435787200928e-01,3.166250288486480713e-01,3.370206952095031738e-01,3.193311393260955811e-01,3.009799122810363770e-01,3.342474102973937988e-01,2.470310777425765991e-01,1.356050819158554077e-01,3.140355050563812256e-01,2.257735282182693481e-01,1.559485793113708496e-01,3.114398717880249023e-01,2.296629846096038818e-01,1.726538687944412231e-01,3.109742105007171631e-01,2.227072417736053467e-01,1.398741900920867920e-01,2.897785902023315430e-01,2.286889255046844482e-01,1.809149384498596191e-01,1.874679774045944214e-01,1.783327013254165649e-01,1.454731971025466919e-01,1.809151470661163330e-01,9.882535785436630249e-02,8.585811406373977661e-02,1.799320578575134277e-01
9.561637043952941895e-01,8.082636594772338867e-01,7.193690538406372070e-01,9.726315140724182129e-01,8.003105521202087402e-01,3.820347785949707031e-01,9.721463322639465332e-01,7.902061939239501953e-01,4.279468357563018799e-01,9.614921808242797852e-01,8.136488199234008789e-01,6.840530633926391602e-01,9.270635843276977539e-01,8.369963765144348145e-01,7.500339150428771973e-01,9.059891700744628906e-01,8.067781925201416016e-01,6.964035034179687500e-01,8.901767730712890625e-01,8.035295009613037109e-01,6.715899705886840820e-01,8.873316645622253418e-01,7.828330397605895996e-01,7.201415896415710449e-01,7.627519965171813965e-01,6.961560249328613281e-01,6.187036037445068359e-01,7.159428596496582031e-01,4.560567736625671387e-01,2.326546162366867065e-01,6.636631488800048828e-01,5.759283900260925293e-01,4.759235084056854248e-01,6.778147816658020020e-01,4.348716437816619873e-01,2.900033295154571533e-01,6.733477115631103516e-01,5.685798525810241699e-01,4.570500850677490234e-01,6.856786012649536133e-01,5.840784311294555664e-01,4.485217928886413574e-01,5.197059512138366699e-01,4.996208250522613525e-01,4.542998373508453369e-01,5.158681869506835938e-01,3.758299648761749268e-01,3.490018844604492188e-01,5.178905725479125977e-01
7.220742106437683105e-01,5.912219285964965820e-01,5.038850307464599609e-01,7.777119874954223633e-01,6.911239624023437500e-01,4.049896299839019775e-01,7.902061939239501953e-01,6.345220208168029785e-01,4.644343852996826172e-01,6.796358823776245117e-01,7.509291768074035645e-01,6.518207192420959473e-01,6.037315726280212402e-01,5.344629883766174316e-01,5.002734065055847168e-01,6.279815435409545898e-01,5.881035327911376953e-01,5.332424640655517578e-01,6.229898333549499512e-01,6.282742619514465332e-01,5.678249001502990723e-01,6.214509010314941406e-01,5.828681588172912598e-01,4.929274618625640869e-01,5.256348848342895508e-01,5.002593994140625000e-01,4.501344859600067139e-01,5.134180188179016113e-01,3.680610358715057373e-01,1.980954557657241821e-01,4.801795482635498047e-01,3.659650087356567383e-01,2.677097618579864502e-01,4.805683195590972900e-01,3.651170432567596436e-01,2.570072114467620850e-01,4.793780744075775146e-01,3.720732033252716064e-01,2.344246506690979004e-01,4.533334076404571533e-01,3.838650286197662354e-01,3.015207946300506592e-01,3.122663497924804688e-01,2.887603342533111572e-01,2.281216830015182495e-01,3.003982007503509521e-01,1.808956116437911987e-01,1.540588289499282837e-01,2.993844747543334961e-01
3.663283288478851318e-01,3.087544143199920654e-01,2.567449510097503662e-01,4.091054201126098633e-01,4.308719635009765625e-01,3.041245639324188232e-01,4.279468357563018799e-01,4.644343852996826172e-01,3.344644308090209961e-01,4.477357566356658936e-01,5.456591844558715820e-01,4.745546877384185791e-01,3.695667684078216553e-01,3.159962296485900879e-01,2.846713662147521973e-01,3.972131311893463135e-01,3.853479921817779541e-01,3.563765585422515869e-01,4.025187790393829346e-01,4.346804916858673096e-01,4.019710123538970947e-01,4.036810398101806641e-01,3.947257697582244873e-01,3.112542927265167236e-01,3.408550620079040527e-01,3.318255841732025146e-01,2.945125102996826172e-01,3.340402245521545410e-01,2.514585852622985840e-01,1.427496969699859619e-01,3.171268403530120850e-01,2.254298478364944458e-01,1.525747627019882202e-01,3.146424889564514160e-01,2.506335377693176270e-01,1.698441356420516968e-01,3.147081136703491211e-01,2.598235011100769043e-01,1.573148071765899658e-01,2.964358329772949219e-01,2.479909956455230713e-01,1.860439777374267578e-01,1.826577335596084595e-01,1.675080507993698120e-01,1.245964393019676208e-01,1.715901792049407959e-01,6.908752024173736572e-02,5.267295241355895996e-02,1.698877960443496704e-01
9.510467648506164551e-01,8.308944106101989746e-01,7.453970313072204590e-01,9.602651000022888184e-01,8.149974942207336426e-01,4.009498059749603271e-01,9.614921808242797852e-01,6.796358823776245117e-01,4.477357566356658936e-01,9.607419967651367188e-01,8.247252702713012695e-01,6.955977082252502441e-01,9.260377883911132812e-01,8.324556946754455566e-01,7.474680542945861816e-01,9.066311717033386230e-01,8.108178973197937012e-01,7.022281885147094727e-01,8.915467858314514160e-01,8.107270002365112305e-01,6.839805245399475098e-01,8.893926739692687988e-01,7.878290414810180664e-01,7.228212952613830566e-01,7.639189958572387695e-01,6.962864995002746582e-01,6.180931329727172852e-01,7.170370221138000488e-01,4.623258411884307861e-01,2.386937737464904785e-01,6.656560301780700684e-01,5.773350596427917480e-01,4.762726128101348877e-01,6.796144247055053711e-01,4.358779788017272949e-01,2.911105751991271973e-01,6.751260757446289062e-01,5.672978758811950684e-01,4.549618065357208252e-01,6.864699721336364746e-01,5.840811729431152344e-01,4.472222924232482910e-01,5.177932977676391602e-01,4.980415403842926025e-01,4.529437720775604248e-01,5.140185952186584473e-01,3.743267655372619629e-01,3.471179604530334473e-01,5.160175561904907227e-01
8.087251186370849609e-01,8.125362992286682129e-01,7.445230484008789062e-01,7.956551909446716309e-01,8.148447871208190918e-01,5.098311305046081543e-01,8.136488199234008789e-01,7.509291768074035645e-01,5.456591844558715820e-01,8.247252702713012695e-01,6.441990137100219727e-01,5.873036384582519531e-01,4.227561652660369873e-01,3.444602489471435547e-01,3.363701403141021729e-01,4.629315137863159180e-01,4.588438868522644043e-01,4.229145050048828125e-01,4.669650495052337646e-01,5.267567038536071777e-01,5.182519555091857910e-01,4.735906720161437988e-01,4.769365489482879639e-01,3.810978531837463379e-01,3.994193673133850098e-01,3.726657032966613770e-01,3.273119628429412842e-01,3.889434933662414551e-01,3.204885721206665039e-01,1.934431195259094238e-01,3.715614378452301025e-01,2.740951776504516602e-01,1.902511715888977051e-01,3.688078820705413818e-01,2.776933014392852783e-01,2.017979025840759277e-01,3.682298660278320312e-01,2.811914086341857910e-01,1.798522919416427612e-01,3.481192588806152344e-01,2.790400981903076172e-01,2.012144625186920166e-01,2.080770283937454224e-01,1.974503099918365479e-01,1.618788987398147583e-01,2.005422860383987427e-01,1.008677035570144653e-01,8.130368590354919434e-02,1.993232220411300659e-01
6.842362284660339355e-01,7.108739018440246582e-01,6.594976186752319336e-01,6.645895838737487793e-01,6.934101581573486328e-01,4.529191553592681885e-01,6.840530633926391602e-01,6.518207192420959473e-01,4.745546877384185791e-01,6.955977082252502441e-01,5.873036384582519531e-01,5.782039761543273926e-01,3.734996020793914795e-01,2.790926694869995117e-01,2.783493697643280029e-01,4.098604917526245117e-01,4.310183823108673096e-01,4.054908752441406250e-01,4.167476892471313477e-01,5.015984773635864258e-01,5.286679267883300781e-01,4.277005791664123535e-01,4.419564306735992432e-01,3.624174594879150391e-01,3.636995255947113037e-01,3.353916704654693604e-01,2.874727547168731689e-01,3.556030690670013428e-01,3.223237097263336182e-01,2.112248539924621582e-01,3.471002280712127686e-01,2.794211804866790771e-01,2.057025283575057983e-01,3.472810685634613037e-01,2.650227844715118408e-01,1.992705166339874268e-01,3.479725420475006104e-01,2.465965151786804199e-01,1.594316661357879639e-01,3.272501826286315918e-01,2.714114189147949219e-01,1.913490444421768188e-01,1.968839317560195923e-01,1.912794262170791626e-01,1.641350090503692627e-01,1.921564787626266479e-01,1.205676943063735962e-01,1.029060706496238708e-01,1.920827031135559082e-01
8.990398645401000977e-01,7.574133276939392090e-01,6.804211735725402832e-01,9.279550313949584961e-01,7.397711277008056641e-01,3.432135879993438721e-01,9.270635843276977539e-01,6.037315726280212402e-01,3.695667684078216553e-01,9.260377883911132812e-01,4.227561652660369873e-01,3.734996020793914795e-01,9.092849493026733398e-01,7.999106645584106445e-01,7.177327275276184082e-01,8.741931915283203125e-01,7.966310977935791016e-01,6.961845159530639648e-01,8.572924137115478516e-01,7.861799597740173340e-01,6.962766051292419434e-01,8.599576354026794434e-01,7.608282566070556641e-01,7.146550416946411133e-01,7.351580858230590820e-01,6.543577909469604492e-01,5.801642537117004395e-01,6.859786510467529297e-01,4.635080099105834961e-01,2.584726810455322266e-01,6.444507241249084473e-01,5.994288921356201172e-01,5.077570676803588867e-01,6.625108122825622559e-01,4.119818210601806641e-01,2.792513668537139893e-01,6.587057113647460938e-01,5.149086713790893555e-01,4.233408272266387939e-01,6.683070063591003418e-01,5.778155326843261719e-01,4.405513107776641846e-01,5.118572115898132324e-01,5.011580586433410645e-01,4.655853509902954102e-01,5.129772424697875977e-01,4.208720624446868896e-01,3.950167298316955566e-01,5.169149041175842285e-01
8.239734172821044922e-01,7.268298864364624023e-01,6.775544285774230957e-01,8.411651849746704102e-01,6.826574206352233887e-01,2.864845395088195801e-01,8.369963765144348145e-01,5.344629883766174316e-01,3.159962296485900879e-01,8.324556946754455566e-01,3.444602489471435547e-01,2.790926694869995117e-01,7.999106645584106445e-01,6.836917996406555176e-01,6.101812720298767090e-01,6.945294141769409180e-01,5.966043472290039062e-01,5.131888985633850098e-01,6.643848419189453125e-01,5.624309778213500977e-01,4.813264012336730957e-01,6.683222055435180664e-01,5.435497760772705078e-01,5.141018033027648926e-01,5.209615230560302734e-01,4.352485537528991699e-01,3.897148966789245605e-01,4.763331711292266846e-01,3.054802417755126953e-01,1.737678050994873047e-01,4.496650695800781250e-01,4.533194899559020996e-01,3.962112069129943848e-01,4.677867591381072998e-01,2.647652328014373779e-01,1.711624413728713989e-01,4.642728567123413086e-01,3.274471461772918701e-01,2.782802879810333252e-01,4.736617505550384521e-01,4.129901528358459473e-01,3.125647604465484619e-01,3.760078549385070801e-01,3.726270794868469238e-01,3.482424616813659668e-01,3.806798756122589111e-01,3.619985282421112061e-01,3.409939110279083252e-01,3.856939971446990967e-01
7.287122607231140137e-01,6.364142298698425293e-01,5.921700596809387207e-01,7.509636878967285156e-01,6.424208283424377441e-01,2.768885493278503418e-01,7.500339150428771973e-01,5.002734065055847168e-01,2.846713662147521973e-01,7.474680542945861816e-01,3.363701403141021729e-01,2.783493697643280029e-01,7.177327275276184082e-01,6.101812720298767090e-01,6.062518358230590820e-01,6.756023764610290527e-01,6.080945134162902832e-01,5.394922494888305664e-01,6.537102460861206055e-01,5.893166661262512207e-01,5.279020667076110840e-01,6.577174067497253418e-01,5.484769940376281738e-01,4.991630315780639648e-01,5.194588303565979004e-01,4.432897269725799561e-01,4.035855829715728760e-01,4.853712022304534912e-01,3.473261892795562744e-01,2.000036984682083130e-01,4.594379365444183350e-01,4.182783663272857666e-01,3.436224460601806641e-01,4.708227515220642090e-01,3.043523430824279785e-01,2.086554020643234253e-01,4.680147767066955566e-01,3.414041697978973389e-01,2.713150382041931152e-01,4.695402681827545166e-01,3.941468894481658936e-01,3.027566671371459961e-01,3.462661206722259521e-01,3.367334008216857910e-01,3.111280202865600586e-01,3.461690545082092285e-01,2.707778215408325195e-01,2.424326241016387939e-01,3.484222888946533203e-01
8.892956376075744629e-01,7.878525853157043457e-01,7.187923789024353027e-01,9.037054181098937988e-01,7.711660861968994141e-01,3.766665160655975342e-01,9.059891700744628906e-01,6.279815435409545898e-01,3.972131311893463135e-01,9.066311717033386230e-01,4.629315137863159180e-01,4.098604917526245117e-01,8.741931915283203125e-01,6.945294141769409180e-01,6.756023764610290527e-01,8.703513741493225098e-01,8.145564198493957520e-01,7.225880622863769531e-01,8.567063212394714355e-01,8.251721858978271484e-01,7.598022222518920898e-01,8.611079454421997070e-01,7.879685759544372559e-01,7.338285446166992188e-01,7.492951154708862305e-01,6.750925779342651367e-01,5.982947945594787598e-01,7.095620632171630859e-01,5.189720988273620605e-01,3.041339516639709473e-01,6.720643043518066406e-01,5.943779349327087402e-01,4.827235043048858643e-01,6.846019625663757324e-01,4.535012841224670410e-01,3.154431879520416260e-01,6.814644932746887207e-01,5.186423063278198242e-01,4.032195806503295898e-01,6.779396533966064453e-01,5.821638107299804688e-01,4.441843628883361816e-01,5.010029077529907227e-01,4.873057901859283447e-01,4.419897794723510742e-01,4.988835453987121582e-01,3.814718425273895264e-01,3.504378795623779297e-01,5.013343691825866699e-01
7.852916121482849121e-01,6.983565688133239746e-01,6.354811191558837891e-01,8.008575439453125000e-01,7.022387981414794922e-01,3.619492053985595703e-01,8.067781925201416016e-01,5.881035327911376953e-01,3.853479921817779541e-01,8.108178973197937012e-01,4.588438868522644043e-01,4.310183823108673096e-01,7.966310977935791016e-01,5.966043472290039062e-01,6.080945134162902832e-01,8.145564198493957520e-01,7.219954133033752441e-01,6.463816761970520020e-01,7.532351016998291016e-01,7.784423828125000000e-01,7.271588444709777832e-01,7.541798353195190430e-01,7.339783906936645508e-01,6.491342782974243164e-01,6.814925074577331543e-01,6.366409063339233398e-01,5.690419077873229980e-01,6.613733172416687012e-01,5.021768808364868164e-01,2.915334701538085938e-01,6.242353320121765137e-01,4.694350063800811768e-01,3.422544598579406738e-01,6.231339573860168457e-01,4.564083814620971680e-01,3.314589560031890869e-01,6.208719015121459961e-01,4.872744977474212646e-01,3.399266302585601807e-01,6.008147001266479492e-01,4.889976084232330322e-01,3.768966495990753174e-01,4.077778458595275879e-01,3.880295455455780029e-01,3.330402672290802002e-01,3.981683850288391113e-01,2.299796789884567261e-01,2.001684010028839111e-01,3.968652486801147461e-01
6.764867901802062988e-01,6.193966865539550781e-01,5.695116519927978516e-01,6.892514824867248535e-01,6.109762191772460938e-01,3.294654786586761475e-01,6.964035034179687500e-01,5.332424640655517578e-01,3.563765585422515869e-01,7.022281885147094727e-01,4.229145050048828125e-01,4.054908752441406250e-01,6.961845159530639648e-01,5.131888985633850098e-01,5.394922494888305664e-01,7.225880622863769531e-01,6.463816761970520020e-01,4.929542243480682373e-01,5.285429358482360840e-01,5.943999886512756348e-01,5.938037633895874023e-01,5.362302064895629883e-01,5.428553819656372070e-01,4.530302882194519043e-01,4.701353013515472412e-01,4.387550950050354004e-01,3.874283432960510254e-01,4.643538296222686768e-01,3.973412811756134033e-01,2.514436244964599609e-01,4.480121433734893799e-01,3.203957080841064453e-01,2.226909101009368896e-01,4.443047940731048584e-01,3.433630764484405518e-01,2.590968310832977295e-01,4.440716505050659180e-01,3.239646852016448975e-01,2.070224732160568237e-01,4.177192449569702148e-01,3.337374925613403320e-01,2.460547834634780884e-01,2.571848034858703613e-01,2.448817938566207886e-01,2.087687700986862183e-01,2.500663995742797852e-01,1.389023512601852417e-01,1.163816750049591064e-01,2.491784393787384033e-01
8.793860673904418945e-01,7.906774282455444336e-01,7.237048149108886719e-01,8.874495625495910645e-01,7.664073705673217773e-01,3.813054263591766357e-01,8.901767730712890625e-01,6.229898333549499512e-01,4.025187790393829346e-01,8.915467858314514160e-01,4.669650495052337646e-01,4.167476892471313477e-01,8.572924137115478516e-01,6.643848419189453125e-01,6.537102460861206055e-01,8.567063212394714355e-01,7.532351016998291016e-01,5.285429358482360840e-01,8.341624736785888672e-01,8.337183594703674316e-01,7.914724946022033691e-01,8.403002023696899414e-01,7.849532365798950195e-01,7.289201021194458008e-01,7.407577037811279297e-01,6.736435294151306152e-01,5.936212539672851562e-01,7.081245183944702148e-01,5.472242236137390137e-01,3.373584449291229248e-01,6.769368648529052734e-01,5.817067027091979980e-01,4.650332033634185791e-01,6.866846084594726562e-01,4.709214866161346436e-01,3.337885439395904541e-01,6.843605637550354004e-01,5.079088807106018066e-01,3.815227448940277100e-01,6.723042130470275879e-01,5.767925977706909180e-01,4.401055276393890381e-01,4.878503382205963135e-01,4.733858406543731689e-01,4.256781637668609619e-01,4.842701256275177002e-01,3.621543049812316895e-01,3.306694924831390381e-01,4.863246679306030273e-01
7.892659306526184082e-01,7.445856332778930664e-01,6.803628802299499512e-01,7.937594056129455566e-01,7.431046962738037109e-01,4.123627245426177979e-01,8.035295009613037109e-01,6.282742619514465332e-01,4.346804916858673096e-01,8.107270002365112305e-01,5.267567038536071777e-01,5.015984773635864258e-01,7.861799597740173340e-01,5.624309778213500977e-01,5.893166661262512207e-01,8.251721858978271484e-01,7.784423828125000000e-01,5.943999886512756348e-01,8.337183594703674316e-01,6.553667187690734863e-01,6.879969835281372070e-01,5.795801877975463867e-01,5.618860125541687012e-01,5.255754590034484863e-01,5.219972133636474609e-01,4.928813278675079346e-01,4.264165163040161133e-01,5.194447636604309082e-01,4.808177947998046875e-01,3.404413461685180664e-01,5.147549510002136230e-01,3.960542678833007812e-01,2.966921925544738770e-01,5.144264698028564453e-01,4.099350571632385254e-01,3.114362359046936035e-01,5.152979493141174316e-01,3.292146027088165283e-01,1.960699111223220825e-01,4.753924310207366943e-01,4.011765718460083008e-01,3.132433891296386719e-01,3.195165991783142090e-01,3.010744154453277588e-01,2.513861656188964844e-01,3.131385445594787598e-01,2.318766415119171143e-01,2.017121165990829468e-01,3.143622279167175293e-01
6.339901685714721680e-01,5.824608802795410156e-01,5.152592062950134277e-01,6.573936939239501953e-01,6.407996416091918945e-01,3.953884243965148926e-01,6.715899705886840820e-01,5.678249001502990723e-01,4.019710123538970947e-01,6.839805245399475098e-01,5.182519555091857910e-01,5.286679267883300781e-01,6.962766051292419434e-01,4.813264012336730957e-01,5.279020667076110840e-01,7.598022222518920898e-01,7.271588444709777832e-01,5.938037633895874023e-01,7.914724946022033691e-01,6.879969835281372070e-01,6.005194783210754395e-01,4.653134346008300781e-01,4.591529667377471924e-01,4.108964800834655762e-01,4.063431322574615479e-01,3.820302784442901611e-01,3.301558494567871094e-01,4.073134958744049072e-01,3.958466351032257080e-01,2.762730717658996582e-01,4.059983193874359131e-01,2.946234047412872314e-01,2.067818939685821533e-01,4.029892683029174805e-01,3.276375234127044678e-01,2.479360401630401611e-01,4.042246341705322266e-01,2.566573023796081543e-01,1.422917544841766357e-01,3.685335516929626465e-01,3.058750629425048828e-01,2.298646122217178345e-01,2.285882830619812012e-01,2.124584466218948364e-01,1.700993180274963379e-01,2.214231193065643311e-01,1.374662965536117554e-01,1.093436405062675476e-01,2.211508750915527344e-01
8.694006204605102539e-01,7.725062966346740723e-01,7.038671374320983887e-01,8.836292028427124023e-01,7.657454609870910645e-01,3.852277398109436035e-01,8.873316645622253418e-01,6.214509010314941406e-01,4.036810398101806641e-01,8.893926739692687988e-01,4.735906720161437988e-01,4.277005791664123535e-01,8.599576354026794434e-01,6.683222055435180664e-01,6.577174067497253418e-01,8.611079454421997070e-01,7.541798353195190430e-01,5.362302064895629883e-01,8.403002023696899414e-01,5.795801877975463867e-01,4.653134346008300781e-01,8.292645812034606934e-01,7.788380384445190430e-01,7.258211970329284668e-01,7.347530722618103027e-01,6.703231930732727051e-01,5.892093181610107422e-01,7.041735649108886719e-01,5.539541840553283691e-01,3.469403684139251709e-01,6.760191917419433594e-01,5.807323455810546875e-01,4.636949598789215088e-01,6.855919957160949707e-01,4.741503298282623291e-01,3.355953693389892578e-01,6.835249066352844238e-01,5.018572211265563965e-01,3.729460537433624268e-01,6.688985228538513184e-01,5.773915648460388184e-01,4.420272111892700195e-01,4.870457053184509277e-01,4.719195663928985596e-01,4.219766259193420410e-01,4.829794168472290039e-01,3.616089820861816406e-01,3.298000395298004150e-01,4.849812388420104980e-01
7.836186885833740234e-01,7.371735572814941406e-01,6.775225400924682617e-01,7.765060067176818848e-01,7.026690840721130371e-01,3.981369435787200928e-01,7.828330397605895996e-01,5.828681588172912598e-01,3.947257697582244873e-01,7.878290414810180664e-01,4.769365489482879639e-01,4.419564306735992432e-01,7.608282566070556641e-01,5.435497760772705078e-01,5.484769940376281738e-01,7.879685759544372559e-01,7.339783906936645508e-01,5.428553819656372070e-01,7.849532365798950195e-01,5.618860125541687012e-01,4.591529667377471924e-01,7.788380384445190430e-01,6.269422769546508789e-01,5.893146991729736328e-01,5.878381729125976562e-01,5.521655082702636719e-01,4.865091443061828613e-01,5.832123756408691406e-01,5.194095969200134277e-01,3.601668477058410645e-01,5.761436223983764648e-01,4.696020781993865967e-01,3.640706539154052734e-01,5.804939270019531250e-01,4.518541991710662842e-01,3.368560969829559326e-01,5.816281437873840332e-01,3.886460661888122559e-01,2.525342106819152832e-01,5.468555092811584473e-01,4.751990437507629395e-01,3.810625970363616943e-01,3.954285681247711182e-01,3.785697221755981445e-01,3.245631158351898193e-01,3.885169327259063721e-01,2.916284203529357910e-01,2.617879509925842285e-01,3.901997208595275879e-01
7.253808975219726562e-01,6.723143458366394043e-01,6.291787028312683105e-01,7.189216017723083496e-01,6.231582760810852051e-01,3.166250288486480713e-01,7.201415896415710449e-01,4.929274618625640869e-01,3.112542927265167236e-01,7.228212952613830566e-01,3.810978531837463379e-01,3.624174594879150391e-01,7.146550416946411133e-01,5.141018033027648926e-01,4.991630315780639648e-01,7.338285446166992188e-01,6.491342782974243164e-01,4.530302882194519043e-01,7.289201021194458008e-01,5.255754590034484863e-01,4.108964800834655762e-01,7.258211970329284668e-01,5.893146991729736328e-01,5.089233517646789551e-01,5.017619729042053223e-01,4.783468842506408691e-01,4.231476485729217529e-01,5.071011185646057129e-01,4.847092628479003906e-01,3.665919899940490723e-01,5.141846537590026855e-01,4.066089391708374023e-01,3.149776756763458252e-01,5.174527168273925781e-01,4.218077659606933594e-01,3.172162771224975586e-01,5.197691321372985840e-01,3.311621844768524170e-01,2.001606822013854980e-01,4.811255931854248047e-01,4.287670552730560303e-01,3.659597635269165039e-01,3.716327846050262451e-01,3.542962372303009033e-01,2.982190847396850586e-01,3.641925156116485596e-01,2.747724652290344238e-01,2.469633370637893677e-01,3.658248186111450195e-01
7.827797532081604004e-01,7.473054528236389160e-01,7.019862532615661621e-01,7.627497911453247070e-01,6.724596023559570312e-01,3.370206952095031738e-01,7.627519965171813965e-01,5.256348848342895508e-01,3.408550620079040527e-01,7.639189958572387695e-01,3.994193673133850098e-01,3.636995255947113037e-01,7.351580858230590820e-01,5.209615230560302734e-01,5.194588303565979004e-01,7.492951154708862305e-01,6.814925074577331543e-01,4.701353013515472412e-01,7.407577037811279297e-01,5.219972133636474609e-01,4.063431322574615479e-01,7.347530722618103027e-01,5.878381729125976562e-01,5.017619729042053223e-01,6.727669239044189453e-01,6.301708817481994629e-01,5.557898879051208496e-01,6.586824059486389160e-01,5.640872716903686523e-01,3.910716474056243896e-01,6.461807489395141602e-01,5.405416488647460938e-01,4.323472678661346436e-01,6.536083817481994629e-01,4.869862794876098633e-01,3.545242547988891602e-01,6.534308195114135742e-01,4.438198208808898926e-01,3.035199940204620361e-01,6.235838532447814941e-01,5.518847107887268066e-01,4.482879340648651123e-01,4.778859913349151611e-01,4.597031772136688232e-01,4.002556204795837402e-01,4.723083078861236572e-01,3.658778667449951172e-01,3.337368071079254150e-01,4.746027588844299316e-01
7.276021838188171387e-01,7.172725796699523926e-01,6.823219060897827148e-01,6.965539455413818359e-01,6.342710852622985840e-01,3.193311393260955811e-01,6.961560249328613281e-01,5.002593994140625000e-01,3.318255841732025146e-01,6.962864995002746582e-01,3.726657032966613770e-01,3.353916704654693604e-01,6.543577909469604492e-01,4.352485537528991699e-01,4.432897269725799561e-01,6.750925779342651367e-01,6.366409063339233398e-01,4.387550950050354004e-01,6.736435294151306152e-01,4.928813278675079346e-01,3.820302784442901611e-01,6.703231930732727051e-01,5.521655082702636719e-01,4.783468842506408691e-01,6.301708817481994629e-01,5.312632918357849121e-01,4.596691429615020752e-01,5.539996623992919922e-01,5.185744762420654297e-01,3.810959160327911377e-01,5.557758808135986328e-01,4.582063555717468262e-01,3.518389165401458740e-01,5.591247677803039551e-01,4.437656104564666748e-01,3.188284933567047119e-01,5.600027441978454590e-01,3.419925570487976074e-01,2.056106477975845337e-01,5.192218422889709473e-01,4.688564836978912354e-01,3.723952472209930420e-01,3.805054128170013428e-01,3.565478324890136719e-01,2.933528721332550049e-01,3.731952309608459473e-01,3.213819861412048340e-01,2.948787510395050049e-01,3.762772977352142334e-01
6.423509120941162109e-01,6.300305128097534180e-01,5.936808586120605469e-01,6.196806430816650391e-01,5.871118903160095215e-01,3.009799122810363770e-01,6.187036037445068359e-01,4.501344859600067139e-01,2.945125102996826172e-01,6.180931329727172852e-01,3.273119628429412842e-01,2.874727547168731689e-01,5.801642537117004395e-01,3.897148966789245605e-01,4.035855829715728760e-01,5.982947945594787598e-01,5.690419077873229980e-01,3.874283432960510254e-01,5.936212539672851562e-01,4.264165163040161133e-01,3.301558494567871094e-01,5.892093181610107422e-01,4.865091443061828613e-01,4.231476485729217529e-01,5.557898879051208496e-01,4.596691429615020752e-01,3.852762281894683838e-01,4.713445305824279785e-01,4.702230691909790039e-01,3.557366430759429932e-01,4.791695773601531982e-01,3.795143365859985352e-01,2.868264019489288330e-01,4.803740978240966797e-01,3.903297185897827148e-01,2.832064926624298096e-01,4.812891781330108643e-01,2.934973239898681641e-01,1.669439673423767090e-01,4.425775706768035889e-01,3.962973058223724365e-01,3.051682710647583008e-01,3.080694377422332764e-01,2.879362404346466064e-01,2.333484739065170288e-01,3.005768358707427979e-01,2.524266839027404785e-01,2.284652590751647949e-01,3.029943406581878662e-01
7.329513430595397949e-01,7.063206434249877930e-01,6.642366647720336914e-01,7.149764895439147949e-01,6.535149812698364258e-01,3.342474102973937988e-01,7.159428596496582031e-01,5.134180188179016113e-01,3.340402245521545410e-01,7.170370221138000488e-01,3.889434933662414551e-01,3.556030690670013428e-01,6.859786510467529297e-01,4.763331711292266846e-01,4.853712022304534912e-01,7.095620632171630859e-01,6.613733172416687012e-01,4.643538296222686768e-01,7.081245183944702148e-01,5.194447636604309082e-01,4.073134958744049072e-01,7.041735649108886719e-01,5.832123756408691406e-01,5.071011185646057129e-01,6.586824059486389160e-01,5.539996623992919922e-01,4.713445305824279785e-01,6.253132224082946777e-01,5.537650585174560547e-01,3.865814805030822754e-01,6.166241168975830078e-01,5.048597455024719238e-01,3.947602510452270508e-01,6.217455863952636719e-01,4.726766347885131836e-01,3.452173769474029541e-01,6.219628453254699707e-01,4.169124960899353027e-01,2.750271558761596680e-01,5.890330672264099121e-01,5.164582133293151855e-01,4.100196063518524170e-01,4.333890080451965332e-01,4.147641658782958984e-01,3.567304015159606934e-01,4.267566204071044922e-01,3.305366039276123047e-01,2.991115450859069824e-01,4.288729429244995117e-01
4.511422514915466309e-01,4.450032413005828857e-01,4.192314743995666504e-01,4.498695433139801025e-01,4.298112988471984863e-01,2.470310777425765991e-01,4.560567736625671387e-01,3.680610358715057373e-01,2.514585852622985840e-01,4.623258411884307861e-01,3.204885721206665039e-01,3.223237097263336182e-01,4.635080099105834961e-01,3.054802417755126953e-01,3.473261892795562744e-01,5.189720988273620605e-01,5.021768808364868164e-01,3.973412811756134033e-01,5.472242236137390137e-01,4.808177947998046875e-01,3.958466351032257080e-01,5.539541840553283691e-01,5.194095969200134277e-01,4.847092628479003906e-01,5.640872716903686523e-01,5.185744762420654297e-01,4.702230691909790039e-01,5.537650585174560547e-01,4.891656935214996338e-01,3.381281793117523193e-01,5.152550935745239258e-01,3.960185050964355469e-01,2.936474680900573730e-01,5.142633914947509766e-01,4.154727160930633545e-01,3.079525828361511230e-01,5.149909257888793945e-01,3.369238078594207764e-01,2.042197585105895996e-01,4.786729216575622559e-01,4.074065685272216797e-01,3.176407516002655029e-01,3.225675225257873535e-01,3.041130900382995605e-01,2.539500892162322998e-01,3.147483766078948975e-01,2.280721813440322876e-01,2.010107934474945068e-01,3.158362209796905518e-01
2.181057631969451904e-01,2.095858603715896606e-01,1.958683133125305176e-01,2.268408685922622681e-01,2.151541560888290405e-01,1.356050819158554077e-01,2.326546162366867065e-01,1.980954557657241821e-01,1.427496969699859619e-01,2.386937737464904785e-01,1.934431195259094238e-01,2.112248539924621582e-01,2.584726810455322266e-01,1.737678050994873047e-01,2.000036984682083130e-01,3.041339516639709473e-01,2.915334701538085938e-01,2.514436244964599609e-01,3.373584449291229248e-01,3.404413461685180664e-01,2.762730717658996582e-01,3.469403684139251709e-01,3.601668477058410645e-01,3.665919899940490723e-01,3.910716474056243896e-01,3.810959160327911377e-01,3.557366430759429932e-01,3.865814805030822754e-01,3.381281793117523193e-01,2.863953411579132080e-01,4.161111116409301758e-01,3.090690076351165771e-01,2.236680686473846436e-01,4.139539003372192383e-01,3.549601733684539795e-01,2.752290964126586914e-01,4.161728620529174805e-01,2.742571532726287842e-01,1.578859984874725342e-01,3.834840953350067139e-01,3.190156519412994385e-01,2.477808743715286255e-01,2.458689063787460327e-01,2.279456257820129395e-01,1.880230605602264404e-01,2.377379089593887329e-01,1.666776388883590698e-01,1.451802998781204224e-01,2.384335100650787354e-01
6.724817156791687012e-01,6.441127061843872070e-01,6.039689183235168457e-01,6.615717411041259766e-01,6.035681366920471191e-01,3.140355050563812256e-01,6.636631488800048828e-01,4.801795482635498047e-01,3.171268403530120850e-01,6.656560301780700684e-01,3.715614378452301025e-01,3.471002280712127686e-01,6.444507241249084473e-01,4.496650695800781250e-01,4.594379365444183350e-01,6.720643043518066406e-01,6.242353320121765137e-01,4.480121433734893799e-01,6.769368648529052734e-01,5.147549510002136230e-01,4.059983193874359131e-01,6.760191917419433594e-01,5.761436223983764648e-01,5.141846537590026855e-01,6.461807489395141602e-01,5.557758808135986328e-01,4.791695773601531982e-01,6.166241168975830078e-01,5.152550935745239258e-01,4.161111116409301758e-01,5.916715860366821289e-01,4.783146083354949951e-01,3.688916265964508057e-01,5.954417586326599121e-01,4.580745697021484375e-01,3.363085091114044189e-01,5.961177349090576172e-01,3.977713584899902344e-01,2.571543157100677490e-01,5.623521208763122559e-01,4.890803098678588867e-01,3.846977353096008301e-01,4.036351740360260010e-01,3.849595785140991211e-01,3.291057646274566650e-01,3.964097499847412109e-01,3.015913963317871094e-01,2.710004746913909912e-01,3.981651961803436279e-01
5.454807877540588379e-01,4.545390009880065918e-01,4.125707745552062988e-01,5.759700536727905273e-01,4.724849164485931396e-01,2.257735282182693481e-01,5.759283900260925293e-01,3.659650087356567383e-01,2.254298478364944458e-01,5.773350596427917480e-01,2.740951776504516602e-01,2.794211804866790771e-01,5.994288921356201172e-01,4.533194899559020996e-01,4.182783663272857666e-01,5.943779349327087402e-01,4.694350063800811768e-01,3.203957080841064453e-01,5.817067027091979980e-01,3.960542678833007812e-01,2.946234047412872314e-01,5.807323455810546875e-01,4.696020781993865967e-01,4.066089391708374023e-01,5.405416488647460938e-01,4.582063555717468262e-01,3.795143365859985352e-01,5.048597455024719238e-01,3.960185050964355469e-01,3.090690076351165771e-01,4.783146083354949951e-01,4.346356689929962158e-01,3.334128260612487793e-01,5.521141886711120605e-01,4.357584416866302490e-01,3.258876204490661621e-01,5.532764792442321777e-01,3.800232112407684326e-01,2.473818212747573853e-01,5.250985622406005859e-01,4.643655717372894287e-01,3.611824810504913330e-01,3.785952925682067871e-01,3.563376665115356445e-01,3.026877343654632568e-01,3.702295124530792236e-01,2.491696625947952271e-01,2.180979996919631958e-01,3.704624474048614502e-01
