9.987755115971614917e-01,6.843844971729701188e-01,6.336426163856905269e-01,4.047232918594445561e-01,3.871275070200727586e-01,2.834531823066914202e-01,2.692455772473987263e-01
6.843844971729701188e-01,9.858413728173958113e-01,9.408170056908542467e-01,6.795544064237053483e-01,6.288527841332549606e-01,4.825384580074906782e-01,4.482051614144089147e-01
6.336426163856905269e-01,9.408170056908542467e-01,9.834584683755188683e-01,7.799662745494392313e-01,7.469998056136211151e-01,5.931460104630068564e-01,5.422118887514719709e-01
4.047232918594445561e-01,6.795544064237053483e-01,7.799662745494392313e-01,9.396606614629308130e-01,8.561892984739978285e-01,7.279653252125232177e-01,6.251796801969099482e-01
3.871275070200727586e-01,6.288527841332549606e-01,7.469998056136211151e-01,8.561892984739978285e-01,9.220817841019623984e-01,8.163511651933567093e-01,7.311417823385941706e-01
2.834531823066914202e-01,4.825384580074906782e-01,5.931460104630068564e-01,7.279653252125232177e-01,8.163511651933567093e-01,8.428335958467890743e-01,7.377707797359281949e-01
2.692455772473987263e-01,4.482051614144089147e-01,5.422118887514719709e-01,6.251796801969099482e-01,7.311417823385941706e-01,7.377707797359281949e-01,8.548796731984853459e-01
