9.897555112838745117e-01,9.311214089393615723e-01,8.286659121513366699e-01,9.538769125938415527e-01,6.816028356552124023e-01,4.713486433029174805e-01,9.389324784278869629e-01,6.588491201400756836e-01,5.448837280273437500e-01,9.335969090461730957e-01,4.936768114566802979e-01,3.109421432018280029e-01,8.604977130889892578e-01,6.013211607933044434e-01,4.756658375263214111e-01,8.024739623069763184e-01,5.895062685012817383e-01,4.513950645923614502e-01,7.855437994003295898e-01,6.122995018959045410e-01,4.879234135150909424e-01,7.869602441787719727e-01,7.009451985359191895e-01,6.626006364822387695e-01,6.949843764305114746e-01,6.936984658241271973e-01,6.079956293106079102e-01,6.359583139419555664e-01,5.569320321083068848e-01,4.131106138229370117e-01,6.214013695716857910e-01,5.473247170448303223e-01,3.823461532592773438e-01,6.060198545455932617e-01,5.052626132965087891e-01,3.149351477622985840e-01,5.950376391410827637e-01,4.682389199733734131e-01,2.905037403106689453e-01,5.884407162666320801e-01,4.950756132602691650e-01,4.275566935539245605e-01,4.712870419025421143e-01,3.999136686325073242e-01,3.591606020927429199e-01,4.736815094947814941e-01,1.716212183237075806e-01,1.063264757394790649e-01,4.709837138652801514e-01
9.311214089393615723e-01,9.339767098426818848e-01,9.556752443313598633e-01,8.133474588394165039e-01,5.164175629615783691e-01,3.091133832931518555e-01,8.319092988967895508e-01,6.318860650062561035e-01,5.845259428024291992e-01,8.312687277793884277e-01,4.817506670951843262e-01,3.040988743305206299e-01,7.466546893119812012e-01,4.645891487598419189e-01,3.322645425796508789e-01,7.113737463951110840e-01,5.747899413108825684e-01,4.746142327785491943e-01,7.083407044410705566e-01,5.591233968734741211e-01,4.617061316967010498e-01,7.180273532867431641e-01,6.608656048774719238e-01,6.148824691772460938e-01,6.410167813301086426e-01,6.876515150070190430e-01,6.089592576026916504e-01,5.968178510665893555e-01,4.935045242309570312e-01,3.253330290317535400e-01,5.751470923423767090e-01,5.337336063385009766e-01,3.668915033340454102e-01,5.549995899200439453e-01,4.647031128406524658e-01,2.877439260482788086e-01,5.389044284820556641e-01,4.164648652076721191e-01,2.544669210910797119e-01,5.282726883888244629e-01,4.405171573162078857e-01,3.649821579456329346e-01,4.077333211898803711e-01,3.054295778274536133e-01,2.589715719223022461e-01,3.959848284721374512e-01,1.709962189197540283e-01,9.948772937059402466e-02,3.927229940891265869e-01
8.286659121513366699e-01,9.556752443313598633e-01,9.530543684959411621e-01,7.409389615058898926e-01,4.207964837551116943e-01,2.287776023149490356e-01,7.601761221885681152e-01,5.474002361297607422e-01,5.017731189727783203e-01,7.596247792243957520e-01,4.155994355678558350e-01,2.562997043132781982e-01,6.837090253829956055e-01,3.996217548847198486e-01,2.715437710285186768e-01,6.475895643234252930e-01,5.272688269615173340e-01,4.451609551906585693e-01,6.460605859756469727e-01,5.025087594985961914e-01,4.138151407241821289e-01,6.583115458488464355e-01,6.042969226837158203e-01,5.767622590065002441e-01,6.041894555091857910e-01,6.610476970672607422e-01,5.959207415580749512e-01,5.704957246780395508e-01,4.639292955398559570e-01,3.008952140808105469e-01,5.484775900840759277e-01,5.159304738044738770e-01,3.499695360660552979e-01,5.281777381896972656e-01,4.408885538578033447e-01,2.718452513217926025e-01,5.118420124053955078e-01,3.855971992015838623e-01,2.320388108491897583e-01,5.002399086952209473e-01,4.258530735969543457e-01,3.599278032779693604e-01,4.006962776184082031e-01,2.861062288284301758e-01,2.370242178440093994e-01,3.849097788333892822e-01,1.744202971458435059e-01,9.979506582021713257e-02,3.815125524997711182e-01
9.538769125938415527e-01,8.133474588394165039e-01,7.409389615058898926e-01,9.785144329071044922e-01,7.475066184997558594e-01,5.358587503433227539e-01,9.588634967803955078e-01,6.935839653015136719e-01,5.699355602264404297e-01,9.539756178855895996e-01,5.365024805068969727e-01,3.517665565013885498e-01,8.933683037757873535e-01,6.664106845855712891e-01,5.431222915649414062e-01,8.382846117019653320e-01,6.218433976173400879e-01,4.787628948688507080e-01,8.195232748985290527e-01,6.580647230148315430e-01,5.323244333267211914e-01,8.192788958549499512e-01,7.327352166175842285e-01,6.893768310546875000e-01,7.220836281776428223e-01,7.060953974723815918e-01,6.176538467407226562e-01,6.638233661651611328e-01,6.018807291984558105e-01,4.650892615318298340e-01,6.513394713401794434e-01,5.651819705963134766e-01,3.912098705768585205e-01,6.373713016510009766e-01,5.312244892120361328e-01,3.354820013046264648e-01,6.272901892662048340e-01,4.959168732166290283e-01,3.030894398689270020e-01,6.212633848190307617e-01,5.252432227134704590e-01,4.514560699462890625e-01,4.891460835933685303e-01,4.191559255123138428e-01,3.704775869846343994e-01,4.902890920639038086e-01,1.784464865922927856e-01,1.119247525930404663e-01,4.877661168575286865e-01
6.816028356552124023e-01,5.164175629615783691e-01,4.207964837551116943e-01,7.475066184997558594e-01,6.389508843421936035e-01,4.377419650554656982e-01,8.448817729949951172e-01,7.618706226348876953e-01,7.311432957649230957e-01,8.474065661430358887e-01,6.284590959548950195e-01,4.443135857582092285e-01,7.727910280227661133e-01,5.635222792625427246e-01,4.355365335941314697e-01,7.558566331863403320e-01,6.415645480155944824e-01,5.383767485618591309e-01,7.506752610206604004e-01,6.573204398155212402e-01,5.740767121315002441e-01,7.519245147705078125e-01,6.942435503005981445e-01,5.927138328552246094e-01,6.231058835983276367e-01,6.370962858200073242e-01,5.652874708175659180e-01,5.726976990699768066e-01,4.898231923580169678e-01,3.392554521560668945e-01,5.575951933860778809e-01,5.055457949638366699e-01,3.697818815708160400e-01,5.416331291198730469e-01,4.825627505779266357e-01,3.173875510692596436e-01,5.305844545364379883e-01,4.394335150718688965e-01,2.878160774707794189e-01,5.241751670837402344e-01,4.174845814704895020e-01,3.170005083084106445e-01,3.509061932563781738e-01,2.873391807079315186e-01,2.512299716472625732e-01,3.452522456645965576e-01,1.485328227281570435e-01,9.308646619319915771e-02,3.434065580368041992e-01
4.713486433029174805e-01,3.091133832931518555e-01,2.287776023149490356e-01,5.358587503433227539e-01,4.377419650554656982e-01,3.699217438697814941e-01,5.020820498466491699e-01,6.397247910499572754e-01,6.989279389381408691e-01,5.158976316452026367e-01,6.233751177787780762e-01,5.347987413406372070e-01,5.078213810920715332e-01,4.775364696979522705e-01,4.182900488376617432e-01,5.390138626098632812e-01,5.535657405853271484e-01,5.139586925506591797e-01,5.452343821525573730e-01,5.587115287780761719e-01,5.486627221107482910e-01,5.400203466415405273e-01,5.182209014892578125e-01,3.854059278964996338e-01,4.068908393383026123e-01,3.842675089836120605e-01,3.485311269760131836e-01,3.773106038570404053e-01,3.360660672187805176e-01,2.331762909889221191e-01,3.765206933021545410e-01,3.533993065357208252e-01,2.978836297988891602e-01,3.719589114189147949e-01,3.607667386531829834e-01,2.621680796146392822e-01,3.694923520088195801e-01,3.405826687812805176e-01,2.569548785686492920e-01,3.679414689540863037e-01,2.855322062969207764e-01,1.696531325578689575e-01,1.858267337083816528e-01,1.430417299270629883e-01,1.212308332324028015e-01,1.768780648708343506e-01,1.113238409161567688e-01,8.253566175699234009e-02,1.772423833608627319e-01
9.389324784278869629e-01,8.319092988967895508e-01,7.601761221885681152e-01,9.588634967803955078e-01,8.448817729949951172e-01,5.020820498466491699e-01,9.612813591957092285e-01,7.065825462341308594e-01,5.876000523567199707e-01,9.570945501327514648e-01,5.529721379280090332e-01,3.679228425025939941e-01,8.977494835853576660e-01,6.749675273895263672e-01,5.515702962875366211e-01,8.448544740676879883e-01,6.327255368232727051e-01,4.905027151107788086e-01,8.266937136650085449e-01,6.691297292709350586e-01,5.455331206321716309e-01,8.261644244194030762e-01,7.403059005737304688e-01,6.920490264892578125e-01,7.247813940048217773e-01,7.069928050041198730e-01,6.185838580131530762e-01,6.663343906402587891e-01,6.049583554267883301e-01,4.675125479698181152e-01,6.542379260063171387e-01,5.684331655502319336e-01,3.952394723892211914e-01,6.405451893806457520e-01,5.361475348472595215e-01,3.402976393699645996e-01,6.307208538055419922e-01,5.010724067687988281e-01,3.081220090389251709e-01,6.248338818550109863e-01,5.277452468872070312e-01,4.505679309368133545e-01,4.880392849445343018e-01,4.185859560966491699e-01,3.699418902397155762e-01,4.890827238559722900e-01,1.793168932199478149e-01,1.131887882947921753e-01,4.866264164447784424e-01
6.588491201400756836e-01,6.318860650062561035e-01,5.474002361297607422e-01,6.935839653015136719e-01,7.618706226348876953e-01,6.397247910499572754e-01,7.065825462341308594e-01,7.637352347373962402e-01,7.380753159523010254e-01,7.425855994224548340e-01,7.099968194961547852e-01,5.448258519172668457e-01,6.862479448318481445e-01,5.510966777801513672e-01,4.404992461204528809e-01,6.941265463829040527e-01,6.514986753463745117e-01,5.718428492546081543e-01,6.952178478240966797e-01,6.489835977554321289e-01,6.030528545379638672e-01,6.934061646461486816e-01,6.574196219444274902e-01,5.168768167495727539e-01,5.446376204490661621e-01,5.455787777900695801e-01,4.920790493488311768e-01,5.058772563934326172e-01,4.425257146358489990e-01,3.087663948535919189e-01,4.962066113948822021e-01,4.459101855754852295e-01,3.479347229003906250e-01,4.838048517704010010e-01,4.547069072723388672e-01,3.155345022678375244e-01,4.758344888687133789e-01,4.162476658821105957e-01,2.785111963748931885e-01,4.702360928058624268e-01,3.738030791282653809e-01,2.625094056129455566e-01,2.833195626735687256e-01,2.092165946960449219e-01,1.759159266948699951e-01,2.697113752365112305e-01,1.396107375621795654e-01,9.716050326824188232e-02,2.692166268825531006e-01
5.448837280273437500e-01,5.845259428024291992e-01,5.017731189727783203e-01,5.699355602264404297e-01,7.311432957649230957e-01,6.989279389381408691e-01,5.876000523567199707e-01,7.380753159523010254e-01,6.867666840553283691e-01,5.888229012489318848e-01,6.682487130165100098e-01,5.474132299423217773e-01,5.602212548255920410e-01,4.930468201637268066e-01,4.097006022930145264e-01,5.857432484626770020e-01,5.954676270484924316e-01,5.462536811828613281e-01,5.942975282669067383e-01,5.963793992996215820e-01,5.853717923164367676e-01,5.928032994270324707e-01,5.756661891937255859e-01,4.269174337387084961e-01,4.477029144763946533e-01,4.378356039524078369e-01,3.990374207496643066e-01,4.242812991142272949e-01,3.749186992645263672e-01,2.571886181831359863e-01,4.189768135547637939e-01,3.887397348880767822e-01,3.110136389732360840e-01,4.120367467403411865e-01,3.842813670635223389e-01,2.714018523693084717e-01,4.061941206455230713e-01,3.589065670967102051e-01,2.572960257530212402e-01,4.027136862277984619e-01,3.227871656417846680e-01,2.068906128406524658e-01,2.280391752719879150e-01,1.740906089544296265e-01,1.450827419757843018e-01,2.182779014110565186e-01,1.196787878870964050e-01,8.497925847768783569e-02,2.178544700145721436e-01
9.335969090461730957e-01,8.312687277793884277e-01,7.596247792243957520e-01,9.539756178855895996e-01,8.474065661430358887e-01,5.158976316452026367e-01,9.570945501327514648e-01,7.425855994224548340e-01,5.888229012489318848e-01,9.599549174308776855e-01,6.105862259864807129e-01,4.260745048522949219e-01,9.052984118461608887e-01,7.021479606628417969e-01,5.797356367111206055e-01,8.618019819259643555e-01,6.700661778450012207e-01,5.340368747711181641e-01,8.461911082267761230e-01,7.078724503517150879e-01,5.950220227241516113e-01,8.448147773742675781e-01,7.617230415344238281e-01,6.932112574577331543e-01,7.261777520179748535e-01,7.031605839729309082e-01,6.171398758888244629e-01,6.692267060279846191e-01,6.106708645820617676e-01,4.717228412628173828e-01,6.587644219398498535e-01,5.737730264663696289e-01,4.061654210090637207e-01,6.461186408996582031e-01,5.498700737953186035e-01,3.555530011653900146e-01,6.373412013053894043e-01,5.136685371398925781e-01,3.221219182014465332e-01,6.319200396537780762e-01,5.342045426368713379e-01,4.458246231079101562e-01,4.818384945392608643e-01,4.107497334480285645e-01,3.625783026218414307e-01,4.813186228275299072e-01,1.849963963031768799e-01,1.193283274769783020e-01,4.791541397571563721e-01
4.936768114566802979e-01,4.817506670951843262e-01,4.155994355678558350e-01,5.365024805068969727e-01,6.284590959548950195e-01,6.233751177787780762e-01,5.529721379280090332e-01,7.099968194961547852e-01,6.682487130165100098e-01,6.105862259864807129e-01,7.023319602012634277e-01,5.888221263885498047e-01,5.476760864257812500e-01,5.149261951446533203e-01,4.394089579582214355e-01,5.817322731018066406e-01,6.064264178276062012e-01,5.636715292930603027e-01,5.906455516815185547e-01,6.131293177604675293e-01,6.095906496047973633e-01,5.864028930664062500e-01,5.680613517761230469e-01,4.023707509040832520e-01,4.214646816253662109e-01,3.979097902774810791e-01,3.611306846141815186e-01,3.954722881317138672e-01,3.578317165374755859e-01,2.526433169841766357e-01,3.948420584201812744e-01,3.623978197574615479e-01,3.055322468280792236e-01,3.908116221427917480e-01,3.831174671649932861e-01,2.782352566719055176e-01,3.884805142879486084e-01,3.588430285453796387e-01,2.626270055770874023e-01,3.864501714706420898e-01,3.125470280647277832e-01,1.914210766553878784e-01,2.064975947141647339e-01,1.509946137666702271e-01,1.273960918188095093e-01,1.945732235908508301e-01,1.240809112787246704e-01,9.200406819581985474e-02,1.948944926261901855e-01
3.109421432018280029e-01,3.040988743305206299e-01,2.562997043132781982e-01,3.517665565013885498e-01,4.443135857582092285e-01,5.347987413406372070e-01,3.679228425025939941e-01,5.448258519172668457e-01,5.474132299423217773e-01,4.260745048522949219e-01,5.888221263885498047e-01,6.691982150077819824e-01,5.144786834716796875e-01,5.526112914085388184e-01,4.857927560806274414e-01,5.617986321449279785e-01,6.333167552947998047e-01,6.133913397789001465e-01,5.737800598144531250e-01,6.343584060668945312e-01,6.471560597419738770e-01,5.666963458061218262e-01,5.612100958824157715e-01,4.039629995822906494e-01,4.217707514762878418e-01,3.789244890213012695e-01,3.537520766258239746e-01,4.073482751846313477e-01,3.752837777137756348e-01,2.761540114879608154e-01,4.115615487098693848e-01,3.894016146659851074e-01,3.391261696815490723e-01,4.117524921894073486e-01,4.026125967502593994e-01,3.034291267395019531e-01,4.118310511112213135e-01,3.848753273487091064e-01,3.018370866775512695e-01,4.120877087116241455e-01,3.363181352615356445e-01,1.933190077543258667e-01,2.177331596612930298e-01,1.858742088079452515e-01,1.656118035316467285e-01,2.145907878875732422e-01,1.451939195394515991e-01,1.059625521302223206e-01,2.158906310796737671e-01
8.604977130889892578e-01,7.466546893119812012e-01,6.837090253829956055e-01,8.933683037757873535e-01,7.727910280227661133e-01,5.078213810920715332e-01,8.977494835853576660e-01,6.862479448318481445e-01,5.602212548255920410e-01,9.052984118461608887e-01,5.476760864257812500e-01,5.144786834716796875e-01,8.969467282295227051e-01,7.878691554069519043e-01,6.822585463523864746e-01,8.586408495903015137e-01,6.869964003562927246e-01,5.638364553451538086e-01,8.406987786293029785e-01,7.344481348991394043e-01,6.271288394927978516e-01,8.348609805107116699e-01,7.692552804946899414e-01,7.375675439834594727e-01,7.657393813133239746e-01,7.013971209526062012e-01,6.239264011383056641e-01,7.203842997550964355e-01,6.901147961616516113e-01,5.713317990303039551e-01,7.168617844581604004e-01,6.267409324645996094e-01,4.601736068725585938e-01,7.110319733619689941e-01,5.854876041412353516e-01,3.944823145866394043e-01,7.052685618400573730e-01,5.754270553588867188e-01,3.807172477245330811e-01,7.034698128700256348e-01,5.918417572975158691e-01,4.786540269851684570e-01,5.221914052963256836e-01,4.894901514053344727e-01,4.353726506233215332e-01,5.342010855674743652e-01,1.973432302474975586e-01,1.230851560831069946e-01,5.324913859367370605e-01
6.013211607933044434e-01,4.645891487598419189e-01,3.996217548847198486e-01,6.664106845855712891e-01,5.635222792625427246e-01,4.775364696979522705e-01,6.749675273895263672e-01,5.510966777801513672e-01,4.930468201637268066e-01,7.021479606628417969e-01,5.149261951446533203e-01,5.526112914085388184e-01,7.878691554069519043e-01,5.837877392768859863e-01,5.480830669403076172e-01,5.335357785224914551e-01,3.537541031837463379e-01,2.453258931636810303e-01,5.048000812530517578e-01,4.114985764026641846e-01,3.240932226181030273e-01,4.958781301975250244e-01,4.564865827560424805e-01,4.995920956134796143e-01,5.090404152870178223e-01,4.286129772663116455e-01,3.666791915893554688e-01,4.818490147590637207e-01,5.232934355735778809e-01,4.963783323764801025e-01,4.830023050308227539e-01,3.904390633106231689e-01,2.537474036216735840e-01,4.839457571506500244e-01,3.449037373065948486e-01,2.216393947601318359e-01,4.805429577827453613e-01,3.626181185245513916e-01,2.051168978214263916e-01,4.805361628532409668e-01,4.179380536079406738e-01,3.798056840896606445e-01,3.879246413707733154e-01,3.775144219398498535e-01,3.231878578662872314e-01,3.978817760944366455e-01,1.067632213234901428e-01,6.778752803802490234e-02,3.961376547813415527e-01
4.756658375263214111e-01,3.322645425796508789e-01,2.715437710285186768e-01,5.431222915649414062e-01,4.355365335941314697e-01,4.182900488376617432e-01,5.515702962875366211e-01,4.404992461204528809e-01,4.097006022930145264e-01,5.797356367111206055e-01,4.394089579582214355e-01,4.857927560806274414e-01,6.822585463523864746e-01,5.480830669403076172e-01,5.597384572029113770e-01,5.529240965843200684e-01,4.340409934520721436e-01,3.445498347282409668e-01,5.315496325492858887e-01,4.743464887142181396e-01,4.079298377037048340e-01,5.215518474578857422e-01,4.984765946865081787e-01,5.057024359703063965e-01,5.144698023796081543e-01,4.315876066684722900e-01,3.820310235023498535e-01,4.847368597984313965e-01,5.215786695480346680e-01,4.837117493152618408e-01,4.884945154190063477e-01,4.046378731727600098e-01,3.052285015583038330e-01,4.903360009193420410e-01,3.808129727840423584e-01,2.612752616405487061e-01,4.883912503719329834e-01,4.022256433963775635e-01,2.515940368175506592e-01,4.893321990966796875e-01,4.185196459293365479e-01,3.551492393016815186e-01,3.586215972900390625e-01,3.236419260501861572e-01,2.756689190864562988e-01,3.584112823009490967e-01,1.298071295022964478e-01,8.937512338161468506e-02,3.581071496009826660e-01
8.024739623069763184e-01,7.113737463951110840e-01,6.475895643234252930e-01,8.382846117019653320e-01,7.558566331863403320e-01,5.390138626098632812e-01,8.448544740676879883e-01,6.941265463829040527e-01,5.857432484626770020e-01,8.618019819259643555e-01,5.817322731018066406e-01,5.617986321449279785e-01,8.586408495903015137e-01,5.335357785224914551e-01,5.529240965843200684e-01,8.868248462677001953e-01,7.510110139846801758e-01,6.396177411079406738e-01,8.746935129165649414e-01,7.926043868064880371e-01,6.977987885475158691e-01,8.691447377204895020e-01,8.121417164802551270e-01,7.568681836128234863e-01,7.845480442047119141e-01,7.188268899917602539e-01,6.454833745956420898e-01,7.412361502647399902e-01,7.064157128334045410e-01,5.751823782920837402e-01,7.390883564949035645e-01,6.553513407707214355e-01,4.984003305435180664e-01,7.337225079536437988e-01,6.179632544517517090e-01,4.237131476402282715e-01,7.278928756713867188e-01,6.083756685256958008e-01,4.158682227134704590e-01,7.262729406356811523e-01,6.052410006523132324e-01,4.665916860103607178e-01,5.141628980636596680e-01,4.771243929862976074e-01,4.247196018695831299e-01,5.240824222564697266e-01,2.147770822048187256e-01,1.376763135194778442e-01,5.231419205665588379e-01
5.895062685012817383e-01,5.747899413108825684e-01,5.272688269615173340e-01,6.218433976173400879e-01,6.415645480155944824e-01,5.535657405853271484e-01,6.327255368232727051e-01,6.514986753463745117e-01,5.954676270484924316e-01,6.700661778450012207e-01,6.064264178276062012e-01,6.333167552947998047e-01,6.869964003562927246e-01,3.537541031837463379e-01,4.340409934520721436e-01,7.510110139846801758e-01,7.710878252983093262e-01,6.712729930877685547e-01,8.562636375427246094e-01,7.969231009483337402e-01,7.268423438072204590e-01,8.513581752777099609e-01,7.854043245315551758e-01,6.748081445693969727e-01,7.091237306594848633e-01,6.629375815391540527e-01,5.981224179267883301e-01,6.595325469970703125e-01,6.016408205032348633e-01,4.669784307479858398e-01,6.564197540283203125e-01,5.771721601486206055e-01,4.647840559482574463e-01,6.476561427116394043e-01,6.032739281654357910e-01,4.280216395854949951e-01,6.436930894851684570e-01,5.628085136413574219e-01,3.905068039894104004e-01,6.410403847694396973e-01,5.244727134704589844e-01,3.788643479347229004e-01,4.226022064685821533e-01,3.676834702491760254e-01,3.292418122291564941e-01,4.231383502483367920e-01,2.044034004211425781e-01,1.413680613040924072e-01,4.237063825130462646e-01
4.513950645923614502e-01,4.746142327785491943e-01,4.451609551906585693e-01,4.787628948688507080e-01,5.383767485618591309e-01,5.139586925506591797e-01,4.905027151107788086e-01,5.718428492546081543e-01,5.462536811828613281e-01,5.340368747711181641e-01,5.636715292930603027e-01,6.133913397789001465e-01,5.638364553451538086e-01,2.453258931636810303e-01,3.445498347282409668e-01,6.396177411079406738e-01,6.712729930877685547e-01,6.523580551147460938e-01,7.347264885902404785e-01,7.367799878120422363e-01,7.129938602447509766e-01,7.286634445190429688e-01,6.771043539047241211e-01,5.242475271224975586e-01,5.539479851722717285e-01,5.098344683647155762e-01,4.574331939220428467e-01,5.116029977798461914e-01,4.707964956760406494e-01,3.551927208900451660e-01,5.105200409889221191e-01,4.458191394805908203e-01,3.653139173984527588e-01,5.040322542190551758e-01,4.998177587985992432e-01,3.665986955165863037e-01,5.025903582572937012e-01,4.620201289653778076e-01,3.334081470966339111e-01,5.014045834541320801e-01,4.137428402900695801e-01,2.741699814796447754e-01,2.984123826026916504e-01,2.483920753002166748e-01,2.205868810415267944e-01,2.927113175392150879e-01,1.639922410249710083e-01,1.206464096903800964e-01,2.938132882118225098e-01
7.855437994003295898e-01,7.083407044410705566e-01,6.460605859756469727e-01,8.195232748985290527e-01,7.506752610206604004e-01,5.452343821525573730e-01,8.266937136650085449e-01,6.952178478240966797e-01,5.942975282669067383e-01,8.461911082267761230e-01,5.906455516815185547e-01,5.737800598144531250e-01,8.406987786293029785e-01,5.048000812530517578e-01,5.315496325492858887e-01,8.746935129165649414e-01,8.562636375427246094e-01,7.347264885902404785e-01,8.863263130187988281e-01,8.431719541549682617e-01,7.709957361221313477e-01,8.796265721321105957e-01,8.310198783874511719e-01,7.420532703399658203e-01,7.711431384086608887e-01,7.013363242149353027e-01,6.356583237648010254e-01,7.296639680862426758e-01,6.921513080596923828e-01,5.555545091629028320e-01,7.298867106437683105e-01,6.528984904289245605e-01,5.210153460502624512e-01,7.256931662559509277e-01,6.356235742568969727e-01,4.493804275989532471e-01,7.214005589485168457e-01,6.230270266532897949e-01,4.440282285213470459e-01,7.206491827964782715e-01,5.936759114265441895e-01,4.300549626350402832e-01,4.796121716499328613e-01,4.425839483737945557e-01,3.963796794414520264e-01,4.878442287445068359e-01,2.221390455961227417e-01,1.456252038478851318e-01,4.878201186656951904e-01
6.122995018959045410e-01,5.591233968734741211e-01,5.025087594985961914e-01,6.580647230148315430e-01,6.573204398155212402e-01,5.587115287780761719e-01,6.691297292709350586e-01,6.489835977554321289e-01,5.963793992996215820e-01,7.078724503517150879e-01,6.131293177604675293e-01,6.343584060668945312e-01,7.344481348991394043e-01,4.114985764026641846e-01,4.743464887142181396e-01,7.926043868064880371e-01,7.969231009483337402e-01,7.367799878120422363e-01,8.431719541549682617e-01,7.819606661796569824e-01,7.824913263320922852e-01,6.968676447868347168e-01,6.771193742752075195e-01,5.345890522003173828e-01,5.597300529479980469e-01,4.987289905548095703e-01,4.616581499576568604e-01,5.317233800888061523e-01,5.036993622779846191e-01,3.939587473869323730e-01,5.338378548622131348e-01,4.774496555328369141e-01,4.097027182579040527e-01,5.305020809173583984e-01,5.215519070625305176e-01,3.897126019001007080e-01,5.298857688903808594e-01,4.885854423046112061e-01,3.683363199234008789e-01,5.300200581550598145e-01,4.285145401954650879e-01,2.737934589385986328e-01,2.943935990333557129e-01,2.460834681987762451e-01,2.194824367761611938e-01,2.891949117183685303e-01,1.887284815311431885e-01,1.358742564916610718e-01,2.916308343410491943e-01
4.879234135150909424e-01,4.617061316967010498e-01,4.138151407241821289e-01,5.323244333267211914e-01,5.740767121315002441e-01,5.486627221107482910e-01,5.455331206321716309e-01,6.030528545379638672e-01,5.853717923164367676e-01,5.950220227241516113e-01,6.095906496047973633e-01,6.471560597419738770e-01,6.271288394927978516e-01,3.240932226181030273e-01,4.079298377037048340e-01,6.977987885475158691e-01,7.268423438072204590e-01,7.129938602447509766e-01,7.709957361221313477e-01,7.824913263320922852e-01,7.614849209785461426e-01,5.967567563056945801e-01,5.828137993812561035e-01,4.178379476070404053e-01,4.401445388793945312e-01,3.830928206443786621e-01,3.538964390754699707e-01,4.131457209587097168e-01,3.982647061347961426e-01,3.040841817855834961e-01,4.161401093006134033e-01,3.740297257900238037e-01,3.382276594638824463e-01,4.149078726768493652e-01,4.371374547481536865e-01,3.413349986076354980e-01,4.167825579643249512e-01,4.062080085277557373e-01,3.140633702278137207e-01,4.174544215202331543e-01,3.407367169857025146e-01,2.032038122415542603e-01,2.108203321695327759e-01,1.643772721290588379e-01,1.452365070581436157e-01,2.010690420866012573e-01,1.556433886289596558e-01,1.246977448463439941e-01,2.041730135679244995e-01
7.869602441787719727e-01,7.180273532867431641e-01,6.583115458488464355e-01,8.192788958549499512e-01,7.519245147705078125e-01,5.400203466415405273e-01,8.261644244194030762e-01,6.934061646461486816e-01,5.928032994270324707e-01,8.448147773742675781e-01,5.864028930664062500e-01,5.666963458061218262e-01,8.348609805107116699e-01,4.958781301975250244e-01,5.215518474578857422e-01,8.691447377204895020e-01,8.513581752777099609e-01,7.286634445190429688e-01,8.796265721321105957e-01,6.968676447868347168e-01,5.967567563056945801e-01,8.760728836059570312e-01,8.339821100234985352e-01,7.383081912994384766e-01,7.666909098625183105e-01,6.943615078926086426e-01,6.319251656532287598e-01,7.273364663124084473e-01,6.901107430458068848e-01,5.538091063499450684e-01,7.282529473304748535e-01,6.561796069145202637e-01,5.303494334220886230e-01,7.249792218208312988e-01,6.417880058288574219e-01,4.594835042953491211e-01,7.214682102203369141e-01,6.277024149894714355e-01,4.525769054889678955e-01,7.211156487464904785e-01,5.932716131210327148e-01,4.224442243576049805e-01,4.720521867275238037e-01,4.396266937255859375e-01,3.948575258255004883e-01,4.809689223766326904e-01,2.282316088676452637e-01,1.526529341936111450e-01,4.815198481082916260e-01
7.009451985359191895e-01,6.608656048774719238e-01,6.042969226837158203e-01,7.327352166175842285e-01,6.942435503005981445e-01,5.182209014892578125e-01,7.403059005737304688e-01,6.574196219444274902e-01,5.756661891937255859e-01,7.617230415344238281e-01,5.680613517761230469e-01,5.612100958824157715e-01,7.692552804946899414e-01,4.564865827560424805e-01,4.984765946865081787e-01,8.121417164802551270e-01,7.854043245315551758e-01,6.771043539047241211e-01,8.310198783874511719e-01,6.771193742752075195e-01,5.828137993812561035e-01,8.339821100234985352e-01,7.556437253952026367e-01,6.372188925743103027e-01,6.641293168067932129e-01,6.010888814926147461e-01,5.697377920150756836e-01,6.413080692291259766e-01,5.895825624465942383e-01,4.627801775932312012e-01,6.446635723114013672e-01,5.990411043167114258e-01,5.198149085044860840e-01,6.427273154258728027e-01,6.093119978904724121e-01,4.560236334800720215e-01,6.415873765945434570e-01,5.855035781860351562e-01,4.426241219043731689e-01,6.416438817977905273e-01,5.179837942123413086e-01,3.356127738952636719e-01,3.786172568798065186e-01,3.555953502655029297e-01,3.247423768043518066e-01,3.854807019233703613e-01,2.380291670560836792e-01,1.726480126380920410e-01,3.891564607620239258e-01
6.626006364822387695e-01,6.148824691772460938e-01,5.767622590065002441e-01,6.893768310546875000e-01,5.927138328552246094e-01,3.854059278964996338e-01,6.920490264892578125e-01,5.168768167495727539e-01,4.269174337387084961e-01,6.932112574577331543e-01,4.023707509040832520e-01,4.039629995822906494e-01,7.375675439834594727e-01,4.995920956134796143e-01,5.057024359703063965e-01,7.568681836128234863e-01,6.748081445693969727e-01,5.242475271224975586e-01,7.420532703399658203e-01,5.345890522003173828e-01,4.178379476070404053e-01,7.383081912994384766e-01,6.372188925743103027e-01,5.754219293594360352e-01,5.991600155830383301e-01,5.434827208518981934e-01,5.280537009239196777e-01,5.863167047500610352e-01,5.300996303558349609e-01,4.218085706233978271e-01,5.895293354988098145e-01,5.588533878326416016e-01,4.948413372039794922e-01,5.890921354293823242e-01,5.674754381179809570e-01,4.321722686290740967e-01,5.894851088523864746e-01,5.439625978469848633e-01,4.137606322765350342e-01,5.898919105529785156e-01,4.777031540870666504e-01,3.124124407768249512e-01,3.564577102661132812e-01,3.556248843669891357e-01,3.325033187866210938e-01,3.698534965515136719e-01,2.463883012533187866e-01,1.808366924524307251e-01,3.751375079154968262e-01
6.949843764305114746e-01,6.410167813301086426e-01,6.041894555091857910e-01,7.220836281776428223e-01,6.231058835983276367e-01,4.068908393383026123e-01,7.247813940048217773e-01,5.446376204490661621e-01,4.477029144763946533e-01,7.261777520179748535e-01,4.214646816253662109e-01,4.217707514762878418e-01,7.657393813133239746e-01,5.090404152870178223e-01,5.144698023796081543e-01,7.845480442047119141e-01,7.091237306594848633e-01,5.539479851722717285e-01,7.711431384086608887e-01,5.597300529479980469e-01,4.401445388793945312e-01,7.666909098625183105e-01,6.641293168067932129e-01,5.991600155830383301e-01,7.294028401374816895e-01,6.650348305702209473e-01,6.270337700843811035e-01,7.048797607421875000e-01,6.554356217384338379e-01,5.338996052742004395e-01,7.066134810447692871e-01,6.497380733489990234e-01,5.472165346145629883e-01,7.049320936203002930e-01,6.437872052192687988e-01,4.745024144649505615e-01,7.034556865692138672e-01,6.234979629516601562e-01,4.529368877410888672e-01,7.030550837516784668e-01,5.745328068733215332e-01,4.012849032878875732e-01,4.532762765884399414e-01,4.457371830940246582e-01,4.074089527130126953e-01,4.682480692863464355e-01,2.590846717357635498e-01,1.845194995403289795e-01,4.719526767730712891e-01
6.936984658241271973e-01,6.876515150070190430e-01,6.610476970672607422e-01,7.060953974723815918e-01,6.370962858200073242e-01,3.842675089836120605e-01,7.069928050041198730e-01,5.455787777900695801e-01,4.378356039524078369e-01,7.031605839729309082e-01,3.979097902774810791e-01,3.789244890213012695e-01,7.013971209526062012e-01,4.286129772663116455e-01,4.315876066684722900e-01,7.188268899917602539e-01,6.629375815391540527e-01,5.098344683647155762e-01,7.013363242149353027e-01,4.987289905548095703e-01,3.830928206443786621e-01,6.943615078926086426e-01,6.010888814926147461e-01,5.434827208518981934e-01,6.650348305702209473e-01,5.935529470443725586e-01,5.719044208526611328e-01,6.413515806198120117e-01,6.004171967506408691e-01,5.039027333259582520e-01,6.446294784545898438e-01,5.862515568733215332e-01,5.163260698318481445e-01,6.444649696350097656e-01,5.984212756156921387e-01,4.516984820365905762e-01,6.447460651397705078e-01,5.814657807350158691e-01,4.325309395790100098e-01,6.451587080955505371e-01,5.181916356086730957e-01,3.537565767765045166e-01,3.980045616626739502e-01,3.908116519451141357e-01,3.603109717369079590e-01,4.113826453685760498e-01,2.417621463537216187e-01,1.725039482116699219e-01,4.157917797565460205e-01
6.079956293106079102e-01,6.089592576026916504e-01,5.959207415580749512e-01,6.176538467407226562e-01,5.652874708175659180e-01,3.485311269760131836e-01,6.185838580131530762e-01,4.920790493488311768e-01,3.990374207496643066e-01,6.171398758888244629e-01,3.611306846141815186e-01,3.537520766258239746e-01,6.239264011383056641e-01,3.666791915893554688e-01,3.820310235023498535e-01,6.454833745956420898e-01,5.981224179267883301e-01,4.574331939220428467e-01,6.356583237648010254e-01,4.616581499576568604e-01,3.538964390754699707e-01,6.319251656532287598e-01,5.697377920150756836e-01,5.280537009239196777e-01,6.270337700843811035e-01,5.719044208526611328e-01,4.987863898277282715e-01,5.631785392761230469e-01,5.425708889961242676e-01,4.697032868862152100e-01,5.667019486427307129e-01,5.082672238349914551e-01,4.525979161262512207e-01,5.664908289909362793e-01,5.365571975708007812e-01,4.089542925357818604e-01,5.670754909515380859e-01,5.114554166793823242e-01,3.856652677059173584e-01,5.676739811897277832e-01,4.591567218303680420e-01,3.103117942810058594e-01,3.399377465248107910e-01,3.181031346321105957e-01,2.901510894298553467e-01,3.456338346004486084e-01,2.172331660985946655e-01,1.534537672996520996e-01,3.497572839260101318e-01
6.359583139419555664e-01,5.968178510665893555e-01,5.704957246780395508e-01,6.638233661651611328e-01,5.726976990699768066e-01,3.773106038570404053e-01,6.663343906402587891e-01,5.058772563934326172e-01,4.242812991142272949e-01,6.692267060279846191e-01,3.954722881317138672e-01,4.073482751846313477e-01,7.203842997550964355e-01,4.818490147590637207e-01,4.847368597984313965e-01,7.412361502647399902e-01,6.595325469970703125e-01,5.116029977798461914e-01,7.296639680862426758e-01,5.317233800888061523e-01,4.131457209587097168e-01,7.273364663124084473e-01,6.413080692291259766e-01,5.863167047500610352e-01,7.048797607421875000e-01,6.413515806198120117e-01,5.631785392761230469e-01,6.701869964599609375e-01,6.321690678596496582e-01,5.214807391166687012e-01,6.737425327301025391e-01,6.135954260826110840e-01,5.327360033988952637e-01,6.729141473770141602e-01,6.330294013023376465e-01,4.768984615802764893e-01,6.732373237609863281e-01,6.090633273124694824e-01,4.519575536251068115e-01,6.736215353012084961e-01,5.509834289550781250e-01,3.751805424690246582e-01,4.180909395217895508e-01,3.965882062911987305e-01,3.618091344833374023e-01,4.264574050903320312e-01,2.528248429298400879e-01,1.827854067087173462e-01,4.305889904499053955e-01
5.569320321083068848e-01,4.935045242309570312e-01,4.639292955398559570e-01,6.018807291984558105e-01,4.898231923580169678e-01,3.360660672187805176e-01,6.049583554267883301e-01,4.425257146358489990e-01,3.749186992645263672e-01,6.106708645820617676e-01,3.578317165374755859e-01,3.752837777137756348e-01,6.901147961616516113e-01,5.232934355735778809e-01,5.215786695480346680e-01,7.064157128334045410e-01,6.016408205032348633e-01,4.707964956760406494e-01,6.921513080596923828e-01,5.036993622779846191e-01,3.982647061347961426e-01,6.901107430458068848e-01,5.895825624465942383e-01,5.300996303558349609e-01,6.554356217384338379e-01,6.004171967506408691e-01,5.425708889961242676e-01,6.321690678596496582e-01,5.787489414215087891e-01,4.770534634590148926e-01,6.100914478302001953e-01,5.504985451698303223e-01,4.826878607273101807e-01,6.086921691894531250e-01,5.969192385673522949e-01,4.598221480846405029e-01,6.105687618255615234e-01,5.647857785224914551e-01,4.172517359256744385e-01,6.107148528099060059e-01,5.002598166465759277e-01,3.323444128036499023e-01,3.631615936756134033e-01,3.301001787185668945e-01,2.995496392250061035e-01,3.646599352359771729e-01,2.454461753368377686e-01,1.868035197257995605e-01,3.697692453861236572e-01
4.131106138229370117e-01,3.253330290317535400e-01,3.008952140808105469e-01,4.650892615318298340e-01,3.392554521560668945e-01,2.331762909889221191e-01,4.675125479698181152e-01,3.087663948535919189e-01,2.571886181831359863e-01,4.717228412628173828e-01,2.526433169841766357e-01,2.761540114879608154e-01,5.713317990303039551e-01,4.963783323764801025e-01,4.837117493152618408e-01,5.751823782920837402e-01,4.669784307479858398e-01,3.551927208900451660e-01,5.555545091629028320e-01,3.939587473869323730e-01,3.040841817855834961e-01,5.538091063499450684e-01,4.627801775932312012e-01,4.218085706233978271e-01,5.338996052742004395e-01,5.039027333259582520e-01,4.697032868862152100e-01,5.214807391166687012e-01,4.770534634590148926e-01,4.116081893444061279e-01,5.428763031959533691e-01,4.989441335201263428e-01,4.489375948905944824e-01,5.424811840057373047e-01,5.559855699539184570e-01,4.398721456527709961e-01,5.460987091064453125e-01,5.184153318405151367e-01,3.928826749324798584e-01,5.468665957450866699e-01,4.554213881492614746e-01,2.962140440940856934e-01,3.221087455749511719e-01,2.846810817718505859e-01,2.640655636787414551e-01,3.208330273628234863e-01,2.470636665821075439e-01,1.899782568216323853e-01,3.267560303211212158e-01
6.214013695716857910e-01,5.751470923423767090e-01,5.484775900840759277e-01,6.513394713401794434e-01,5.575951933860778809e-01,3.765206933021545410e-01,6.542379260063171387e-01,4.962066113948822021e-01,4.189768135547637939e-01,6.587644219398498535e-01,3.948420584201812744e-01,4.115615487098693848e-01,7.168617844581604004e-01,4.830023050308227539e-01,4.884945154190063477e-01,7.390883564949035645e-01,6.564197540283203125e-01,5.105200409889221191e-01,7.298867106437683105e-01,5.338378548622131348e-01,4.161401093006134033e-01,7.282529473304748535e-01,6.446635723114013672e-01,5.895293354988098145e-01,7.066134810447692871e-01,6.446294784545898438e-01,5.667019486427307129e-01,6.737425327301025391e-01,6.100914478302001953e-01,5.428763031959533691e-01,6.440241932868957520e-01,5.878292322158813477e-01,5.131061673164367676e-01,6.439096331596374512e-01,6.220392584800720215e-01,4.786968827247619629e-01,6.460429430007934570e-01,5.915101170539855957e-01,4.399817287921905518e-01,6.466263532638549805e-01,5.339030027389526367e-01,3.602374792098999023e-01,3.985212743282318115e-01,3.746258616447448730e-01,3.428418636322021484e-01,4.044842123985290527e-01,2.587522864341735840e-01,1.958201974630355835e-01,4.096986949443817139e-01
5.473247170448303223e-01,5.337336063385009766e-01,5.159304738044738770e-01,5.651819705963134766e-01,5.055457949638366699e-01,3.533993065357208252e-01,5.684331655502319336e-01,4.459101855754852295e-01,3.887397348880767822e-01,5.737730264663696289e-01,3.623978197574615479e-01,3.894016146659851074e-01,6.267409324645996094e-01,3.904390633106231689e-01,4.046378731727600098e-01,6.553513407707214355e-01,5.771721601486206055e-01,4.458191394805908203e-01,6.528984904289245605e-01,4.774496555328369141e-01,3.740297257900238037e-01,6.561796069145202637e-01,5.990411043167114258e-01,5.588533878326416016e-01,6.497380733489990234e-01,5.862515568733215332e-01,5.082672238349914551e-01,6.135954260826110840e-01,5.504985451698303223e-01,4.989441335201263428e-01,5.878292322158813477e-01,5.185192227363586426e-01,4.748522043228149414e-01,5.660514831542968750e-01,5.621690154075622559e-01,4.423588812351226807e-01,5.694473385810852051e-01,5.336790084838867188e-01,4.055644273757934570e-01,5.699253678321838379e-01,4.637938737869262695e-01,3.076011538505554199e-01,3.337232470512390137e-01,2.923029065132141113e-01,2.638518214225769043e-01,3.307874798774719238e-01,2.286546379327774048e-01,1.827916502952575684e-01,3.364843726158142090e-01
