1.670245267450809479e-02,1.887838356196880341e-02,2.096519991755485535e-02,1.888219639658927917e-02,1.936095207929611206e-02,1.674717478454113007e-02,1.894641481339931488e-02,2.110049501061439514e-02,1.942423358559608459e-02,1.905411481857299805e-02,2.015816606581211090e-02,1.896103657782077789e-02,1.877669245004653931e-02,1.907542347908020020e-02,2.021855860948562622e-02,1.877702027559280396e-02,1.739010028541088104e-02,1.729659363627433777e-02,1.870448701083660126e-02,1.810981705784797668e-02,1.638310961425304413e-02,1.865956746041774750e-02,1.795102283358573914e-02,1.753364875912666321e-02,1.847139932215213776e-02,1.879787445068359375e-02,1.869018003344535828e-02,1.841920614242553711e-02,1.851608976721763611e-02,1.812049187719821930e-02,1.835891976952552795e-02,1.865240745246410370e-02,1.788146421313285828e-02,1.830031536519527435e-02,1.826469600200653076e-02,1.721564121544361115e-02,1.824695616960525513e-02,1.717313192784786224e-02,1.550580561161041260e-02,1.821437105536460876e-02,1.814293116331100464e-02,1.733615063130855560e-02,1.627618074417114258e-02,1.609349995851516724e-02,1.596209034323692322e-02,1.619672216475009918e-02,1.583595760166645050e-02,1.561336964368820190e-02,1.616696827113628387e-02
1.887838356196880341e-02,2.163257449865341187e-02,2.414377406239509583e-02,2.165354043245315552e-02,2.228759787976741791e-02,1.918829791247844696e-02,2.174062654376029968e-02,2.450673282146453857e-02,2.268557064235210419e-02,2.187553234398365021e-02,2.337896265089511871e-02,2.205698378384113312e-02,2.158079668879508972e-02,2.193317189812660217e-02,2.325025014579296112e-02,2.158521488308906555e-02,1.994464360177516937e-02,1.985539495944976807e-02,2.150618284940719604e-02,2.079592086374759674e-02,1.886115595698356628e-02,2.145689912140369415e-02,2.071244269609451294e-02,2.020562812685966492e-02,2.114103734493255615e-02,2.155055478215217590e-02,2.153335139155387878e-02,2.108210697770118713e-02,2.132697030901908875e-02,2.089914120733737946e-02,2.101597003638744354e-02,2.142846584320068359e-02,2.053931541740894318e-02,2.095089294016361237e-02,2.098232693970203400e-02,1.981395669281482697e-02,2.089074626564979553e-02,1.966177299618721008e-02,1.771162450313568115e-02,2.085742354393005371e-02,2.078985609114170074e-02,1.988922245800495148e-02,1.845340989530086517e-02,1.828041672706604004e-02,1.818943582475185394e-02,1.836259290575981140e-02,1.792216673493385315e-02,1.764774508774280548e-02,1.833005808293819427e-02
2.096519991755485535e-02,2.414377406239509583e-02,2.795321866869926453e-02,2.512377128005027771e-02,2.582857012748718262e-02,2.216449007391929626e-02,2.523121982812881470e-02,2.848389185965061188e-02,2.638144046068191528e-02,2.539107017219066620e-02,2.734144590795040131e-02,2.587130665779113770e-02,2.502667531371116638e-02,2.534386329352855682e-02,2.681848965585231781e-02,2.503088489174842834e-02,2.306746691465377808e-02,2.295626327395439148e-02,2.494100481271743774e-02,2.407663129270076752e-02,2.185002341866493225e-02,2.488349750638008118e-02,2.404772490262985229e-02,2.342811599373817444e-02,2.450991608202457428e-02,2.495181187987327576e-02,2.500663883984088898e-02,2.444104477763175964e-02,2.477953396737575531e-02,2.429388277232646942e-02,2.436584420502185822e-02,2.485921978950500488e-02,2.381776645779609680e-02,2.429207600653171539e-02,2.431117184460163116e-02,2.299772016704082489e-02,2.422167174518108368e-02,2.276874706149101257e-02,2.049732953310012817e-02,2.418498881161212921e-02,2.406731806695461273e-02,2.302495017647743225e-02,2.135682292282581329e-02,2.119200304150581360e-02,2.112161368131637573e-02,2.125124819576740265e-02,2.066677995026111603e-02,2.030093781650066376e-02,2.121334522962570190e-02
1.888219639658927917e-02,2.165354043245315552e-02,2.512377128005027771e-02,2.020277269184589386e-02,2.078585326671600342e-02,1.799239218235015869e-02,2.027885429561138153e-02,2.273989282548427582e-02,2.097575180232524872e-02,2.039857394993305206e-02,2.167760953307151794e-02,2.039852365851402283e-02,2.012331411242485046e-02,2.043293043971061707e-02,2.162796072661876678e-02,2.012468129396438599e-02,1.862387172877788544e-02,1.852097176015377045e-02,2.004755660891532898e-02,1.940719597041606903e-02,1.754616014659404755e-02,1.999868825078010559e-02,1.926679350435733795e-02,1.879132166504859924e-02,1.972337998449802399e-02,2.006767876446247101e-02,1.997819729149341583e-02,1.966686546802520752e-02,1.982788927853107452e-02,1.939909905195236206e-02,1.960317045450210571e-02,1.993698067963123322e-02,1.908847503364086151e-02,1.954137161374092102e-02,1.952884159982204437e-02,1.841183193027973175e-02,1.948518492281436920e-02,1.834462769329547882e-02,1.653586141765117645e-02,1.945131272077560425e-02,1.937050372362136841e-02,1.852588541805744171e-02,1.725409366190433502e-02,1.706003583967685699e-02,1.695932075381278992e-02,1.716964691877365112e-02,1.678157225251197815e-02,1.652715727686882019e-02,1.713869161903858185e-02
1.936095207929611206e-02,2.228759787976741791e-02,2.582857012748718262e-02,2.078585326671600342e-02,2.097738347947597504e-02,1.813228987157344818e-02,2.031517773866653442e-02,2.285088971257209778e-02,2.103427797555923462e-02,2.044420875608921051e-02,2.182566002011299133e-02,2.060193009674549103e-02,2.027067542076110840e-02,2.056319080293178558e-02,2.157775685191154480e-02,2.027588151395320892e-02,1.881171576678752899e-02,1.862698048353195190e-02,2.020199224352836609e-02,1.963363774120807648e-02,1.765023916959762573e-02,2.015564404428005219e-02,1.947082020342350006e-02,1.892127096652984619e-02,1.993109285831451416e-02,2.022749371826648712e-02,2.017196454107761383e-02,1.987638510763645172e-02,2.007040753960609436e-02,1.957311853766441345e-02,1.981430314481258392e-02,2.014585584402084351e-02,1.928356848657131195e-02,1.975578442215919495e-02,1.976600848138332367e-02,1.856584474444389343e-02,1.969984918832778931e-02,1.856601238250732422e-02,1.663714833557605743e-02,1.966837979853153229e-02,1.950834318995475769e-02,1.866256631910800934e-02,1.767130382359027863e-02,1.748529076576232910e-02,1.739037223160266876e-02,1.758793741464614868e-02,1.710471324622631073e-02,1.675343886017799377e-02,1.755949854850769043e-02
1.674717478454113007e-02,1.918829791247844696e-02,2.216449007391929626e-02,1.799239218235015869e-02,1.813228987157344818e-02,1.784712262451648712e-02,2.007588744163513184e-02,2.253796905279159546e-02,2.071346156299114227e-02,2.020056918263435364e-02,2.156770415604114532e-02,2.033806592226028442e-02,1.997741311788558960e-02,2.024530246853828430e-02,2.127852477133274078e-02,1.998010650277137756e-02,1.852006092667579651e-02,1.835341379046440125e-02,1.990448497235774994e-02,1.930513978004455566e-02,1.734924688935279846e-02,1.985669508576393127e-02,1.914760656654834747e-02,1.861847937107086182e-02,1.956601627171039581e-02,1.986791379749774933e-02,1.979348622262477875e-02,1.950948126614093781e-02,1.969232782721519470e-02,1.920382864773273468e-02,1.944663561880588531e-02,1.978030428290367126e-02,1.891823299229145050e-02,1.938682980835437775e-02,1.937736757099628448e-02,1.819417253136634827e-02,1.932995580136775970e-02,1.817617192864418030e-02,1.625159010291099548e-02,1.929786987602710724e-02,1.915251091122627258e-02,1.828968524932861328e-02,1.723273657262325287e-02,1.704273186624050140e-02,1.693506725132465363e-02,1.714812405407428741e-02,1.667152531445026398e-02,1.634806767106056213e-02,1.711917668581008911e-02
1.894641481339931488e-02,2.174062654376029968e-02,2.523121982812881470e-02,2.027885429561138153e-02,2.031517773866653442e-02,2.007588744163513184e-02,2.040407247841358185e-02,2.289777249097824097e-02,2.113256230950355530e-02,2.052542939782142639e-02,2.183023467659950256e-02,2.054738439619541168e-02,2.025157585740089417e-02,2.056642621755599976e-02,2.177296951413154602e-02,2.025334723293781281e-02,1.874148473143577576e-02,1.863880641758441925e-02,2.017610520124435425e-02,1.953284069895744324e-02,1.766276918351650238e-02,2.012716978788375854e-02,1.939631626009941101e-02,1.891782693564891815e-02,1.985027268528938293e-02,2.019903436303138733e-02,2.011755108833312988e-02,1.979359611868858337e-02,1.996502280235290527e-02,1.953813247382640839e-02,1.972972415387630463e-02,2.007118985056877136e-02,1.921855285763740540e-02,1.966773532330989838e-02,1.965970732271671295e-02,1.854025945067405701e-02,1.961134746670722961e-02,1.846378110349178314e-02,1.664353162050247192e-02,1.957763172686100006e-02,1.949690468609333038e-02,1.865286007523536682e-02,1.735935732722282410e-02,1.716802082955837250e-02,1.707000657916069031e-02,1.727440580725669861e-02,1.688198372721672058e-02,1.662493310868740082e-02,1.724332757294178009e-02
2.110049501061439514e-02,2.450673282146453857e-02,2.848389185965061188e-02,2.273989282548427582e-02,2.285088971257209778e-02,2.253796905279159546e-02,2.289777249097824097e-02,2.603478357195854187e-02,2.409791387617588043e-02,2.321432903409004211e-02,2.498621307313442230e-02,2.364392764866352081e-02,2.293097786605358124e-02,2.326750755310058594e-02,2.455848082900047302e-02,2.293578162789344788e-02,2.109470777213573456e-02,2.092729881405830383e-02,2.285389229655265808e-02,2.206519059836864471e-02,1.994728855788707733e-02,2.279990352690219879e-02,2.202460542321205139e-02,2.144460566341876984e-02,2.250737883150577545e-02,2.285140939056873322e-02,2.283220924437046051e-02,2.244371362030506134e-02,2.271020039916038513e-02,2.225639857351779938e-02,2.237362414598464966e-02,2.280146442353725433e-02,2.180732227861881256e-02,2.230650186538696289e-02,2.229724824428558350e-02,2.102538943290710449e-02,2.224184758961200714e-02,2.093526348471641541e-02,1.881260611116886139e-02,2.220824174582958221e-02,2.207718417048454285e-02,2.115248516201972961e-02,1.968721300363540649e-02,1.952120848000049591e-02,1.944435201585292816e-02,1.958916336297988892e-02,1.903082244098186493e-02,1.866389438509941101e-02,1.955403201282024384e-02
1.942423358559608459e-02,2.268557064235210419e-02,2.638144046068191528e-02,2.097575180232524872e-02,2.103427797555923462e-02,2.071346156299114227e-02,2.113256230950355530e-02,2.409791387617588043e-02,2.178741991519927979e-02,2.113933488726615906e-02,2.269127964973449707e-02,2.143374271690845490e-02,2.082628011703491211e-02,2.107542939484119415e-02,2.218233235180377960e-02,2.082482911646366119e-02,1.923795416951179504e-02,1.908539421856403351e-02,2.074160985648632050e-02,1.999607682228088379e-02,1.798550970852375031e-02,2.068777009844779968e-02,1.990512199699878693e-02,1.936429925262928009e-02,2.034880965948104858e-02,2.065807580947875977e-02,2.058959752321243286e-02,2.028715796768665314e-02,2.050834149122238159e-02,2.004057355225086212e-02,2.022124268114566803e-02,2.057342790067195892e-02,1.965580508112907410e-02,2.015771158039569855e-02,2.011728845536708832e-02,1.894311048090457916e-02,2.009719237685203552e-02,1.884436979889869690e-02,1.690475828945636749e-02,2.006314508616924286e-02,1.993483118712902069e-02,1.905672624707221985e-02,1.769267953932285309e-02,1.750294864177703857e-02,1.739959232509136200e-02,1.760320737957954407e-02,1.710432581603527069e-02,1.675822213292121887e-02,1.757051981985569000e-02
1.905411481857299805e-02,2.187553234398365021e-02,2.539107017219066620e-02,2.039857394993305206e-02,2.044420875608921051e-02,2.020056918263435364e-02,2.052542939782142639e-02,2.321432903409004211e-02,2.113933488726615906e-02,2.060110121965408325e-02,2.191616222262382507e-02,2.063131146132946014e-02,2.032967656850814819e-02,2.064566873013973236e-02,2.185213007032871246e-02,2.033159136772155762e-02,1.881590113043785095e-02,1.870993338525295258e-02,2.025411464273929596e-02,1.961053907871246338e-02,1.773081347346305847e-02,2.020508050918579102e-02,1.947365887463092804e-02,1.899073272943496704e-02,1.993046514689922333e-02,2.027992717921733856e-02,2.019925415515899658e-02,1.987366378307342529e-02,2.004818990826606750e-02,1.961792632937431335e-02,1.980962790548801422e-02,2.015377581119537354e-02,1.929608173668384552e-02,1.974752917885780334e-02,1.974088512361049652e-02,1.861509494483470917e-02,1.969100534915924072e-02,1.853871345520019531e-02,1.670766808092594147e-02,1.965722627937793732e-02,1.957415416836738586e-02,1.872754283249378204e-02,1.743547432124614716e-02,1.724405586719512939e-02,1.714321039617061615e-02,1.735023781657218933e-02,1.695331186056137085e-02,1.669065654277801514e-02,1.731913909316062927e-02
2.015816606581211090e-02,2.337896265089511871e-02,2.734144590795040131e-02,2.167760953307151794e-02,2.182566002011299133e-02,2.156770415604114532e-02,2.183023467659950256e-02,2.498621307313442230e-02,2.269127964973449707e-02,2.191616222262382507e-02,2.219600230455398560e-02,2.090836502611637115e-02,2.062449045479297638e-02,2.095738612115383148e-02,2.217845432460308075e-02,2.063029631972312927e-02,1.914924196898937225e-02,1.903849653899669647e-02,2.055429108440876007e-02,1.996714062988758087e-02,1.806171983480453491e-02,2.050716616213321686e-02,1.981958746910095215e-02,1.931759528815746307e-02,2.028313279151916504e-02,2.065346017479896545e-02,2.061568573117256165e-02,2.022823505103588104e-02,2.045536413788795471e-02,2.002929523587226868e-02,2.016538940370082855e-02,2.055034413933753967e-02,1.968418993055820465e-02,2.010439150035381317e-02,2.013918384909629822e-02,1.900366507470607758e-02,2.004956267774105072e-02,1.889583282172679901e-02,1.703543774783611298e-02,2.001755312085151672e-02,1.993088796734809875e-02,1.910568773746490479e-02,1.780276745557785034e-02,1.762784644961357117e-02,1.752397604286670685e-02,1.771865040063858032e-02,1.731149852275848389e-02,1.702055893838405609e-02,1.768877170979976654e-02
1.896103657782077789e-02,2.205698378384113312e-02,2.587130665779113770e-02,2.039852365851402283e-02,2.060193009674549103e-02,2.033806592226028442e-02,2.054738439619541168e-02,2.364392764866352081e-02,2.143374271690845490e-02,2.063131146132946014e-02,2.090836502611637115e-02,2.147840894758701324e-02,2.085744589567184448e-02,2.118755131959915161e-02,2.249785885214805603e-02,2.086259610950946808e-02,1.926448754966259003e-02,1.918868534266948700e-02,2.078598551452159882e-02,2.009880542755126953e-02,1.820853538811206818e-02,2.073675766587257385e-02,2.003964409232139587e-02,1.954299770295619965e-02,2.042009308934211731e-02,2.079857327044010162e-02,2.086388133466243744e-02,2.036268077790737152e-02,2.066604979336261749e-02,2.031394094228744507e-02,2.029907330870628357e-02,2.069956064224243164e-02,1.986071467399597168e-02,2.023664675652980804e-02,2.027727477252483368e-02,1.920416578650474548e-02,2.017918229103088379e-02,1.897954754531383514e-02,1.714983396232128143e-02,2.014948427677154541e-02,2.006273530423641205e-02,1.930273510515689850e-02,1.769004575908184052e-02,1.754223927855491638e-02,1.754103600978851318e-02,1.760260388255119324e-02,1.717714220285415649e-02,1.694407686591148376e-02,1.757073029875755310e-02
1.877669245004653931e-02,2.158079668879508972e-02,2.502667531371116638e-02,2.012331411242485046e-02,2.027067542076110840e-02,1.997741311788558960e-02,2.025157585740089417e-02,2.293097786605358124e-02,2.082628011703491211e-02,2.032967656850814819e-02,2.062449045479297638e-02,2.085744589567184448e-02,2.088273130357265472e-02,2.122846059501171112e-02,2.250661887228488922e-02,2.088714390993118286e-02,1.927690207958221436e-02,1.917537860572338104e-02,2.081033773720264435e-02,2.011929638683795929e-02,1.821926608681678772e-02,2.076121233403682709e-02,2.004363387823104858e-02,1.956054568290710449e-02,2.046266756951808929e-02,2.082046493887901306e-02,2.081721276044845581e-02,2.040487900376319885e-02,2.063637971878051758e-02,2.025822736322879791e-02,2.033991925418376923e-02,2.073115855455398560e-02,1.988374628126621246e-02,2.027736976742744446e-02,2.028515003621578217e-02,1.916281320154666901e-02,2.021856978535652161e-02,1.903554424643516541e-02,1.716827228665351868e-02,2.018672600388526917e-02,2.009904570877552032e-02,1.930079236626625061e-02,1.781362853944301605e-02,1.763663068413734436e-02,1.761331036686897278e-02,1.772456988692283630e-02,1.728804223239421844e-02,1.706243306398391724e-02,1.769212074577808380e-02
1.907542347908020020e-02,2.193317189812660217e-02,2.534386329352855682e-02,2.043293043971061707e-02,2.056319080293178558e-02,2.024530246853828430e-02,2.056642621755599976e-02,2.326750755310058594e-02,2.107542939484119415e-02,2.064566873013973236e-02,2.095738612115383148e-02,2.118755131959915161e-02,2.122846059501171112e-02,2.170709893107414246e-02,2.305107936263084412e-02,2.137625589966773987e-02,1.958235166966915131e-02,1.948492042720317841e-02,2.129705622792243958e-02,2.048339135944843292e-02,1.853905618190765381e-02,2.124442346394062042e-02,2.048340439796447754e-02,1.999929919838905334e-02,2.084508724510669708e-02,2.118446677923202515e-02,2.123055979609489441e-02,2.078303694725036621e-02,2.104474976658821106e-02,2.070811949670314789e-02,2.071476727724075317e-02,2.110989019274711609e-02,2.025450393557548523e-02,2.064982056617736816e-02,2.062629163265228271e-02,1.949628628790378571e-02,2.058536373078823090e-02,1.935246959328651428e-02,1.744031906127929688e-02,2.055419050157070160e-02,2.043972909450531006e-02,1.966270431876182556e-02,1.792372018098831177e-02,1.775994710624217987e-02,1.783268339931964874e-02,1.782869547605514526e-02,1.734013296663761139e-02,1.715523563325405121e-02,1.779334805905818939e-02
2.021855860948562622e-02,2.325025014579296112e-02,2.681848965585231781e-02,2.162796072661876678e-02,2.157775685191154480e-02,2.127852477133274078e-02,2.177296951413154602e-02,2.455848082900047302e-02,2.218233235180377960e-02,2.185213007032871246e-02,2.217845432460308075e-02,2.249785885214805603e-02,2.250661887228488922e-02,2.305107936263084412e-02,2.317565120756626129e-02,2.147163078188896179e-02,1.962648704648017883e-02,1.953447982668876648e-02,2.139014005661010742e-02,2.051283977925777435e-02,1.854978501796722412e-02,2.133496105670928955e-02,2.053682506084442139e-02,2.004490792751312256e-02,2.088538371026515961e-02,2.124360576272010803e-02,2.131164260208606720e-02,2.082114294171333313e-02,2.111772261559963226e-02,2.079777419567108154e-02,2.075150609016418457e-02,2.115491405129432678e-02,2.028774097561836243e-02,2.068511582911014557e-02,2.066737599670886993e-02,1.955891214311122894e-02,2.061885036528110504e-02,1.933430507779121399e-02,1.741445064544677734e-02,2.058730274438858032e-02,2.046813443303108215e-02,1.968467608094215393e-02,1.778053119778633118e-02,1.763686724007129669e-02,1.772104762494564056e-02,1.768382079899311066e-02,1.718562468886375427e-02,1.699497178196907043e-02,1.764810830354690552e-02
1.877702027559280396e-02,2.158521488308906555e-02,2.503088489174842834e-02,2.012468129396438599e-02,2.027588151395320892e-02,1.998010650277137756e-02,2.025334723293781281e-02,2.293578162789344788e-02,2.082482911646366119e-02,2.033159136772155762e-02,2.063029631972312927e-02,2.086259610950946808e-02,2.088714390993118286e-02,2.137625589966773987e-02,2.147163078188896179e-02,2.084665000438690186e-02,1.924161054193973541e-02,1.913829892873764038e-02,2.077013626694679260e-02,2.008443325757980347e-02,1.818582601845264435e-02,2.072123065590858459e-02,2.000821381807327271e-02,1.952451281249523163e-02,2.042583934962749481e-02,2.078346721827983856e-02,2.078192308545112610e-02,2.036830410361289978e-02,2.060218900442123413e-02,2.022471465170383453e-02,2.030355669558048248e-02,2.069682627916336060e-02,1.984991133213043213e-02,2.024124562740325928e-02,2.025183662772178650e-02,1.913010887801647186e-02,2.018266916275024414e-02,1.900281384587287903e-02,1.713602058589458466e-02,2.015096694231033325e-02,2.006276510655879974e-02,1.926709339022636414e-02,1.778724417090415955e-02,1.761182211339473724e-02,1.758733391761779785e-02,1.769843697547912598e-02,1.726117730140686035e-02,1.703324727714061737e-02,1.766616851091384888e-02
1.739010028541088104e-02,1.994464360177516937e-02,2.306746691465377808e-02,1.862387172877788544e-02,1.881171576678752899e-02,1.852006092667579651e-02,1.874148473143577576e-02,2.109470777213573456e-02,1.923795416951179504e-02,1.881590113043785095e-02,1.914924196898937225e-02,1.926448754966259003e-02,1.927690207958221436e-02,1.958235166966915131e-02,1.962648704648017883e-02,1.924161054193973541e-02,1.842633076012134552e-02,1.836087554693222046e-02,2.005669660866260529e-02,1.929671317338943481e-02,1.752935536205768585e-02,2.001081779599189758e-02,1.936280168592929840e-02,1.890772394835948944e-02,1.964338310062885284e-02,2.002368681132793427e-02,2.017622441053390503e-02,1.958791539072990417e-02,1.994113437831401825e-02,1.968491263687610626e-02,1.952595449984073639e-02,1.998850330710411072e-02,1.919941417872905731e-02,1.946704275906085968e-02,1.952211000025272369e-02,1.852048933506011963e-02,1.940832100808620453e-02,1.824428141117095947e-02,1.644261181354522705e-02,1.938273385167121887e-02,1.930287107825279236e-02,1.863216608762741089e-02,1.680276170372962952e-02,1.669765263795852661e-02,1.680009812116622925e-02,1.671308837831020355e-02,1.624747924506664276e-02,1.608177274465560913e-02,1.668085716664791107e-02
1.729659363627433777e-02,1.985539495944976807e-02,2.295626327395439148e-02,1.852097176015377045e-02,1.862698048353195190e-02,1.835341379046440125e-02,1.863880641758441925e-02,2.092729881405830383e-02,1.908539421856403351e-02,1.870993338525295258e-02,1.903849653899669647e-02,1.918868534266948700e-02,1.917537860572338104e-02,1.948492042720317841e-02,1.953447982668876648e-02,1.913829892873764038e-02,1.836087554693222046e-02,1.684318110346794128e-02,1.848980039358139038e-02,1.769893988966941833e-02,1.606747508049011230e-02,1.844585500657558441e-02,1.782347261905670166e-02,1.740686967968940735e-02,1.804925315082073212e-02,1.841041073203086853e-02,1.859164796769618988e-02,1.799562759697437286e-02,1.836343854665756226e-02,1.816662400960922241e-02,1.793674938380718231e-02,1.835322380065917969e-02,1.761168055236339569e-02,1.788166351616382599e-02,1.792448200285434723e-02,1.702177152037620544e-02,1.782442629337310791e-02,1.671484485268592834e-02,1.507853716611862183e-02,1.780187152326107025e-02,1.772719435393810272e-02,1.716063544154167175e-02,1.516037248075008392e-02,1.509824488312005997e-02,1.525296084582805634e-02,1.507392898201942444e-02,1.463428232818841934e-02,1.452062651515007019e-02,1.504206750541925430e-02
1.870448701083660126e-02,2.150618284940719604e-02,2.494100481271743774e-02,2.004755660891532898e-02,2.020199224352836609e-02,1.990448497235774994e-02,2.017610520124435425e-02,2.285389229655265808e-02,2.074160985648632050e-02,2.025411464273929596e-02,2.055429108440876007e-02,2.078598551452159882e-02,2.081033773720264435e-02,2.129705622792243958e-02,2.139014005661010742e-02,2.077013626694679260e-02,2.005669660866260529e-02,1.848980039358139038e-02,2.071133442223072052e-02,2.003038302063941956e-02,1.813410222530364990e-02,2.066267840564250946e-02,1.995482854545116425e-02,1.946969144046306610e-02,2.036881074309349060e-02,2.072601765394210815e-02,2.072820439934730530e-02,2.031153254210948944e-02,2.054889872670173645e-02,2.017225138843059540e-02,2.024705149233341217e-02,2.064125053584575653e-02,1.979587785899639130e-02,2.018506079912185669e-02,2.019877359271049500e-02,1.907867379486560822e-02,2.012672275304794312e-02,1.895019039511680603e-02,1.708522252738475800e-02,2.009521983563899994e-02,2.000539004802703857e-02,1.921378448605537415e-02,1.773848198354244232e-02,1.756464503705501556e-02,1.754181645810604095e-02,1.765000447630882263e-02,1.721164770424365997e-02,1.698289625346660614e-02,1.761794090270996094e-02
1.810981705784797668e-02,2.079592086374759674e-02,2.407663129270076752e-02,1.940719597041606903e-02,1.963363774120807648e-02,1.930513978004455566e-02,1.953284069895744324e-02,2.206519059836864471e-02,1.999607682228088379e-02,1.961053907871246338e-02,1.996714062988758087e-02,2.009880542755126953e-02,2.011929638683795929e-02,2.048339135944843292e-02,2.051283977925777435e-02,2.008443325757980347e-02,1.929671317338943481e-02,1.769893988966941833e-02,2.003038302063941956e-02,1.998524740338325500e-02,1.808212138712406158e-02,2.050817571580410004e-02,1.988791674375534058e-02,1.935737580060958862e-02,2.028414979577064514e-02,2.065285295248031616e-02,2.070678584277629852e-02,2.023155614733695984e-02,2.053063362836837769e-02,2.013340219855308533e-02,2.017082832753658295e-02,2.060947753489017487e-02,1.975815370678901672e-02,2.011284045875072479e-02,2.018748223781585693e-02,1.906446181237697601e-02,2.005855180323123932e-02,1.892182789742946625e-02,1.701928302645683289e-02,2.003085613250732422e-02,1.992467977106571198e-02,1.912515237927436829e-02,1.786946877837181091e-02,1.771709322929382324e-02,1.764872297644615173e-02,1.778486371040344238e-02,1.731605269014835358e-02,1.699139550328254700e-02,1.775594614446163177e-02
1.638310961425304413e-02,1.886115595698356628e-02,2.185002341866493225e-02,1.754616014659404755e-02,1.765023916959762573e-02,1.734924688935279846e-02,1.766276918351650238e-02,1.994728855788707733e-02,1.798550970852375031e-02,1.773081347346305847e-02,1.806171983480453491e-02,1.820853538811206818e-02,1.821926608681678772e-02,1.853905618190765381e-02,1.854978501796722412e-02,1.818582601845264435e-02,1.752935536205768585e-02,1.606747508049011230e-02,1.813410222530364990e-02,1.808212138712406158e-02,1.704806089401245117e-02,1.935888268053531647e-02,1.878351904451847076e-02,1.825531385838985443e-02,1.914589852094650269e-02,1.952717080712318420e-02,1.961867138743400574e-02,1.909623481333255768e-02,1.943156309425830841e-02,1.904655806720256805e-02,1.903904788196086884e-02,1.949742622673511505e-02,1.864733919501304626e-02,1.898429729044437408e-02,1.909471862018108368e-02,1.802680082619190216e-02,1.893368735909461975e-02,1.782908849418163300e-02,1.596479117870330811e-02,1.890844479203224182e-02,1.879776641726493835e-02,1.800078153610229492e-02,1.687372289597988129e-02,1.675442606210708618e-02,1.662165857851505280e-02,1.679370552301406860e-02,1.632064394652843475e-02,1.591413840651512146e-02,1.676744408905506134e-02
1.865956746041774750e-02,2.145689912140369415e-02,2.488349750638008118e-02,1.999868825078010559e-02,2.015564404428005219e-02,1.985669508576393127e-02,2.012716978788375854e-02,2.279990352690219879e-02,2.068777009844779968e-02,2.020508050918579102e-02,2.050716616213321686e-02,2.073675766587257385e-02,2.076121233403682709e-02,2.124442346394062042e-02,2.133496105670928955e-02,2.072123065590858459e-02,2.001081779599189758e-02,1.844585500657558441e-02,2.066267840564250946e-02,2.050817571580410004e-02,1.935888268053531647e-02,2.061841078102588654e-02,1.991317421197891235e-02,1.942719519138336182e-02,2.032857388257980347e-02,2.068538032472133636e-02,2.068537101149559021e-02,2.027154155075550079e-02,2.050844579935073853e-02,2.012882754206657410e-02,2.020725421607494354e-02,2.060029655694961548e-02,1.975511386990547180e-02,2.014547027647495270e-02,2.016084827482700348e-02,1.904024742543697357e-02,2.008742466568946838e-02,1.891402713954448700e-02,1.705035567283630371e-02,2.005594223737716675e-02,1.996548101305961609e-02,1.917296834290027618e-02,1.771373860538005829e-02,1.753914915025234222e-02,1.751158945262432098e-02,1.762566901743412018e-02,1.718859001994132996e-02,1.695584692060947418e-02,1.759382896125316620e-02
1.795102283358573914e-02,2.071244269609451294e-02,2.404772490262985229e-02,1.926679350435733795e-02,1.947082020342350006e-02,1.914760656654834747e-02,1.939631626009941101e-02,2.202460542321205139e-02,1.990512199699878693e-02,1.947365887463092804e-02,1.981958746910095215e-02,2.003964409232139587e-02,2.004363387823104858e-02,2.048340439796447754e-02,2.053682506084442139e-02,2.000821381807327271e-02,1.936280168592929840e-02,1.782347261905670166e-02,1.995482854545116425e-02,1.988791674375534058e-02,1.878351904451847076e-02,1.991317421197891235e-02,2.039063349366188049e-02,1.989306509494781494e-02,2.078906074166297913e-02,2.116012014448642731e-02,2.119585312902927399e-02,2.073138020932674408e-02,2.099255844950675964e-02,2.062894031405448914e-02,2.066616900265216827e-02,2.107701450586318970e-02,2.022451534867286682e-02,2.060404047369956970e-02,2.062814123928546906e-02,1.950829289853572845e-02,2.054507099092006683e-02,1.934907399117946625e-02,1.745929010212421417e-02,2.051371708512306213e-02,2.042262069880962372e-02,1.962317712604999542e-02,1.806987822055816650e-02,1.790214143693447113e-02,1.788535527884960175e-02,1.798005029559135437e-02,1.752897351980209351e-02,1.728990860283374786e-02,1.794750429689884186e-02
1.753364875912666321e-02,2.020562812685966492e-02,2.342811599373817444e-02,1.879132166504859924e-02,1.892127096652984619e-02,1.861847937107086182e-02,1.891782693564891815e-02,2.144460566341876984e-02,1.936429925262928009e-02,1.899073272943496704e-02,1.931759528815746307e-02,1.954299770295619965e-02,1.956054568290710449e-02,1.999929919838905334e-02,2.004490792751312256e-02,1.952451281249523163e-02,1.890772394835948944e-02,1.740686967968940735e-02,1.946969144046306610e-02,1.935737580060958862e-02,1.825531385838985443e-02,1.942719519138336182e-02,1.989306509494781494e-02,1.980153284966945648e-02,2.064636163413524628e-02,2.105035819113254547e-02,2.114063687622547150e-02,2.058873325586318970e-02,2.091394923627376556e-02,2.058018557727336884e-02,2.052455954253673553e-02,2.094890922307968140e-02,2.008811198174953461e-02,2.046298421919345856e-02,2.051109820604324341e-02,1.942577585577964783e-02,2.040438540279865265e-02,1.919285766780376434e-02,1.732127182185649872e-02,2.037505991756916046e-02,2.028937451541423798e-02,1.950162276625633240e-02,1.783735677599906921e-02,1.768929511308670044e-02,1.768125966191291809e-02,1.774652488529682159e-02,1.728846877813339233e-02,1.704243011772632599e-02,1.771341450512409210e-02
1.847139932215213776e-02,2.114103734493255615e-02,2.450991608202457428e-02,1.972337998449802399e-02,1.993109285831451416e-02,1.956601627171039581e-02,1.985027268528938293e-02,2.250737883150577545e-02,2.034880965948104858e-02,1.993046514689922333e-02,2.028313279151916504e-02,2.042009308934211731e-02,2.046266756951808929e-02,2.084508724510669708e-02,2.088538371026515961e-02,2.042583934962749481e-02,1.964338310062885284e-02,1.804925315082073212e-02,2.036881074309349060e-02,2.028414979577064514e-02,1.914589852094650269e-02,2.032857388257980347e-02,2.078906074166297913e-02,2.064636163413524628e-02,1.991141773760318756e-02,2.023078128695487976e-02,2.020106278359889984e-02,1.985697820782661438e-02,2.011697366833686829e-02,1.971511729061603546e-02,1.979530975222587585e-02,2.017628774046897888e-02,1.932616159319877625e-02,1.973685435950756073e-02,1.976598612964153290e-02,1.861242763698101044e-02,1.968124695122241974e-02,1.857635378837585449e-02,1.671866700053215027e-02,1.965263672173023224e-02,1.954971253871917725e-02,1.873189769685268402e-02,1.747604832053184509e-02,1.730979420244693756e-02,1.728680171072483063e-02,1.739100925624370575e-02,1.695675030350685120e-02,1.670077443122863770e-02,1.736117713153362274e-02
1.879787445068359375e-02,2.155055478215217590e-02,2.495181187987327576e-02,2.006767876446247101e-02,2.022749371826648712e-02,1.986791379749774933e-02,2.019903436303138733e-02,2.285140939056873322e-02,2.065807580947875977e-02,2.027992717921733856e-02,2.065346017479896545e-02,2.079857327044010162e-02,2.082046493887901306e-02,2.118446677923202515e-02,2.124360576272010803e-02,2.078346721827983856e-02,2.002368681132793427e-02,1.841041073203086853e-02,2.072601765394210815e-02,2.065285295248031616e-02,1.952717080712318420e-02,2.068538032472133636e-02,2.116012014448642731e-02,2.105035819113254547e-02,2.023078128695487976e-02,1.914415135979652405e-02,1.915144175291061401e-02,1.878883503377437592e-02,1.908858120441436768e-02,1.870781555771827698e-02,1.873090118169784546e-02,1.911180652678012848e-02,1.828876510262489319e-02,1.867735572159290314e-02,1.873336546123027802e-02,1.762462779879570007e-02,1.862510666251182556e-02,1.759429462254047394e-02,1.579645276069641113e-02,1.860086061060428619e-02,1.849170960485935211e-02,1.775126717984676361e-02,1.649145595729351044e-02,1.635403931140899658e-02,1.635822467505931854e-02,1.641031727194786072e-02,1.597470231354236603e-02,1.573154143989086151e-02,1.638274267315864563e-02
1.869018003344535828e-02,2.153335139155387878e-02,2.500663883984088898e-02,1.997819729149341583e-02,2.017196454107761383e-02,1.979348622262477875e-02,2.011755108833312988e-02,2.283220924437046051e-02,2.058959752321243286e-02,2.019925415515899658e-02,2.061568573117256165e-02,2.086388133466243744e-02,2.081721276044845581e-02,2.123055979609489441e-02,2.131164260208606720e-02,2.078192308545112610e-02,2.017622441053390503e-02,1.859164796769618988e-02,2.072820439934730530e-02,2.070678584277629852e-02,1.961867138743400574e-02,2.068537101149559021e-02,2.119585312902927399e-02,2.114063687622547150e-02,2.020106278359889984e-02,1.915144175291061401e-02,1.980994082987308502e-02,1.937610283493995667e-02,1.972786337137222290e-02,1.934399269521236420e-02,1.931394636631011963e-02,1.970985718071460724e-02,1.881536655128002167e-02,1.925628632307052612e-02,1.930002681910991669e-02,1.816361583769321442e-02,1.919797621667385101e-02,1.806243136525154114e-02,1.616664975881576538e-02,1.917283050715923309e-02,1.904048770666122437e-02,1.827832870185375214e-02,1.673931069672107697e-02,1.663491874933242798e-02,1.664619706571102142e-02,1.665049605071544647e-02,1.616118475794792175e-02,1.587516069412231445e-02,1.661963015794754028e-02
1.841920614242553711e-02,2.108210697770118713e-02,2.444104477763175964e-02,1.966686546802520752e-02,1.987638510763645172e-02,1.950948126614093781e-02,1.979359611868858337e-02,2.244371362030506134e-02,2.028715796768665314e-02,1.987366378307342529e-02,2.022823505103588104e-02,2.036268077790737152e-02,2.040487900376319885e-02,2.078303694725036621e-02,2.082114294171333313e-02,2.036830410361289978e-02,1.958791539072990417e-02,1.799562759697437286e-02,2.031153254210948944e-02,2.023155614733695984e-02,1.909623481333255768e-02,2.027154155075550079e-02,2.073138020932674408e-02,2.058873325586318970e-02,1.985697820782661438e-02,1.878883503377437592e-02,1.937610283493995667e-02,1.974243670701980591e-02,2.000473253428936005e-02,1.960620656609535217e-02,1.968119107186794281e-02,2.006249502301216125e-02,1.921647787094116211e-02,1.962318271398544312e-02,1.965453848242759705e-02,1.850651204586029053e-02,1.956788636744022369e-02,1.846938021481037140e-02,1.661885343492031097e-02,1.953960023820400238e-02,1.943627931177616119e-02,1.862549968063831329e-02,1.737205684185028076e-02,1.720838248729705811e-02,1.718755997717380524e-02,1.728743687272071838e-02,1.685334369540214539e-02,1.659871451556682587e-02,1.725781522691249847e-02
1.851608976721763611e-02,2.132697030901908875e-02,2.477953396737575531e-02,1.982788927853107452e-02,2.007040753960609436e-02,1.969232782721519470e-02,1.996502280235290527e-02,2.271020039916038513e-02,2.050834149122238159e-02,2.004818990826606750e-02,2.045536413788795471e-02,2.066604979336261749e-02,2.063637971878051758e-02,2.104474976658821106e-02,2.111772261559963226e-02,2.060218900442123413e-02,1.994113437831401825e-02,1.836343854665756226e-02,2.054889872670173645e-02,2.053063362836837769e-02,1.943156309425830841e-02,2.050844579935073853e-02,2.099255844950675964e-02,2.091394923627376556e-02,2.011697366833686829e-02,1.908858120441436768e-02,1.972786337137222290e-02,2.000473253428936005e-02,2.010918967425823212e-02,1.972746104001998901e-02,1.975594647228717804e-02,2.015252411365509033e-02,1.928868331015110016e-02,1.969854906201362610e-02,1.974588632583618164e-02,1.859958842396736145e-02,1.964380033314228058e-02,1.854677684605121613e-02,1.668850332498550415e-02,1.961700432002544403e-02,1.951847039163112640e-02,1.872828789055347443e-02,1.740905456244945526e-02,1.727184653282165527e-02,1.726058498024940491e-02,1.732411421835422516e-02,1.687825471162796021e-02,1.660772413015365601e-02,1.729442179203033447e-02
1.812049187719821930e-02,2.089914120733737946e-02,2.429388277232646942e-02,1.939909905195236206e-02,1.957311853766441345e-02,1.920382864773273468e-02,1.953813247382640839e-02,2.225639857351779938e-02,2.004057355225086212e-02,1.961792632937431335e-02,2.002929523587226868e-02,2.031394094228744507e-02,2.025822736322879791e-02,2.070811949670314789e-02,2.079777419567108154e-02,2.022471465170383453e-02,1.968491263687610626e-02,1.816662400960922241e-02,2.017225138843059540e-02,2.013340219855308533e-02,1.904655806720256805e-02,2.012882754206657410e-02,2.062894031405448914e-02,2.058018557727336884e-02,1.971511729061603546e-02,1.870781555771827698e-02,1.934399269521236420e-02,1.960620656609535217e-02,1.972746104001998901e-02,1.932515576481819153e-02,1.926725171506404877e-02,1.964496448636054993e-02,1.878403499722480774e-02,1.920740306377410889e-02,1.923294737935066223e-02,1.814363896846771240e-02,1.914830878376960754e-02,1.798394881188869476e-02,1.615792699158191681e-02,1.912209950387477875e-02,1.900670118629932404e-02,1.825955323874950409e-02,1.670496352016925812e-02,1.660439372062683105e-02,1.667618937790393829e-02,1.661584153771400452e-02,1.613125205039978027e-02,1.591673120856285095e-02,1.658397540450096130e-02
1.835891976952552795e-02,2.101597003638744354e-02,2.436584420502185822e-02,1.960317045450210571e-02,1.981430314481258392e-02,1.944663561880588531e-02,1.972972415387630463e-02,2.237362414598464966e-02,2.022124268114566803e-02,1.980962790548801422e-02,2.016538940370082855e-02,2.029907330870628357e-02,2.033991925418376923e-02,2.071476727724075317e-02,2.075150609016418457e-02,2.030355669558048248e-02,1.952595449984073639e-02,1.793674938380718231e-02,2.024705149233341217e-02,2.017082832753658295e-02,1.903904788196086884e-02,2.020725421607494354e-02,2.066616900265216827e-02,2.052455954253673553e-02,1.979530975222587585e-02,1.873090118169784546e-02,1.931394636631011963e-02,1.968119107186794281e-02,1.975594647228717804e-02,1.926725171506404877e-02,1.955506019294261932e-02,1.993594318628311157e-02,1.909479312598705292e-02,1.949752494692802429e-02,1.953176781535148621e-02,1.839094795286655426e-02,1.944262906908988953e-02,1.835115812718868256e-02,1.651005074381828308e-02,1.941465586423873901e-02,1.931109093129634857e-02,1.850867830216884613e-02,1.725666597485542297e-02,1.709537953138351440e-02,1.707723550498485565e-02,1.717257872223854065e-02,1.673979125916957855e-02,1.648744195699691772e-02,1.714320108294487000e-02
1.865240745246410370e-02,2.142846584320068359e-02,2.485921978950500488e-02,1.993698067963123322e-02,2.014585584402084351e-02,1.978030428290367126e-02,2.007118985056877136e-02,2.280146442353725433e-02,2.057342790067195892e-02,2.015377581119537354e-02,2.055034413933753967e-02,2.069956064224243164e-02,2.073115855455398560e-02,2.110989019274711609e-02,2.115491405129432678e-02,2.069682627916336060e-02,1.998850330710411072e-02,1.835322380065917969e-02,2.064125053584575653e-02,2.060947753489017487e-02,1.949742622673511505e-02,2.060029655694961548e-02,2.107701450586318970e-02,2.094890922307968140e-02,2.017628774046897888e-02,1.911180652678012848e-02,1.970985718071460724e-02,2.006249502301216125e-02,2.015252411365509033e-02,1.964496448636054993e-02,1.993594318628311157e-02,1.987841352820396423e-02,1.904087327420711517e-02,1.942458935081958771e-02,1.947132498025894165e-02,1.835418678820133209e-02,1.937039755284786224e-02,1.827923767268657684e-02,1.644523628056049347e-02,1.934298314154148102e-02,1.924354583024978638e-02,1.844388991594314575e-02,1.714325323700904846e-02,1.699607446789741516e-02,1.697290688753128052e-02,1.705984026193618774e-02,1.661821641027927399e-02,1.633555255830287933e-02,1.703048124909400940e-02
