1.484047621488571167e-02,1.675856672227382660e-02,1.921662874519824982e-02,1.576962135732173920e-02,1.560168340802192688e-02,1.544939819723367691e-02,1.584418304264545441e-02,1.760558225214481354e-02,1.610831171274185181e-02,1.589306816458702087e-02,1.598591357469558716e-02,1.600740849971771240e-02,1.618784666061401367e-02,1.646814495325088501e-02,1.644909195601940155e-02,1.614426448941230774e-02,1.521806418895721436e-02,1.386888045817613602e-02,1.608002372086048126e-02,1.570612378418445587e-02,1.466985512524843216e-02,1.604381576180458069e-02,1.633908227086067200e-02,1.613893173635005951e-02,1.562925800681114197e-02,1.462316699326038361e-02,1.501828804612159729e-02,1.552429702132940292e-02,1.547784171998500824e-02,1.511149667203426361e-02,1.540958322584629059e-02,1.529998145997524261e-02,1.559485867619514465e-02,1.536549907177686691e-02,1.493657194077968597e-02,1.528317201882600784e-02,1.529803685843944550e-02,1.496744714677333832e-02,1.627868972718715668e-02,1.524380221962928772e-02,1.516241952776908875e-02,1.466501504182815552e-02,1.365244388580322266e-02,1.335414592176675797e-02,1.250676065683364868e-02,1.353327464312314987e-02,1.310646813362836838e-02,1.255328487604856491e-02,1.346377003937959671e-02
1.675856672227382660e-02,1.705223694443702698e-02,1.958198286592960358e-02,1.605055853724479675e-02,1.588087156414985657e-02,1.568538323044776917e-02,1.612939499318599701e-02,1.797098666429519653e-02,1.636789366602897644e-02,1.617938466370105743e-02,1.627966016530990601e-02,1.631377637386322021e-02,1.650363579392433167e-02,1.680233702063560486e-02,1.678007468581199646e-02,1.645958609879016876e-02,1.557130552828311920e-02,1.421970501542091370e-02,1.639523543417453766e-02,1.601742953062057495e-02,1.494230143725872040e-02,1.635643281042575836e-02,1.668584160506725311e-02,1.648687571287155151e-02,1.595285348594188690e-02,1.494183577597141266e-02,1.531399507075548172e-02,1.584591157734394073e-02,1.580983214080333710e-02,1.539166923612356186e-02,1.572977378964424133e-02,1.562954485416412354e-02,1.590221002697944641e-02,1.568571850657463074e-02,1.524117588996887207e-02,1.556240860372781754e-02,1.561733707785606384e-02,1.526386942714452744e-02,1.656603254377841949e-02,1.556216832250356674e-02,1.546718459576368332e-02,1.495448220521211624e-02,1.393626909703016281e-02,1.365439873188734055e-02,1.277488190680742264e-02,1.381517574191093445e-02,1.337669789791107178e-02,1.281509734690189362e-02,1.374459546059370041e-02
1.921662874519824982e-02,1.958198286592960358e-02,2.270087040960788727e-02,1.858413219451904297e-02,1.831141859292984009e-02,1.812231168150901794e-02,1.868331059813499451e-02,2.088176645338535309e-02,1.897153258323669434e-02,1.874079369008541107e-02,1.887318305671215057e-02,1.900891400873661041e-02,1.920373179018497467e-02,1.963714696466922760e-02,1.964643970131874084e-02,1.915528252720832825e-02,1.834806054830551147e-02,1.683944277465343475e-02,1.908372528851032257e-02,1.862857490777969360e-02,1.743194274604320526e-02,1.903401687741279602e-02,1.942743919789791107e-02,1.925981231033802032e-02,1.855746284127235413e-02,1.745372824370861053e-02,1.794313453137874603e-02,1.843861863017082214e-02,1.844526827335357666e-02,1.805213838815689087e-02,1.830765046179294586e-02,1.821695454418659210e-02,1.854473352432250977e-02,1.826271228492259979e-02,1.773038506507873535e-02,1.815430819988250732e-02,1.818522624671459198e-02,1.776475459337234497e-02,1.930076628923416138e-02,1.812339946627616882e-02,1.802994124591350555e-02,1.733232662081718445e-02,1.609767228364944458e-02,1.576400175690650940e-02,1.477891858667135239e-02,1.596383377909660339e-02,1.555626932531595230e-02,1.493213232606649399e-02,1.588249765336513519e-02
1.576962135732173920e-02,1.605055853724479675e-02,1.858413219451904297e-02,1.678773202002048492e-02,1.673419587314128876e-02,1.652082242071628571e-02,1.687493920326232910e-02,1.888975128531455994e-02,1.720074564218521118e-02,1.693134009838104248e-02,1.706621050834655762e-02,1.712883077561855316e-02,1.729668676853179932e-02,1.764239184558391571e-02,1.764596439898014069e-02,1.725345477461814880e-02,1.639100536704063416e-02,1.499178446829319000e-02,1.719091460108757019e-02,1.686912775039672852e-02,1.578198187053203583e-02,1.715169474482536316e-02,1.750187389552593231e-02,1.730398647487163544e-02,1.674574799835681915e-02,1.572605967521667480e-02,1.616936549544334412e-02,1.663750596344470978e-02,1.660153828561306000e-02,1.620105467736721039e-02,1.651947386562824249e-02,1.641370728611946106e-02,1.672874204814434052e-02,1.647481881082057953e-02,1.599241793155670166e-02,1.638348959386348724e-02,1.640571095049381256e-02,1.609198935329914093e-02,1.748467236757278442e-02,1.634982787072658539e-02,1.626792736351490021e-02,1.574952714145183563e-02,1.465623080730438232e-02,1.435122173279523849e-02,1.348843332380056381e-02,1.453255489468574524e-02,1.408581808209419250e-02,1.352724526077508926e-02,1.446093618869781494e-02
1.560168340802192688e-02,1.588087156414985657e-02,1.831141859292984009e-02,1.673419587314128876e-02,1.803165674209594727e-02,1.782803423702716827e-02,1.820390857756137848e-02,2.047153003513813019e-02,1.860842481255531311e-02,1.826654188334941864e-02,1.844274066388607025e-02,1.858355104923248291e-02,1.872488297522068024e-02,1.915438659489154816e-02,1.920590922236442566e-02,1.868071407079696655e-02,1.788885705173015594e-02,1.641179621219635010e-02,1.861661113798618317e-02,1.828629896044731140e-02,1.715468801558017731e-02,1.857190206646919250e-02,1.897609978914260864e-02,1.881929486989974976e-02,1.814577728509902954e-02,1.707140728831291199e-02,1.761665381491184235e-02,1.803316548466682434e-02,1.803014427423477173e-02,1.767442002892494202e-02,1.790902763605117798e-02,1.781484112143516541e-02,1.819531247019767761e-02,1.786484196782112122e-02,1.733507774770259857e-02,1.783030480146408081e-02,1.779228821396827698e-02,1.745560020208358765e-02,1.902250386774539948e-02,1.773396506905555725e-02,1.766808889806270599e-02,1.707486249506473541e-02,1.590494439005851746e-02,1.556981448084115982e-02,1.467965822666883469e-02,1.577444747090339661e-02,1.534019224345684052e-02,1.478457730263471603e-02,1.569718867540359497e-02
1.544939819723367691e-02,1.568538323044776917e-02,1.812231168150901794e-02,1.652082242071628571e-02,1.782803423702716827e-02,1.864514127373695374e-02,1.904859766364097595e-02,2.142195962369441986e-02,1.942073367536067963e-02,1.911398954689502716e-02,1.932360976934432983e-02,1.946767605841159821e-02,1.961977593600749969e-02,2.005420066416263580e-02,2.009759843349456787e-02,1.957541331648826599e-02,1.878685131669044495e-02,1.721148006618022919e-02,1.950873993337154388e-02,1.919333636760711670e-02,1.803626865148544312e-02,1.946143805980682373e-02,1.989203318953514099e-02,1.974519342184066772e-02,1.900396496057510376e-02,1.789022982120513916e-02,1.844082772731781006e-02,1.888764835894107819e-02,1.889737881720066071e-02,1.850030384957790375e-02,1.875858753919601440e-02,1.867454871535301208e-02,1.907047815620899200e-02,1.871289499104022980e-02,1.817937567830085754e-02,1.866605877876281738e-02,1.863793469965457916e-02,1.827429793775081635e-02,1.988708041608333588e-02,1.857663691043853760e-02,1.850428618490695953e-02,1.785810850560665131e-02,1.664630323648452759e-02,1.629594713449478149e-02,1.534332521259784698e-02,1.651062630116939545e-02,1.606093533337116241e-02,1.546976529061794281e-02,1.642998121678829193e-02
1.584418304264545441e-02,1.612939499318599701e-02,1.868331059813499451e-02,1.687493920326232910e-02,1.820390857756137848e-02,1.904859766364097595e-02,1.689890585839748383e-02,1.891832984983921051e-02,1.722447201609611511e-02,1.695548743009567261e-02,1.709252595901489258e-02,1.715470850467681885e-02,1.732233725488185883e-02,1.766712218523025513e-02,1.766983233392238617e-02,1.727915368974208832e-02,1.641655899584293365e-02,1.501452736556529999e-02,1.721662841737270355e-02,1.689661853015422821e-02,1.580738835036754608e-02,1.717742718756198883e-02,1.752882450819015503e-02,1.733121648430824280e-02,1.677214540541172028e-02,1.575209759175777435e-02,1.619458571076393127e-02,1.666385121643543243e-02,1.662881858646869659e-02,1.622496172785758972e-02,1.654572598636150360e-02,1.643974334001541138e-02,1.675522141158580780e-02,1.650100573897361755e-02,1.601892523467540741e-02,1.640854217112064362e-02,1.643189042806625366e-02,1.611732505261898041e-02,1.751041039824485779e-02,1.637593843042850494e-02,1.629384234547615051e-02,1.577431336045265198e-02,1.468184497207403183e-02,1.437734346836805344e-02,1.351229380816221237e-02,1.455804426223039627e-02,1.411071605980396271e-02,1.355066057294607162e-02,1.448638271540403366e-02
1.760558225214481354e-02,1.797098666429519653e-02,2.088176645338535309e-02,1.888975128531455994e-02,2.047153003513813019e-02,2.142195962369441986e-02,1.891832984983921051e-02,1.966585591435432434e-02,1.784916780889034271e-02,1.760721951723098755e-02,1.776498928666114807e-02,1.782935485243797302e-02,1.801856607198715210e-02,1.837332732975482941e-02,1.837354153394699097e-02,1.797532290220260620e-02,1.713150180876255035e-02,1.567132212221622467e-02,1.791135221719741821e-02,1.758634671568870544e-02,1.644635386765003204e-02,1.786972954869270325e-02,1.824620179831981659e-02,1.804507710039615631e-02,1.746200025081634521e-02,1.643112860620021820e-02,1.686348021030426025e-02,1.735181361436843872e-02,1.734317466616630554e-02,1.689884997904300690e-02,1.723067834973335266e-02,1.712219975888729095e-02,1.743242144584655762e-02,1.718525961041450500e-02,1.669489778578281403e-02,1.708570122718811035e-02,1.711490564048290253e-02,1.677576079964637756e-02,1.820129156112670898e-02,1.705704629421234131e-02,1.697984896600246429e-02,1.639962382614612579e-02,1.530697010457515717e-02,1.500745676457881927e-02,1.405628956854343414e-02,1.518004294484853745e-02,1.472978293895721436e-02,1.411298476159572601e-02,1.510602422058582306e-02
1.610831171274185181e-02,1.636789366602897644e-02,1.897153258323669434e-02,1.720074564218521118e-02,1.860842481255531311e-02,1.942073367536067963e-02,1.722447201609611511e-02,1.784916780889034271e-02,1.900263503193855286e-02,1.862411387264728546e-02,1.881572045385837555e-02,1.903630048036575317e-02,1.915466599166393280e-02,1.965291798114776611e-02,1.974491775035858154e-02,1.911153085529804230e-02,1.847767643630504608e-02,1.704989932477474213e-02,1.904975995421409607e-02,1.873085834085941315e-02,1.760053448379039764e-02,1.900105737149715424e-02,1.943682320415973663e-02,1.931182853877544403e-02,1.854093000292778015e-02,1.752423122525215149e-02,1.812768727540969849e-02,1.843090169131755829e-02,1.847648248076438904e-02,1.817126013338565826e-02,1.830863207578659058e-02,1.822913810610771179e-02,1.865359023213386536e-02,1.826635748147964478e-02,1.769630610942840576e-02,1.828907802700996399e-02,1.819516532123088837e-02,1.785378158092498779e-02,1.949205994606018066e-02,1.813724637031555176e-02,1.807585358619689941e-02,1.745383068919181824e-02,1.613313145935535431e-02,1.578919030725955963e-02,1.497704256325960159e-02,1.600515842437744141e-02,1.562695764005184174e-02,1.513391360640525818e-02,1.592847704887390137e-02
1.589306816458702087e-02,1.617938466370105743e-02,1.874079369008541107e-02,1.693134009838104248e-02,1.826654188334941864e-02,1.911398954689502716e-02,1.695548743009567261e-02,1.760721951723098755e-02,1.862411387264728546e-02,1.699207909405231476e-02,1.713394746184349060e-02,1.719808392226696014e-02,1.736415736377239227e-02,1.770939305424690247e-02,1.771090738475322723e-02,1.732112281024456024e-02,1.646357774734497070e-02,1.505767926573753357e-02,1.725865527987480164e-02,1.694243401288986206e-02,1.585001870989799500e-02,1.721931248903274536e-02,1.757367514073848724e-02,1.737715303897857666e-02,1.681539602577686310e-02,1.579577475786209106e-02,1.623848080635070801e-02,1.670716144144535065e-02,1.667579263448715210e-02,1.626868173480033875e-02,1.658898964524269104e-02,1.648367010056972504e-02,1.680002361536026001e-02,1.654425263404846191e-02,1.606210879981517792e-02,1.645175367593765259e-02,1.647518388926982880e-02,1.615867391228675842e-02,1.755415275692939758e-02,1.641914807260036469e-02,1.633740402758121490e-02,1.581592857837677002e-02,1.472303457558155060e-02,1.441930700093507767e-02,1.355270761996507645e-02,1.459913607686758041e-02,1.415198016911745071e-02,1.359224040061235428e-02,1.452743727713823318e-02
1.598591357469558716e-02,1.627966016530990601e-02,1.887318305671215057e-02,1.706621050834655762e-02,1.844274066388607025e-02,1.932360976934432983e-02,1.709252595901489258e-02,1.776498928666114807e-02,1.881572045385837555e-02,1.713394746184349060e-02,1.706928014755249023e-02,1.713721826672554016e-02,1.732241734862327576e-02,1.767559722065925598e-02,1.767308078706264496e-02,1.727949827909469604e-02,1.644652150571346283e-02,1.503807865083217621e-02,1.721596717834472656e-02,1.687465794384479523e-02,1.577969081699848175e-02,1.717485859990119934e-02,1.753415539860725403e-02,1.733749918639659882e-02,1.678362675011157990e-02,1.576915197074413300e-02,1.618865691125392914e-02,1.667607203125953674e-02,1.665634848177433014e-02,1.625283434987068176e-02,1.655811630189418793e-02,1.645975373685359955e-02,1.676276698708534241e-02,1.651453971862792969e-02,1.604158990085124969e-02,1.641771011054515839e-02,1.644564047455787659e-02,1.610260829329490662e-02,1.748883351683616638e-02,1.638972572982311249e-02,1.630943641066551208e-02,1.576054096221923828e-02,1.471016276627779007e-02,1.440892834216356277e-02,1.352281402796506882e-02,1.458680443465709686e-02,1.415013615041971207e-02,1.358562149107456207e-02,1.451466046273708344e-02
1.600740849971771240e-02,1.631377637386322021e-02,1.900891400873661041e-02,1.712883077561855316e-02,1.858355104923248291e-02,1.946767605841159821e-02,1.715470850467681885e-02,1.782935485243797302e-02,1.903630048036575317e-02,1.719808392226696014e-02,1.713721826672554016e-02,1.753663457930088043e-02,1.768969744443893433e-02,1.808092184364795685e-02,1.810045912861824036e-02,1.764610968530178070e-02,1.692546717822551727e-02,1.552992220968008041e-02,1.758211851119995117e-02,1.724257506430149078e-02,1.614296808838844299e-02,1.753752119839191437e-02,1.793241500854492188e-02,1.776431314647197723e-02,1.711701229214668274e-02,1.611611247062683105e-02,1.659132540225982666e-02,1.700960472226142883e-02,1.701449789106845856e-02,1.663820445537567139e-02,1.689125411212444305e-02,1.680392585694789886e-02,1.714612729847431183e-02,1.684888638556003571e-02,1.636129990220069885e-02,1.678712479770183563e-02,1.677944511175155640e-02,1.641626656055450439e-02,1.787843368947505951e-02,1.672316342592239380e-02,1.663577742874622345e-02,1.605887711048126221e-02,1.493758056312799454e-02,1.462754979729652405e-02,1.379008311778306961e-02,1.481356192380189896e-02,1.440245006233453751e-02,1.388988178223371506e-02,1.473978254944086075e-02
1.618784666061401367e-02,1.650363579392433167e-02,1.920373179018497467e-02,1.729668676853179932e-02,1.872488297522068024e-02,1.961977593600749969e-02,1.732233725488185883e-02,1.801856607198715210e-02,1.915466599166393280e-02,1.736415736377239227e-02,1.732241734862327576e-02,1.768969744443893433e-02,1.738343015313148499e-02,1.769462786614894867e-02,1.766791753470897675e-02,1.734179817140102386e-02,1.644663512706756592e-02,1.500439923256635666e-02,1.728024892508983612e-02,1.700509898364543915e-02,1.590283215045928955e-02,1.724267005920410156e-02,1.759271509945392609e-02,1.738855615258216858e-02,1.688393764197826385e-02,1.587738282978534698e-02,1.627676002681255341e-02,1.677639968693256378e-02,1.675112731754779816e-02,1.628671586513519287e-02,1.665870100259780884e-02,1.654925569891929626e-02,1.684074476361274719e-02,1.661284640431404114e-02,1.614380255341529846e-02,1.649382151663303375e-02,1.654467917978763580e-02,1.623481698334217072e-02,1.759424619376659393e-02,1.648851111531257629e-02,1.641351729631423950e-02,1.588646881282329559e-02,1.485244091600179672e-02,1.456333231180906296e-02,1.364823523908853531e-02,1.472840551286935806e-02,1.426259428262710571e-02,1.366231776773929596e-02,1.465743407607078552e-02
1.646814495325088501e-02,1.680233702063560486e-02,1.963714696466922760e-02,1.764239184558391571e-02,1.915438659489154816e-02,2.005420066416263580e-02,1.766712218523025513e-02,1.837332732975482941e-02,1.965291798114776611e-02,1.770939305424690247e-02,1.767559722065925598e-02,1.808092184364795685e-02,1.769462786614894867e-02,1.780764944851398468e-02,1.773818396031856537e-02,1.747394725680351257e-02,1.655590161681175232e-02,1.506708562374114990e-02,1.741463877260684967e-02,1.720274798572063446e-02,1.608306355774402618e-02,1.737925224006175995e-02,1.773307286202907562e-02,1.752129755914211273e-02,1.706266216933727264e-02,1.607186160981655121e-02,1.644040085375308990e-02,1.695629209280014038e-02,1.693308353424072266e-02,1.640529185533523560e-02,1.683979108929634094e-02,1.671552658081054688e-02,1.699382625520229340e-02,1.679287292063236237e-02,1.633308641612529755e-02,1.665038429200649261e-02,1.672586053609848022e-02,1.643236353993415833e-02,1.775660552084445953e-02,1.666971109807491302e-02,1.659773662686347961e-02,1.608316041529178619e-02,1.507326122373342514e-02,1.480014156550168991e-02,1.384893059730529785e-02,1.494944095611572266e-02,1.446446031332015991e-02,1.383338216692209244e-02,1.487991213798522949e-02
1.644909195601940155e-02,1.678007468581199646e-02,1.964643970131874084e-02,1.764596439898014069e-02,1.920590922236442566e-02,2.009759843349456787e-02,1.766983233392238617e-02,1.837354153394699097e-02,1.974491775035858154e-02,1.771090738475322723e-02,1.767308078706264496e-02,1.810045912861824036e-02,1.766791753470897675e-02,1.773818396031856537e-02,1.848908327519893646e-02,1.814140565693378448e-02,1.727876439690589905e-02,1.577112264931201935e-02,1.808109879493713379e-02,1.786510646343231201e-02,1.673884876072406769e-02,1.804345287382602692e-02,1.842974685132503510e-02,1.824869774281978607e-02,1.766807772219181061e-02,1.665355078876018524e-02,1.708240434527397156e-02,1.755886152386665344e-02,1.754719205200672150e-02,1.703774556517601013e-02,1.743944734334945679e-02,1.733559183776378632e-02,1.767079904675483704e-02,1.739284954965114594e-02,1.689974591135978699e-02,1.727015525102615356e-02,1.732411235570907593e-02,1.702037267386913300e-02,1.842277310788631439e-02,1.726622693240642548e-02,1.719231531023979187e-02,1.664593443274497986e-02,1.552517805248498917e-02,1.523235626518726349e-02,1.429479848593473434e-02,1.539787743240594864e-02,1.492492854595184326e-02,1.430838368833065033e-02,1.532529201358556747e-02
1.614426448941230774e-02,1.645958609879016876e-02,1.915528252720832825e-02,1.725345477461814880e-02,1.868071407079696655e-02,1.957541331648826599e-02,1.727915368974208832e-02,1.797532290220260620e-02,1.911153085529804230e-02,1.732112281024456024e-02,1.727949827909469604e-02,1.764610968530178070e-02,1.734179817140102386e-02,1.747394725680351257e-02,1.814140565693378448e-02,1.728817261755466461e-02,1.639242283999919891e-02,1.495148614048957825e-02,1.722679100930690765e-02,1.695488765835762024e-02,1.585341058671474457e-02,1.718945056200027466e-02,1.753871329128742218e-02,1.733374223113059998e-02,1.683465205132961273e-02,1.583101600408554077e-02,1.622396148741245270e-02,1.672743074595928192e-02,1.670287363231182098e-02,1.623281091451644897e-02,1.661005429923534393e-02,1.650051958858966827e-02,1.678869500756263733e-02,1.656421832740306854e-02,1.609843038022518158e-02,1.644192822277545929e-02,1.649628765881061554e-02,1.618618145585060120e-02,1.753678731620311737e-02,1.644021086394786835e-02,1.636514440178871155e-02,1.583922840654850006e-02,1.481539942324161530e-02,1.452900748699903488e-02,1.361175626516342163e-02,1.469164900481700897e-02,1.422470808029174805e-02,1.362280175089836121e-02,1.462092995643615723e-02
1.521806418895721436e-02,1.557130552828311920e-02,1.834806054830551147e-02,1.639100536704063416e-02,1.788885705173015594e-02,1.878685131669044495e-02,1.641655899584293365e-02,1.713150180876255035e-02,1.847767643630504608e-02,1.646357774734497070e-02,1.644652150571346283e-02,1.692546717822551727e-02,1.644663512706756592e-02,1.655590161681175232e-02,1.727876439690589905e-02,1.639242283999919891e-02,1.551881618797779083e-02,1.409979630261659622e-02,1.637014374136924744e-02,1.611648499965667725e-02,1.505687553435564041e-02,1.633579842746257782e-02,1.666129380464553833e-02,1.644834131002426147e-02,1.599892415106296539e-02,1.500924024730920792e-02,1.533647999167442322e-02,1.589520834386348724e-02,1.586180739104747772e-02,1.536604762077331543e-02,1.578190550208091736e-02,1.568599417805671692e-02,1.594230718910694122e-02,1.573706977069377899e-02,1.531565189361572266e-02,1.558685395866632462e-02,1.567184925079345703e-02,1.536421570926904678e-02,1.660710573196411133e-02,1.561757083982229233e-02,1.553685031831264496e-02,1.505043450742959976e-02,1.412358880043029785e-02,1.386102288961410522e-02,1.295236032456159592e-02,1.400399487465620041e-02,1.353048719465732574e-02,1.294201705604791641e-02,1.393619272857904434e-02
1.386888045817613602e-02,1.421970501542091370e-02,1.683944277465343475e-02,1.499178446829319000e-02,1.641179621219635010e-02,1.721148006618022919e-02,1.501452736556529999e-02,1.567132212221622467e-02,1.704989932477474213e-02,1.505767926573753357e-02,1.503807865083217621e-02,1.552992220968008041e-02,1.500439923256635666e-02,1.506708562374114990e-02,1.577112264931201935e-02,1.495148614048957825e-02,1.409979630261659622e-02,1.318229082971811295e-02,1.529227755963802338e-02,1.504841726273298264e-02,1.401266921311616898e-02,1.525917928665876389e-02,1.558182761073112488e-02,1.538978982716798782e-02,1.493217423558235168e-02,1.399260293692350388e-02,1.426889933645725250e-02,1.483398675918579102e-02,1.481190323829650879e-02,1.430384442210197449e-02,1.472675986588001251e-02,1.463660318404436111e-02,1.487000100314617157e-02,1.468413509428501129e-02,1.429810188710689545e-02,1.452433317899703979e-02,1.462223008275032043e-02,1.430020295083522797e-02,1.544287707656621933e-02,1.457016263157129288e-02,1.447599474340677261e-02,1.401750650256872177e-02,1.320334058254957199e-02,1.296325027942657471e-02,1.211185567080974579e-02,1.308981049805879593e-02,1.263500470668077469e-02,1.209783367812633514e-02,1.302578579634428024e-02
1.608002372086048126e-02,1.639523543417453766e-02,1.908372528851032257e-02,1.719091460108757019e-02,1.861661113798618317e-02,1.950873993337154388e-02,1.721662841737270355e-02,1.791135221719741821e-02,1.904975995421409607e-02,1.725865527987480164e-02,1.721596717834472656e-02,1.758211851119995117e-02,1.728024892508983612e-02,1.741463877260684967e-02,1.808109879493713379e-02,1.722679100930690765e-02,1.637014374136924744e-02,1.529227755963802338e-02,1.716596633195877075e-02,1.689723879098892212e-02,1.579696871340274811e-02,1.712886616587638855e-02,1.747684925794601440e-02,1.727113872766494751e-02,1.677802205085754395e-02,1.577737368643283844e-02,1.616320945322513580e-02,1.667112484574317932e-02,1.664704456925392151e-02,1.617142744362354279e-02,1.655408181250095367e-02,1.644478738307952881e-02,1.672926731407642365e-02,1.650826446712017059e-02,1.604579575359821320e-02,1.638274453580379486e-02,1.644058339297771454e-02,1.613044925034046173e-02,1.747158356010913849e-02,1.638461276888847351e-02,1.630953513085842133e-02,1.578504964709281921e-02,1.477106660604476929e-02,1.448734570294618607e-02,1.356856245547533035e-02,1.464762724936008453e-02,1.417963206768035889e-02,1.357660535722970963e-02,1.457716431468725204e-02
1.570612378418445587e-02,1.601742953062057495e-02,1.862857490777969360e-02,1.686912775039672852e-02,1.828629896044731140e-02,1.919333636760711670e-02,1.689661853015422821e-02,1.758634671568870544e-02,1.873085834085941315e-02,1.694243401288986206e-02,1.687465794384479523e-02,1.724257506430149078e-02,1.700509898364543915e-02,1.720274798572063446e-02,1.786510646343231201e-02,1.695488765835762024e-02,1.611648499965667725e-02,1.504841726273298264e-02,1.689723879098892212e-02,1.686226390302181244e-02,1.578030176460742950e-02,1.706055738031864166e-02,1.742010936141014099e-02,1.721934601664543152e-02,1.671337708830833435e-02,1.570535264909267426e-02,1.607692986726760864e-02,1.660792715847492218e-02,1.659338176250457764e-02,1.608042791485786438e-02,1.649170182645320892e-02,1.639456488192081451e-02,1.668726280331611633e-02,1.644558645784854889e-02,1.601125113666057587e-02,1.632246561348438263e-02,1.637927815318107605e-02,1.606736518442630768e-02,1.738552749156951904e-02,1.632308401167392731e-02,1.624835468828678131e-02,1.572166755795478821e-02,1.478286925703287125e-02,1.450609974563121796e-02,1.357570290565490723e-02,1.466020289808511734e-02,1.418558973819017410e-02,1.358649786561727524e-02,1.459072809666395187e-02
1.466985512524843216e-02,1.494230143725872040e-02,1.743194274604320526e-02,1.578198187053203583e-02,1.715468801558017731e-02,1.803626865148544312e-02,1.580738835036754608e-02,1.644635386765003204e-02,1.760053448379039764e-02,1.585001870989799500e-02,1.577969081699848175e-02,1.614296808838844299e-02,1.590283215045928955e-02,1.608306355774402618e-02,1.673884876072406769e-02,1.585341058671474457e-02,1.505687553435564041e-02,1.401266921311616898e-02,1.579696871340274811e-02,1.578030176460742950e-02,1.586454361677169800e-02,1.715376414358615875e-02,1.752061583101749420e-02,1.733425259590148926e-02,1.679199561476707458e-02,1.577179133892059326e-02,1.613913662731647491e-02,1.668591052293777466e-02,1.666616462171077728e-02,1.613323576748371124e-02,1.656994968652725220e-02,1.647330820560455322e-02,1.678518205881118774e-02,1.652350835502147675e-02,1.608703471720218658e-02,1.639318093657493591e-02,1.645701564848423004e-02,1.614241302013397217e-02,1.743766665458679199e-02,1.640024036169052124e-02,1.631851494312286377e-02,1.580401137471199036e-02,1.484682131558656693e-02,1.457078289240598679e-02,1.361957285553216934e-02,1.472365017980337143e-02,1.424081902951002121e-02,1.362156216055154800e-02,1.465436350554227829e-02
1.604381576180458069e-02,1.635643281042575836e-02,1.903401687741279602e-02,1.715169474482536316e-02,1.857190206646919250e-02,1.946143805980682373e-02,1.717742718756198883e-02,1.786972954869270325e-02,1.900105737149715424e-02,1.721931248903274536e-02,1.717485859990119934e-02,1.753752119839191437e-02,1.724267005920410156e-02,1.737925224006175995e-02,1.804345287382602692e-02,1.718945056200027466e-02,1.633579842746257782e-02,1.525917928665876389e-02,1.712886616587638855e-02,1.706055738031864166e-02,1.715376414358615875e-02,1.714554242789745331e-02,1.749446243047714233e-02,1.728930324316024780e-02,1.679554209113121033e-02,1.579534821212291718e-02,1.618198864161968231e-02,1.668865047395229340e-02,1.666524820029735565e-02,1.618882827460765839e-02,1.657157205045223236e-02,1.646245084702968597e-02,1.674748025834560394e-02,1.652573980391025543e-02,1.606294512748718262e-02,1.639991439878940582e-02,1.645806431770324707e-02,1.614769734442234039e-02,1.749033480882644653e-02,1.640206389129161835e-02,1.632710546255111694e-02,1.580181531608104706e-02,1.478768233209848404e-02,1.450398843735456467e-02,1.358514185994863510e-02,1.466417871415615082e-02,1.419609040021896362e-02,1.359343063086271286e-02,1.459369156509637833e-02
1.633908227086067200e-02,1.668584160506725311e-02,1.942743919789791107e-02,1.750187389552593231e-02,1.897609978914260864e-02,1.989203318953514099e-02,1.752882450819015503e-02,1.824620179831981659e-02,1.943682320415973663e-02,1.757367514073848724e-02,1.753415539860725403e-02,1.793241500854492188e-02,1.759271509945392609e-02,1.773307286202907562e-02,1.842974685132503510e-02,1.753871329128742218e-02,1.666129380464553833e-02,1.558182761073112488e-02,1.747684925794601440e-02,1.742010936141014099e-02,1.752061583101749420e-02,1.749446243047714233e-02,1.670444756746292114e-02,1.648777164518833160e-02,1.606388576328754425e-02,1.510217692703008652e-02,1.539510488510131836e-02,1.596102491021156311e-02,1.593957655131816864e-02,1.538758259266614914e-02,1.584826782345771790e-02,1.574105955660343170e-02,1.598215661942958832e-02,1.580242626368999481e-02,1.538802310824394226e-02,1.562361326068639755e-02,1.573807187378406525e-02,1.542364619672298431e-02,1.663775183260440826e-02,1.568344235420227051e-02,1.560245361179113388e-02,1.510057039558887482e-02,1.423030532896518707e-02,1.398278493434190750e-02,1.303437072783708572e-02,1.411081291735172272e-02,1.362992264330387115e-02,1.300530973821878433e-02,1.404380146414041519e-02
1.613893173635005951e-02,1.648687571287155151e-02,1.925981231033802032e-02,1.730398647487163544e-02,1.881929486989974976e-02,1.974519342184066772e-02,1.733121648430824280e-02,1.804507710039615631e-02,1.931182853877544403e-02,1.737715303897857666e-02,1.733749918639659882e-02,1.776431314647197723e-02,1.738855615258216858e-02,1.752129755914211273e-02,1.824869774281978607e-02,1.733374223113059998e-02,1.644834131002426147e-02,1.538978982716798782e-02,1.727113872766494751e-02,1.721934601664543152e-02,1.733425259590148926e-02,1.728930324316024780e-02,1.648777164518833160e-02,1.548065990209579468e-02,1.505182590335607529e-02,1.412549987435340881e-02,1.438344549387693405e-02,1.495384704321622849e-02,1.493065152317285538e-02,1.439960673451423645e-02,1.484660618007183075e-02,1.473544538021087646e-02,1.496412511914968491e-02,1.480343844741582870e-02,1.441634260118007660e-02,1.462647039443254471e-02,1.474161632359027863e-02,1.442533265799283981e-02,1.555381901562213898e-02,1.468974910676479340e-02,1.460099779069423676e-02,1.413567364215850830e-02,1.333135087043046951e-02,1.310486439615488052e-02,1.219675317406654358e-02,1.321763079613447189e-02,1.275570131838321686e-02,1.215314771980047226e-02,1.315366663038730621e-02
1.562925800681114197e-02,1.595285348594188690e-02,1.855746284127235413e-02,1.674574799835681915e-02,1.814577728509902954e-02,1.900396496057510376e-02,1.677214540541172028e-02,1.746200025081634521e-02,1.854093000292778015e-02,1.681539602577686310e-02,1.678362675011157990e-02,1.711701229214668274e-02,1.688393764197826385e-02,1.706266216933727264e-02,1.766807772219181061e-02,1.683465205132961273e-02,1.599892415106296539e-02,1.493217423558235168e-02,1.677802205085754395e-02,1.671337708830833435e-02,1.679199561476707458e-02,1.679554209113121033e-02,1.606388576328754425e-02,1.505182590335607529e-02,1.651792228221893311e-02,1.550479512661695480e-02,1.578520052134990692e-02,1.641075871884822845e-02,1.639297232031822205e-02,1.578358002007007599e-02,1.629272662103176117e-02,1.618094369769096375e-02,1.639326661825180054e-02,1.624501310288906097e-02,1.583295129239559174e-02,1.604862697422504425e-02,1.617787964642047882e-02,1.583661511540412903e-02,1.705507561564445496e-02,1.611995883285999298e-02,1.603246107697486877e-02,1.546244975179433823e-02,1.466404646635055542e-02,1.439272146672010422e-02,1.335067022591829300e-02,1.454033795744180679e-02,1.404894236475229263e-02,1.334760151803493500e-02,1.447022147476673126e-02
1.462316699326038361e-02,1.494183577597141266e-02,1.745372824370861053e-02,1.572605967521667480e-02,1.707140728831291199e-02,1.789022982120513916e-02,1.575209759175777435e-02,1.643112860620021820e-02,1.752423122525215149e-02,1.579577475786209106e-02,1.576915197074413300e-02,1.611611247062683105e-02,1.587738282978534698e-02,1.607186160981655121e-02,1.665355078876018524e-02,1.583101600408554077e-02,1.500924024730920792e-02,1.399260293692350388e-02,1.577737368643283844e-02,1.570535264909267426e-02,1.577179133892059326e-02,1.579534821212291718e-02,1.510217692703008652e-02,1.412549987435340881e-02,1.550479512661695480e-02,1.552687399089336395e-02,1.579698733985424042e-02,1.643145084381103516e-02,1.642255298793315887e-02,1.579612120985984802e-02,1.631297543644905090e-02,1.620829664170742035e-02,1.643558777868747711e-02,1.626466400921344757e-02,1.586247421801090240e-02,1.606815867125988007e-02,1.619770564138889313e-02,1.584423147141933441e-02,1.705742627382278442e-02,1.613890752196311951e-02,1.604818738996982574e-02,1.546153891831636429e-02,1.466313004493713379e-02,1.439113914966583252e-02,1.333655975759029388e-02,1.453909557312726974e-02,1.404570508748292923e-02,1.333487126976251602e-02,1.446846220642328262e-02
1.501828804612159729e-02,1.531399507075548172e-02,1.794313453137874603e-02,1.616936549544334412e-02,1.761665381491184235e-02,1.844082772731781006e-02,1.619458571076393127e-02,1.686348021030426025e-02,1.812768727540969849e-02,1.623848080635070801e-02,1.618865691125392914e-02,1.659132540225982666e-02,1.627676002681255341e-02,1.644040085375308990e-02,1.708240434527397156e-02,1.622396148741245270e-02,1.533647999167442322e-02,1.426889933645725250e-02,1.616320945322513580e-02,1.607692986726760864e-02,1.613913662731647491e-02,1.618198864161968231e-02,1.539510488510131836e-02,1.438344549387693405e-02,1.578520052134990692e-02,1.579698733985424042e-02,1.608766987919807434e-02,1.671634428203105927e-02,1.671952009201049805e-02,1.613203063607215881e-02,1.659713685512542725e-02,1.651130989193916321e-02,1.677913218736648560e-02,1.655041240155696869e-02,1.611721888184547424e-02,1.637710444629192352e-02,1.648168265819549561e-02,1.611214876174926758e-02,1.735292561352252960e-02,1.642243005335330963e-02,1.632701978087425232e-02,1.572709903120994568e-02,1.477887760847806931e-02,1.448575779795646667e-02,1.345197577029466629e-02,1.465358585119247437e-02,1.418087445199489594e-02,1.349071506410837173e-02,1.458070520311594009e-02
1.552429702132940292e-02,1.584591157734394073e-02,1.843861863017082214e-02,1.663750596344470978e-02,1.803316548466682434e-02,1.888764835894107819e-02,1.666385121643543243e-02,1.735181361436843872e-02,1.843090169131755829e-02,1.670716144144535065e-02,1.667607203125953674e-02,1.700960472226142883e-02,1.677639968693256378e-02,1.695629209280014038e-02,1.755886152386665344e-02,1.672743074595928192e-02,1.589520834386348724e-02,1.483398675918579102e-02,1.667112484574317932e-02,1.660792715847492218e-02,1.668591052293777466e-02,1.668865047395229340e-02,1.596102491021156311e-02,1.495384704321622849e-02,1.641075871884822845e-02,1.643145084381103516e-02,1.671634428203105927e-02,1.640110090374946594e-02,1.638398319482803345e-02,1.577007211744785309e-02,1.628316380083560944e-02,1.617108844220638275e-02,1.638136804103851318e-02,1.623540371656417847e-02,1.582531630992889404e-02,1.603682897984981537e-02,1.616836152970790863e-02,1.582646556198596954e-02,1.704055070877075195e-02,1.611043326556682587e-02,1.602307520806789398e-02,1.545198913663625717e-02,1.465842220932245255e-02,1.438834611326456070e-02,1.334337610751390457e-02,1.453477144241333008e-02,1.404198445379734039e-02,1.333868689835071564e-02,1.446473132818937302e-02
1.547784171998500824e-02,1.580983214080333710e-02,1.844526827335357666e-02,1.660153828561306000e-02,1.803014427423477173e-02,1.889737881720066071e-02,1.662881858646869659e-02,1.734317466616630554e-02,1.847648248076438904e-02,1.667579263448715210e-02,1.665634848177433014e-02,1.701449789106845856e-02,1.675112731754779816e-02,1.693308353424072266e-02,1.754719205200672150e-02,1.670287363231182098e-02,1.586180739104747772e-02,1.481190323829650879e-02,1.664704456925392151e-02,1.659338176250457764e-02,1.666616462171077728e-02,1.666524820029735565e-02,1.593957655131816864e-02,1.493065152317285538e-02,1.639297232031822205e-02,1.642255298793315887e-02,1.671952009201049805e-02,1.638398319482803345e-02,1.640677638351917267e-02,1.578805781900882721e-02,1.629848219454288483e-02,1.619427651166915894e-02,1.640254631638526917e-02,1.625157892704010010e-02,1.583563908934593201e-02,1.605328544974327087e-02,1.618543453514575958e-02,1.585671864449977875e-02,1.706911250948905945e-02,1.612823270261287689e-02,1.605164632201194763e-02,1.547215599566698074e-02,1.468608155846595764e-02,1.442641206085681915e-02,1.337475143373012543e-02,1.456385292112827301e-02,1.408289093524217606e-02,1.337561011314392090e-02,1.449433155357837677e-02
1.511149667203426361e-02,1.539166923612356186e-02,1.805213838815689087e-02,1.620105467736721039e-02,1.767442002892494202e-02,1.850030384957790375e-02,1.622496172785758972e-02,1.689884997904300690e-02,1.817126013338565826e-02,1.626868173480033875e-02,1.625283434987068176e-02,1.663820445537567139e-02,1.628671586513519287e-02,1.640529185533523560e-02,1.703774556517601013e-02,1.623281091451644897e-02,1.536604762077331543e-02,1.430384442210197449e-02,1.617142744362354279e-02,1.608042791485786438e-02,1.613323576748371124e-02,1.618882827460765839e-02,1.538758259266614914e-02,1.439960673451423645e-02,1.578358002007007599e-02,1.579612120985984802e-02,1.613203063607215881e-02,1.577007211744785309e-02,1.578805781900882721e-02,1.509063318371772766e-02,1.555226836353540421e-02,1.545491628348827362e-02,1.565543189644813538e-02,1.550947688519954681e-02,1.510098390281200409e-02,1.532912999391555786e-02,1.544603053480386734e-02,1.511614397168159485e-02,1.626926660537719727e-02,1.539176888763904572e-02,1.530938874930143356e-02,1.476503163576126099e-02,1.400305330753326416e-02,1.375446375459432602e-02,1.275045983493328094e-02,1.388604287058115005e-02,1.344388537108898163e-02,1.277134846895933151e-02,1.381893176585435867e-02
1.540958322584629059e-02,1.572977378964424133e-02,1.830765046179294586e-02,1.651947386562824249e-02,1.790902763605117798e-02,1.875858753919601440e-02,1.654572598636150360e-02,1.723067834973335266e-02,1.830863207578659058e-02,1.658898964524269104e-02,1.655811630189418793e-02,1.689125411212444305e-02,1.665870100259780884e-02,1.683979108929634094e-02,1.743944734334945679e-02,1.661005429923534393e-02,1.578190550208091736e-02,1.472675986588001251e-02,1.655408181250095367e-02,1.649170182645320892e-02,1.656994968652725220e-02,1.657157205045223236e-02,1.584826782345771790e-02,1.484660618007183075e-02,1.629272662103176117e-02,1.631297543644905090e-02,1.659713685512542725e-02,1.628316380083560944e-02,1.629848219454288483e-02,1.555226836353540421e-02,1.624522730708122253e-02,1.613347232341766357e-02,1.634254306554794312e-02,1.619754917919635773e-02,1.578940451145172119e-02,1.599838398396968842e-02,1.613072678446769714e-02,1.578926295042037964e-02,1.699867844581604004e-02,1.607290841639041901e-02,1.598599553108215332e-02,1.541532296687364578e-02,1.462668459862470627e-02,1.435820013284683228e-02,1.331287715584039688e-02,1.450329553335905075e-02,1.401090063154697418e-02,1.330741681158542633e-02,1.443343050777912140e-02
1.529998145997524261e-02,1.562954485416412354e-02,1.821695454418659210e-02,1.641370728611946106e-02,1.781484112143516541e-02,1.867454871535301208e-02,1.643974334001541138e-02,1.712219975888729095e-02,1.822913810610771179e-02,1.648367010056972504e-02,1.645975373685359955e-02,1.680392585694789886e-02,1.654925569891929626e-02,1.671552658081054688e-02,1.733559183776378632e-02,1.650051958858966827e-02,1.568599417805671692e-02,1.463660318404436111e-02,1.644478738307952881e-02,1.639456488192081451e-02,1.647330820560455322e-02,1.646245084702968597e-02,1.574105955660343170e-02,1.473544538021087646e-02,1.618094369769096375e-02,1.620829664170742035e-02,1.651130989193916321e-02,1.617108844220638275e-02,1.619427651166915894e-02,1.545491628348827362e-02,1.613347232341766357e-02,1.626775600016117096e-02,1.647615805268287659e-02,1.633934117853641510e-02,1.592819020152091980e-02,1.614215224981307983e-02,1.627287827432155609e-02,1.593973860144615173e-02,1.714134402573108673e-02,1.621481776237487793e-02,1.613039709627628326e-02,1.555323135107755661e-02,1.476709637790918350e-02,1.450229343026876450e-02,1.343146339058876038e-02,1.464358065277338028e-02,1.414457987993955612e-02,1.342312246561050415e-02,1.457408815622329712e-02
