1.695789955556392670e-02,1.628529094159603119e-02,1.737070083618164062e-02,1.856952346861362457e-02,1.897613331675529480e-02,1.853991113603115082e-02,1.854547485709190369e-02,1.813430152833461761e-02,1.770982146263122559e-02,1.865868270397186279e-02,1.831531524658203125e-02,1.834043301641941071e-02,1.848893426358699799e-02,1.773238368332386017e-02,1.898633502423763275e-02,1.845202036201953888e-02,1.813785918056964874e-02,1.717532798647880554e-02,1.838194578886032104e-02,1.869823038578033447e-02,1.942519657313823700e-02,1.838452182710170746e-02,1.832067593932151794e-02,1.712804846465587616e-02,1.736308448016643524e-02,1.664162240922451019e-02,1.912324316799640656e-02,1.728257536888122559e-02,1.797447167336940765e-02,1.710756868124008179e-02,1.722928136587142944e-02,1.591839455068111420e-02,1.579284667968750000e-02,1.719971001148223877e-02,1.673332974314689636e-02,1.577963866293430328e-02,1.715532504022121429e-02,1.578121446073055267e-02,1.545818708837032318e-02,1.709893345832824707e-02,1.664166152477264404e-02,1.610514149069786072e-02,1.479033194482326508e-02,1.437250152230262756e-02,1.466215774416923523e-02,1.470053941011428833e-02,1.451705675572156906e-02,1.447703223675489426e-02,1.465888880193233490e-02
1.628529094159603119e-02,1.730984821915626526e-02,1.854284480214118958e-02,1.987689360976219177e-02,2.035035751760005951e-02,1.986277662217617035e-02,1.985126174986362457e-02,1.940287277102470398e-02,1.897097192704677582e-02,1.997825503349304199e-02,1.964489743113517761e-02,1.978099159896373749e-02,1.977223344147205353e-02,1.900726184248924255e-02,2.038425579667091370e-02,1.973396353423595428e-02,1.941323652863502502e-02,1.838347129523754120e-02,1.966108009219169617e-02,2.015660703182220459e-02,2.095072157680988312e-02,1.966574229300022125e-02,1.962785609066486359e-02,1.837033033370971680e-02,1.860513165593147278e-02,1.781014353036880493e-02,2.061257697641849518e-02,1.852392405271530151e-02,1.934021338820457458e-02,1.841936632990837097e-02,1.847092248499393463e-02,1.710937172174453735e-02,1.696565933525562286e-02,1.844345405697822571e-02,1.798949018120765686e-02,1.693822257220745087e-02,1.839878223836421967e-02,1.692098937928676605e-02,1.661041378974914551e-02,1.834058761596679688e-02,1.787988096475601196e-02,1.727880164980888367e-02,1.593345217406749725e-02,1.549277268350124359e-02,1.581197045743465424e-02,1.583956554532051086e-02,1.569918915629386902e-02,1.562031265348196030e-02,1.579777151346206665e-02
1.737070083618164062e-02,1.854284480214118958e-02,1.860369183123111725e-02,1.995380967855453491e-02,2.039797790348529816e-02,1.987762562930583954e-02,1.992685906589031219e-02,1.946982555091381073e-02,1.899429410696029663e-02,2.005331590771675110e-02,1.968789286911487579e-02,1.979617401957511902e-02,1.986970752477645874e-02,1.911493577063083649e-02,2.047057822346687317e-02,1.983029022812843323e-02,1.955040916800498962e-02,1.847831718623638153e-02,1.975520700216293335e-02,2.025137282907962799e-02,2.102894335985183716e-02,1.975891180336475372e-02,1.971136592328548431e-02,1.843030191957950592e-02,1.873487606644630432e-02,1.792710833251476288e-02,2.066677995026111603e-02,1.865152269601821899e-02,1.943262852728366852e-02,1.844272762537002563e-02,1.859553903341293335e-02,1.721270568668842316e-02,1.699580997228622437e-02,1.856865920126438141e-02,1.809197477996349335e-02,1.700641959905624390e-02,1.852340437471866608e-02,1.704416237771511078e-02,1.668833382427692413e-02,1.846440136432647705e-02,1.800540089607238770e-02,1.742662861943244934e-02,1.605270616710186005e-02,1.559377461671829224e-02,1.583302393555641174e-02,1.595643535256385803e-02,1.579233817756175995e-02,1.565681025385856628e-02,1.591275818645954132e-02
1.856952346861362457e-02,1.987689360976219177e-02,1.995380967855453491e-02,2.091464959084987640e-02,2.142774686217308044e-02,2.094910852611064911e-02,2.088602259755134583e-02,2.039239741861820221e-02,2.000159956514835358e-02,2.102033048868179321e-02,2.063169144093990326e-02,2.079553157091140747e-02,2.078174427151679993e-02,1.995691098272800446e-02,2.141999825835227966e-02,2.074142731726169586e-02,2.038011327385902405e-02,1.934099942445755005e-02,2.066590823233127594e-02,2.120113000273704529e-02,2.205092646181583405e-02,2.067187614738941193e-02,2.063301391899585724e-02,1.930500380694866180e-02,1.949522085487842560e-02,1.866625249385833740e-02,2.163225412368774414e-02,1.941146329045295715e-02,2.026729844510555267e-02,1.931532099843025208e-02,1.935793459415435791e-02,1.793400570750236511e-02,1.778541505336761475e-02,1.932904869318008423e-02,1.885638572275638580e-02,1.776438951492309570e-02,1.928192749619483948e-02,1.773375086486339569e-02,1.742416247725486755e-02,1.922178268432617188e-02,1.874595694243907928e-02,1.810774207115173340e-02,1.655914261937141418e-02,1.608527824282646179e-02,1.644032448530197144e-02,1.646129600703716278e-02,1.632144860923290253e-02,1.626442186534404755e-02,1.641824282705783844e-02
1.897613331675529480e-02,2.035035751760005951e-02,2.039797790348529816e-02,2.142774686217308044e-02,2.163200266659259796e-02,2.118363417685031891e-02,2.109523303806781769e-02,2.050291746854782104e-02,2.017596364021301270e-02,2.123501151800155640e-02,2.080236561596393585e-02,2.112384326756000519e-02,2.089409157633781433e-02,2.001757919788360596e-02,2.157414704561233521e-02,2.085049077868461609e-02,2.045448310673236847e-02,1.940226368606090546e-02,2.077396959066390991e-02,2.147600799798965454e-02,2.232558652758598328e-02,2.078003250062465668e-02,2.073794975876808167e-02,1.934827305376529694e-02,1.951081305742263794e-02,1.866780035197734833e-02,2.191182225942611694e-02,1.942947506904602051e-02,2.039778605103492737e-02,1.941498927772045135e-02,1.937914267182350159e-02,1.794848404824733734e-02,1.778539083898067474e-02,1.935134828090667725e-02,1.887103915214538574e-02,1.769496686756610870e-02,1.930501498281955719e-02,1.768441870808601379e-02,1.742331311106681824e-02,1.924416981637477875e-02,1.877926848828792572e-02,1.805922016501426697e-02,1.645944640040397644e-02,1.597063615918159485e-02,1.632917486131191254e-02,1.635972596704959869e-02,1.627604663372039795e-02,1.615366339683532715e-02,1.631888374686241150e-02
1.853991113603115082e-02,1.986277662217617035e-02,1.987762562930583954e-02,2.094910852611064911e-02,2.118363417685031891e-02,2.053316868841648102e-02,2.053873986005783081e-02,1.982791349291801453e-02,1.952349580824375153e-02,2.067596279084682465e-02,2.016415633261203766e-02,2.050328999757766724e-02,2.028213255107402802e-02,1.937953382730484009e-02,2.092715725302696228e-02,2.023480273783206940e-02,1.982443779706954956e-02,1.878401823341846466e-02,2.015716023743152618e-02,2.092766761779785156e-02,2.178276889026165009e-02,2.016141451895236969e-02,2.008747309446334839e-02,1.867359317839145660e-02,1.885439082980155945e-02,1.803753525018692017e-02,2.132009342312812805e-02,1.877343840897083282e-02,1.977823302149772644e-02,1.875339448451995850e-02,1.872322522103786469e-02,1.730435155332088470e-02,1.712289452552795410e-02,1.869599521160125732e-02,1.818881928920745850e-02,1.698425598442554474e-02,1.865024492144584656e-02,1.702903583645820618e-02,1.677749678492546082e-02,1.858921535313129425e-02,1.814055442810058594e-02,1.740255393087863922e-02,1.578130386769771576e-02,1.526031829416751862e-02,1.562059391289949417e-02,1.568023860454559326e-02,1.561960484832525253e-02,1.546702627092599869e-02,1.563987322151660919e-02
1.854547485709190369e-02,1.985126174986362457e-02,1.992685906589031219e-02,2.088602259755134583e-02,2.109523303806781769e-02,2.053873986005783081e-02,2.094132266938686371e-02,2.044144831597805023e-02,2.005282044410705566e-02,2.107605338096618652e-02,2.068097330629825592e-02,2.085005864500999451e-02,2.083386480808258057e-02,2.000608667731285095e-02,2.147449739277362823e-02,2.079316973686218262e-02,2.043010108172893524e-02,1.938591338694095612e-02,2.071729488670825958e-02,2.126021683216094971e-02,2.211033925414085388e-02,2.072319015860557556e-02,2.068216726183891296e-02,1.934772916138172150e-02,1.954162307083606720e-02,1.871040835976600647e-02,2.169092744588851929e-02,1.945772394537925720e-02,2.032039314508438110e-02,1.936084777116775513e-02,1.940407603979110718e-02,1.797600649297237396e-02,1.782173290848731995e-02,1.937514171004295349e-02,1.889962144196033478e-02,1.779862865805625916e-02,1.932796090841293335e-02,1.777503639459609985e-02,1.746391505002975464e-02,1.926759257912635803e-02,1.879189908504486084e-02,1.814850792288780212e-02,1.659437827765941620e-02,1.611820049583911896e-02,1.646875217556953430e-02,1.649612560868263245e-02,1.635755226016044617e-02,1.629378274083137512e-02,1.645302772521972656e-02
1.813430152833461761e-02,1.940287277102470398e-02,1.946982555091381073e-02,2.039239741861820221e-02,2.050291746854782104e-02,1.982791349291801453e-02,2.044144831597805023e-02,1.982634887099266052e-02,1.943441852927207947e-02,2.049663476645946503e-02,2.006466127932071686e-02,2.020600065588951111e-02,2.024655230343341827e-02,1.945398189127445221e-02,2.090014703571796417e-02,2.020557783544063568e-02,1.980100199580192566e-02,1.876343600451946259e-02,2.013238705694675446e-02,2.072754316031932831e-02,2.160093002021312714e-02,2.013876102864742279e-02,2.007863298058509827e-02,1.879416406154632568e-02,1.897454634308815002e-02,1.818435825407505035e-02,2.111712656915187836e-02,1.889370381832122803e-02,1.977179385721683502e-02,1.881052926182746887e-02,1.884254999458789825e-02,1.748957112431526184e-02,1.727782934904098511e-02,1.881447620689868927e-02,1.835975609719753265e-02,1.724574156105518341e-02,1.876872591674327850e-02,1.726482622325420380e-02,1.695349626243114471e-02,1.871040649712085724e-02,1.826927624642848969e-02,1.762780919671058655e-02,1.601281203329563141e-02,1.552395988255739212e-02,1.581379026174545288e-02,1.591569744050502777e-02,1.579863578081130981e-02,1.568443886935710907e-02,1.587403565645217896e-02
1.770982146263122559e-02,1.897097192704677582e-02,1.899429410696029663e-02,2.000159956514835358e-02,2.017596364021301270e-02,1.952349580824375153e-02,2.005282044410705566e-02,1.943441852927207947e-02,1.835777051746845245e-02,1.940811052918434143e-02,1.896697655320167542e-02,1.915906555950641632e-02,1.915403082966804504e-02,1.842833869159221649e-02,1.982371322810649872e-02,1.911562308669090271e-02,1.872398331761360168e-02,1.772309280931949615e-02,1.904669217765331268e-02,1.972607523202896118e-02,2.056080475449562073e-02,1.905467733740806580e-02,1.901835761964321136e-02,1.778274029493331909e-02,1.794720441102981567e-02,1.718120649456977844e-02,2.004894614219665527e-02,1.787389628589153290e-02,1.874704286456108093e-02,1.780759543180465698e-02,1.782897487282752991e-02,1.657983846962451935e-02,1.630829833447933197e-02,1.780549623072147369e-02,1.741325110197067261e-02,1.630925387144088745e-02,1.776279322803020477e-02,1.633861288428306580e-02,1.603789441287517548e-02,1.770909130573272705e-02,1.731584221124649048e-02,1.667386107146739960e-02,1.509266253560781479e-02,1.462866365909576416e-02,1.486929226666688919e-02,1.500137336552143097e-02,1.493848115205764771e-02,1.478677615523338318e-02,1.496411208063364029e-02
1.865868270397186279e-02,1.997825503349304199e-02,2.005331590771675110e-02,2.102033048868179321e-02,2.123501151800155640e-02,2.067596279084682465e-02,2.107605338096618652e-02,2.049663476645946503e-02,1.940811052918434143e-02,2.116305567324161530e-02,2.076479978859424591e-02,2.093974500894546509e-02,2.091789618134498596e-02,2.008600905537605286e-02,2.156262099742889404e-02,2.087694965302944183e-02,2.051120065152645111e-02,1.946077682077884674e-02,2.080068923532962799e-02,2.135425806045532227e-02,2.220579050481319427e-02,2.080658636987209320e-02,2.076485753059387207e-02,1.942339353263378143e-02,1.961907744407653809e-02,1.878472976386547089e-02,2.178554050624370575e-02,1.953493990004062653e-02,2.040496841073036194e-02,1.943701319396495819e-02,1.948115974664688110e-02,1.804754324257373810e-02,1.788832433521747589e-02,1.945221424102783203e-02,1.897326484322547913e-02,1.786240190267562866e-02,1.940493658185005188e-02,1.784371212124824524e-02,1.753196120262145996e-02,1.934430375695228577e-02,1.886759512126445770e-02,1.821858622133731842e-02,1.665833778679370880e-02,1.617883704602718353e-02,1.652690395712852478e-02,1.655953377485275269e-02,1.642190478742122650e-02,1.635288447141647339e-02,1.651634462177753448e-02
1.831531524658203125e-02,1.964489743113517761e-02,1.968789286911487579e-02,2.063169144093990326e-02,2.080236561596393585e-02,2.016415633261203766e-02,2.068097330629825592e-02,2.006466127932071686e-02,1.896697655320167542e-02,2.076479978859424591e-02,2.340420149266719818e-02,2.365651912987232208e-02,2.352880872786045074e-02,2.264241501688957214e-02,2.427575737237930298e-02,2.348762378096580505e-02,2.310985885560512543e-02,2.195963636040687561e-02,2.340533025562763214e-02,2.406625449657440186e-02,2.496611885726451874e-02,2.341313287615776062e-02,2.339234948158264160e-02,2.191368490457534790e-02,2.212880738079547882e-02,2.119984291493892670e-02,2.453446947038173676e-02,2.203854359686374664e-02,2.299010939896106720e-02,2.190890721976757050e-02,2.198197506368160248e-02,2.041372098028659821e-02,2.020683325827121735e-02,2.195337973535060883e-02,2.141794189810752869e-02,2.017850987613201141e-02,2.190225198864936829e-02,2.017666958272457123e-02,1.984288357198238373e-02,2.183849550783634186e-02,2.132507227361202240e-02,2.058078721165657043e-02,1.887919940054416656e-02,1.837801560759544373e-02,1.871914416551589966e-02,1.877283863723278046e-02,1.864022575318813324e-02,1.853844895958900452e-02,1.872763782739639282e-02
1.834043301641941071e-02,1.978099159896373749e-02,1.979617401957511902e-02,2.079553157091140747e-02,2.112384326756000519e-02,2.050328999757766724e-02,2.085005864500999451e-02,2.020600065588951111e-02,1.915906555950641632e-02,2.093974500894546509e-02,2.365651912987232208e-02,2.424301393330097198e-02,2.388858422636985779e-02,2.297191880643367767e-02,2.473469264805316925e-02,2.384859137237071991e-02,2.337566576898097992e-02,2.229430153965950012e-02,2.376891486346721649e-02,2.465300261974334717e-02,2.570082247257232666e-02,2.378121018409729004e-02,2.378118410706520081e-02,2.232832275331020355e-02,2.233550138771533966e-02,2.142929844558238983e-02,2.511734329164028168e-02,2.225206047296524048e-02,2.334807813167572021e-02,2.235301211476325989e-02,2.220426313579082489e-02,2.068034559488296509e-02,2.056335099041461945e-02,2.217796631157398224e-02,2.167679928243160248e-02,2.045083604753017426e-02,2.212823182344436646e-02,2.032914012670516968e-02,2.012117765843868256e-02,2.206697501242160797e-02,2.158154174685478210e-02,2.083130367100238800e-02,1.875044405460357666e-02,1.820995472371578217e-02,1.872885599732398987e-02,1.864386908710002899e-02,1.858223415911197662e-02,1.857689023017883301e-02,1.860176026821136475e-02
1.848893426358699799e-02,1.977223344147205353e-02,1.986970752477645874e-02,2.078174427151679993e-02,2.089409157633781433e-02,2.028213255107402802e-02,2.083386480808258057e-02,2.024655230343341827e-02,1.915403082966804504e-02,2.091789618134498596e-02,2.352880872786045074e-02,2.388858422636985779e-02,2.276162989437580109e-02,2.188385091722011566e-02,2.350644022226333618e-02,2.271785214543342590e-02,2.226580679416656494e-02,2.109032869338989258e-02,2.263556234538555145e-02,2.334647998213768005e-02,2.422469295561313629e-02,2.264279872179031372e-02,2.261717431247234344e-02,2.116496860980987549e-02,2.139408700168132782e-02,2.049948647618293762e-02,2.386333793401718140e-02,2.130658552050590515e-02,2.228539437055587769e-02,2.117722667753696442e-02,2.125230431556701660e-02,1.973349414765834808e-02,1.946274377405643463e-02,2.122444473206996918e-02,2.073020301759243011e-02,1.943498104810714722e-02,2.117542922496795654e-02,1.947661861777305603e-02,1.912455447018146515e-02,2.111246995627880096e-02,2.060209959745407104e-02,1.985815167427062988e-02,1.822440885007381439e-02,1.770087331533432007e-02,1.795257441699504852e-02,1.811677590012550354e-02,1.797996833920478821e-02,1.780098117887973785e-02,1.807241141796112061e-02
1.773238368332386017e-02,1.900726184248924255e-02,1.911493577063083649e-02,1.995691098272800446e-02,2.001757919788360596e-02,1.937953382730484009e-02,2.000608667731285095e-02,1.945398189127445221e-02,1.842833869159221649e-02,2.008600905537605286e-02,2.264241501688957214e-02,2.297191880643367767e-02,2.188385091722011566e-02,2.194316871464252472e-02,2.356540784239768982e-02,2.275280654430389404e-02,2.227445878088474274e-02,2.105511911213397980e-02,2.266934141516685486e-02,2.341618761420249939e-02,2.428106032311916351e-02,2.267756685614585876e-02,2.268543466925621033e-02,2.122599631547927856e-02,2.146971225738525391e-02,2.054840698838233948e-02,2.393309213221073151e-02,2.138321287930011749e-02,2.236624993383884430e-02,2.121599949896335602e-02,2.133106812834739685e-02,1.983001083135604858e-02,1.947897672653198242e-02,2.130618877708911896e-02,2.084972336888313293e-02,1.949419826269149780e-02,2.125833183526992798e-02,1.954856887459754944e-02,1.916961744427680969e-02,2.119691483676433563e-02,2.067631483078002930e-02,1.990167610347270966e-02,1.834789291024208069e-02,1.783459447324275970e-02,1.799525320529937744e-02,1.824074797332286835e-02,1.810490153729915619e-02,1.786252483725547791e-02,1.819774881005287170e-02
1.898633502423763275e-02,2.038425579667091370e-02,2.047057822346687317e-02,2.141999825835227966e-02,2.157414704561233521e-02,2.092715725302696228e-02,2.147449739277362823e-02,2.090014703571796417e-02,1.982371322810649872e-02,2.156262099742889404e-02,2.427575737237930298e-02,2.473469264805316925e-02,2.350644022226333618e-02,2.356540784239768982e-02,2.378489822149276733e-02,2.297641523182392120e-02,2.246839739382266998e-02,2.121481113135814667e-02,2.289142832159996033e-02,2.361216954886913300e-02,2.451411262154579163e-02,2.289982885122299194e-02,2.290629781782627106e-02,2.142580226063728333e-02,2.172948792576789856e-02,2.079462446272373199e-02,2.410545945167541504e-02,2.164049074053764343e-02,2.261383086442947388e-02,2.140660211443901062e-02,2.158664353191852570e-02,2.007472887635231018e-02,1.966955326497554779e-02,2.156239189207553864e-02,2.111600711941719055e-02,1.973447017371654510e-02,2.151394449174404144e-02,1.980328746140003204e-02,1.935740001499652863e-02,2.145235426723957062e-02,2.092191204428672791e-02,2.011146396398544312e-02,1.858051121234893799e-02,1.806258037686347961e-02,1.817515119910240173e-02,1.847303286194801331e-02,1.833230815827846527e-02,1.806746982038021088e-02,1.843002252280712128e-02
1.845202036201953888e-02,1.973396353423595428e-02,1.983029022812843323e-02,2.074142731726169586e-02,2.085049077868461609e-02,2.023480273783206940e-02,2.079316973686218262e-02,2.020557783544063568e-02,1.911562308669090271e-02,2.087694965302944183e-02,2.348762378096580505e-02,2.384859137237071991e-02,2.271785214543342590e-02,2.275280654430389404e-02,2.297641523182392120e-02,2.273834124207496643e-02,2.228389307856559753e-02,2.110384590923786163e-02,2.265608869493007660e-02,2.337897755205631256e-02,2.425465732812881470e-02,2.266344241797924042e-02,2.263996191322803497e-02,2.118699625134468079e-02,2.141848206520080566e-02,2.052211575210094452e-02,2.389650605618953705e-02,2.133126743137836456e-02,2.231438644230365753e-02,2.119920775294303894e-02,2.127733640372753143e-02,1.976150274276733398e-02,1.948113739490509033e-02,2.124988473951816559e-02,2.075801789760589600e-02,1.945436187088489532e-02,2.120104059576988220e-02,1.950150541961193085e-02,1.914772391319274902e-02,2.113830298185348511e-02,2.062854915857315063e-02,1.987969875335693359e-02,1.824828051030635834e-02,1.772524602711200714e-02,1.796679943799972534e-02,1.814069040119647980e-02,1.800656691193580627e-02,1.781766116619110107e-02,1.809656247496604919e-02
1.813785918056964874e-02,1.941323652863502502e-02,1.955040916800498962e-02,2.038011327385902405e-02,2.045448310673236847e-02,1.982443779706954956e-02,2.043010108172893524e-02,1.980100199580192566e-02,1.872398331761360168e-02,2.051120065152645111e-02,2.310985885560512543e-02,2.337566576898097992e-02,2.226580679416656494e-02,2.227445878088474274e-02,2.246839739382266998e-02,2.228389307856559753e-02,2.191822789609432220e-02,2.078433521091938019e-02,2.230374515056610107e-02,2.302892878651618958e-02,2.394837141036987305e-02,2.231446653604507446e-02,2.233919687569141388e-02,2.098918892443180084e-02,2.113275602459907532e-02,2.025952190160751343e-02,2.353957295417785645e-02,2.105022221803665161e-02,2.199948765337467194e-02,2.097455970942974091e-02,2.100117877125740051e-02,1.959218084812164307e-02,1.933752559125423431e-02,2.097677439451217651e-02,2.055606059730052948e-02,1.933678425848484039e-02,2.092965506017208099e-02,1.928303577005863190e-02,1.897068880498409271e-02,2.087105065584182739e-02,2.038510888814926147e-02,1.968257687985897064e-02,1.805142126977443695e-02,1.757081598043441772e-02,1.782767847180366516e-02,1.795015670359134674e-02,1.784031279385089874e-02,1.769369095563888550e-02,1.790914312005043030e-02
1.717532798647880554e-02,1.838347129523754120e-02,1.847831718623638153e-02,1.934099942445755005e-02,1.940226368606090546e-02,1.878401823341846466e-02,1.938591338694095612e-02,1.876343600451946259e-02,1.772309280931949615e-02,1.946077682077884674e-02,2.195963636040687561e-02,2.229430153965950012e-02,2.109032869338989258e-02,2.105511911213397980e-02,2.121481113135814667e-02,2.110384590923786163e-02,2.078433521091938019e-02,2.135599032044410706e-02,2.286171354353427887e-02,2.364170365035533905e-02,2.454000711441040039e-02,2.287054061889648438e-02,2.284988015890121460e-02,2.139131352305412292e-02,2.162603102624416351e-02,2.071167901158332825e-02,2.412246726453304291e-02,2.154015749692916870e-02,2.253788337111473083e-02,2.143864519894123077e-02,2.148806117475032806e-02,1.997772790491580963e-02,1.969551853835582733e-02,2.146342396736145020e-02,2.097078226506710052e-02,1.967505924403667450e-02,2.141477726399898529e-02,1.969930157065391541e-02,1.937382109463214874e-02,2.135312370955944061e-02,2.086149156093597412e-02,2.011562138795852661e-02,1.841310039162635803e-02,1.789862476289272308e-02,1.817445270717144012e-02,1.830759458243846893e-02,1.819668523967266083e-02,1.803462766110897064e-02,1.826480403542518616e-02
1.838194578886032104e-02,1.966108009219169617e-02,1.975520700216293335e-02,2.066590823233127594e-02,2.077396959066390991e-02,2.015716023743152618e-02,2.071729488670825958e-02,2.013238705694675446e-02,1.904669217765331268e-02,2.080068923532962799e-02,2.340533025562763214e-02,2.376891486346721649e-02,2.263556234538555145e-02,2.266934141516685486e-02,2.289142832159996033e-02,2.265608869493007660e-02,2.230374515056610107e-02,2.286171354353427887e-02,2.268863283097743988e-02,2.341504767537117004e-02,2.428894117474555969e-02,2.269600518047809601e-02,2.267279103398323059e-02,2.121769450604915619e-02,2.145203948020935059e-02,2.055414207279682159e-02,2.393349260091781616e-02,2.136481367051601410e-02,2.234945446252822876e-02,2.123009413480758667e-02,2.131091803312301636e-02,1.979395560920238495e-02,1.950882188975811005e-02,2.128358371555805206e-02,2.079171501100063324e-02,1.948297210037708282e-02,2.123475074768066406e-02,1.953331008553504944e-02,1.917743124067783356e-02,2.117203176021575928e-02,2.066153660416603088e-02,1.990943402051925659e-02,1.828097738325595856e-02,1.775756292045116425e-02,1.799435168504714966e-02,1.817326806485652924e-02,1.803922466933727264e-02,1.784566231071949005e-02,1.812915876507759094e-02
1.869823038578033447e-02,2.015660703182220459e-02,2.025137282907962799e-02,2.120113000273704529e-02,2.147600799798965454e-02,2.092766761779785156e-02,2.126021683216094971e-02,2.072754316031932831e-02,1.972607523202896118e-02,2.135425806045532227e-02,2.406625449657440186e-02,2.465300261974334717e-02,2.334647998213768005e-02,2.341618761420249939e-02,2.361216954886913300e-02,2.337897755205631256e-02,2.302892878651618958e-02,2.364170365035533905e-02,2.341504767537117004e-02,2.210049331188201904e-02,2.285331301391124725e-02,2.130005881190299988e-02,2.124612964689731598e-02,1.984225027263164520e-02,2.014049142599105835e-02,1.930483989417552948e-02,2.254916913807392120e-02,2.006194368004798889e-02,2.103856764733791351e-02,1.989268884062767029e-02,2.001352421939373016e-02,1.860777661204338074e-02,1.822317577898502350e-02,1.999074779450893402e-02,1.951826922595500946e-02,1.818322017788887024e-02,1.994669064879417419e-02,1.836603879928588867e-02,1.800590194761753082e-02,1.988932117819786072e-02,1.944420672953128815e-02,1.866028457880020142e-02,1.714272238314151764e-02,1.663574203848838806e-02,1.675481721758842468e-02,1.704144850373268127e-02,1.695604436099529266e-02,1.665800064802169800e-02,1.700237393379211426e-02
1.942519657313823700e-02,2.095072157680988312e-02,2.102894335985183716e-02,2.205092646181583405e-02,2.232558652758598328e-02,2.178276889026165009e-02,2.211033925414085388e-02,2.160093002021312714e-02,2.056080475449562073e-02,2.220579050481319427e-02,2.496611885726451874e-02,2.570082247257232666e-02,2.422469295561313629e-02,2.428106032311916351e-02,2.451411262154579163e-02,2.425465732812881470e-02,2.394837141036987305e-02,2.454000711441040039e-02,2.428894117474555969e-02,2.285331301391124725e-02,2.110370434820652008e-02,1.956627890467643738e-02,1.951712928712368011e-02,1.822733692824840546e-02,1.845219917595386505e-02,1.768220216035842896e-02,2.075646258890628815e-02,1.838176324963569641e-02,1.933140680193901062e-02,1.828050985932350159e-02,1.833953335881233215e-02,1.706492155790328979e-02,1.672878302633762360e-02,1.831977441906929016e-02,1.788748428225517273e-02,1.666369847953319550e-02,1.827971823513507843e-02,1.682633347809314728e-02,1.652429439127445221e-02,1.822757534682750702e-02,1.783676818013191223e-02,1.711111329495906830e-02,1.557802781462669373e-02,1.511838473379611969e-02,1.527403667569160461e-02,1.548643968999385834e-02,1.544056553393602371e-02,1.519650314003229141e-02,1.545164827257394791e-02
1.838452182710170746e-02,1.966574229300022125e-02,1.975891180336475372e-02,2.067187614738941193e-02,2.078003250062465668e-02,2.016141451895236969e-02,2.072319015860557556e-02,2.013876102864742279e-02,1.905467733740806580e-02,2.080658636987209320e-02,2.341313287615776062e-02,2.378121018409729004e-02,2.264279872179031372e-02,2.267756685614585876e-02,2.289982885122299194e-02,2.266344241797924042e-02,2.231446653604507446e-02,2.287054061889648438e-02,2.269600518047809601e-02,2.130005881190299988e-02,1.956627890467643738e-02,2.266499213874340057e-02,2.264160104095935822e-02,2.118739858269691467e-02,2.142326161265373230e-02,2.052639052271842957e-02,2.390786074101924896e-02,2.133642509579658508e-02,2.232334762811660767e-02,2.120159566402435303e-02,2.128281071782112122e-02,1.977033540606498718e-02,1.948017627000808716e-02,2.125571295619010925e-02,2.076540701091289520e-02,1.945355162024497986e-02,2.120708301663398743e-02,1.950882934033870697e-02,1.915346272289752960e-02,2.114455588161945343e-02,2.063683792948722839e-02,1.988260075449943542e-02,1.825291849672794342e-02,1.773004978895187378e-02,1.796066202223300934e-02,1.814539358019828796e-02,1.801426149904727936e-02,1.781481131911277771e-02,1.810150966048240662e-02
1.832067593932151794e-02,1.962785609066486359e-02,1.971136592328548431e-02,2.063301391899585724e-02,2.073794975876808167e-02,2.008747309446334839e-02,2.068216726183891296e-02,2.007863298058509827e-02,1.901835761964321136e-02,2.076485753059387207e-02,2.339234948158264160e-02,2.378118410706520081e-02,2.261717431247234344e-02,2.268543466925621033e-02,2.290629781782627106e-02,2.263996191322803497e-02,2.233919687569141388e-02,2.284988015890121460e-02,2.267279103398323059e-02,2.124612964689731598e-02,1.951712928712368011e-02,2.264160104095935822e-02,2.214526571333408356e-02,2.076183818280696869e-02,2.102386392652988434e-02,2.014018781483173370e-02,2.335223741829395294e-02,2.093987911939620972e-02,2.185869030654430389e-02,2.078590542078018188e-02,2.088817767798900604e-02,1.944096945226192474e-02,1.913918368518352509e-02,2.086394280195236206e-02,2.039941400289535522e-02,1.914211548864841461e-02,2.081708051264286041e-02,1.919247210025787354e-02,1.883786171674728394e-02,2.075812406837940216e-02,2.026755921542644501e-02,1.955286972224712372e-02,1.804206147789955139e-02,1.757072471082210541e-02,1.776801422238349915e-02,1.794083788990974426e-02,1.780433766543865204e-02,1.760979555547237396e-02,1.789875514805316925e-02
1.712804846465587616e-02,1.837033033370971680e-02,1.843030191957950592e-02,1.930500380694866180e-02,1.934827305376529694e-02,1.867359317839145660e-02,1.934772916138172150e-02,1.879416406154632568e-02,1.778274029493331909e-02,1.942339353263378143e-02,2.191368490457534790e-02,2.232832275331020355e-02,2.116496860980987549e-02,2.122599631547927856e-02,2.142580226063728333e-02,2.118699625134468079e-02,2.098918892443180084e-02,2.139131352305412292e-02,2.121769450604915619e-02,1.984225027263164520e-02,1.822733692824840546e-02,2.118739858269691467e-02,2.076183818280696869e-02,2.150376141071319580e-02,2.173137664794921875e-02,2.081610076129436493e-02,2.420252934098243713e-02,2.164589799940586090e-02,2.263576537370681763e-02,2.152509242296218872e-02,2.159427665174007416e-02,2.009328827261924744e-02,1.979726739227771759e-02,2.157052792608737946e-02,2.108324691653251648e-02,1.976997219026088715e-02,2.152285911142826080e-02,1.982734352350234985e-02,1.949033513665199280e-02,2.146196365356445312e-02,2.096397057175636292e-02,2.019766159355640411e-02,1.858178712427616119e-02,1.808641850948333740e-02,1.831947267055511475e-02,1.847642660140991211e-02,1.836650446057319641e-02,1.816692017018795013e-02,1.843433268368244171e-02
1.736308448016643524e-02,1.860513165593147278e-02,1.873487606644630432e-02,1.949522085487842560e-02,1.951081305742263794e-02,1.885439082980155945e-02,1.954162307083606720e-02,1.897454634308815002e-02,1.794720441102981567e-02,1.961907744407653809e-02,2.212880738079547882e-02,2.233550138771533966e-02,2.139408700168132782e-02,2.146971225738525391e-02,2.172948792576789856e-02,2.141848206520080566e-02,2.113275602459907532e-02,2.162603102624416351e-02,2.145203948020935059e-02,2.014049142599105835e-02,1.845219917595386505e-02,2.142326161265373230e-02,2.102386392652988434e-02,2.173137664794921875e-02,2.130380086600780487e-02,2.042373456060886383e-02,2.369298785924911499e-02,2.121884748339653015e-02,2.217340283095836639e-02,2.102541178464889526e-02,2.116749063134193420e-02,1.971561275422573090e-02,1.933990418910980225e-02,2.114401757717132568e-02,2.069773897528648376e-02,1.935850270092487335e-02,2.109706401824951172e-02,1.943301409482955933e-02,1.904732361435890198e-02,2.103765495121479034e-02,2.053472958505153656e-02,1.972600072622299194e-02,1.831884682178497314e-02,1.783364452421665192e-02,1.791418902575969696e-02,1.821318455040454865e-02,1.809635385870933533e-02,1.780091226100921631e-02,1.817158609628677368e-02
1.664162240922451019e-02,1.781014353036880493e-02,1.792710833251476288e-02,1.866625249385833740e-02,1.866780035197734833e-02,1.803753525018692017e-02,1.871040835976600647e-02,1.818435825407505035e-02,1.718120649456977844e-02,1.878472976386547089e-02,2.119984291493892670e-02,2.142929844558238983e-02,2.049948647618293762e-02,2.054840698838233948e-02,2.079462446272373199e-02,2.052211575210094452e-02,2.025952190160751343e-02,2.071167901158332825e-02,2.055414207279682159e-02,1.930483989417552948e-02,1.768220216035842896e-02,2.052639052271842957e-02,2.014018781483173370e-02,2.081610076129436493e-02,2.042373456060886383e-02,1.909740827977657318e-02,2.207663655281066895e-02,1.984852924942970276e-02,2.071593701839447021e-02,1.960386894643306732e-02,1.980325207114219666e-02,1.849608309566974640e-02,1.802943833172321320e-02,1.978622376918792725e-02,1.940845511853694916e-02,1.810787245631217957e-02,1.974448002874851227e-02,1.823399402201175690e-02,1.782602444291114807e-02,1.969254761934280396e-02,1.923892274498939514e-02,1.846696250140666962e-02,1.722716353833675385e-02,1.680593006312847137e-02,1.675217971205711365e-02,1.713221706449985504e-02,1.703645288944244385e-02,1.666997373104095459e-02,1.709571667015552521e-02
1.912324316799640656e-02,2.061257697641849518e-02,2.066677995026111603e-02,2.163225412368774414e-02,2.191182225942611694e-02,2.132009342312812805e-02,2.169092744588851929e-02,2.111712656915187836e-02,2.004894614219665527e-02,2.178554050624370575e-02,2.453446947038173676e-02,2.511734329164028168e-02,2.386333793401718140e-02,2.393309213221073151e-02,2.410545945167541504e-02,2.389650605618953705e-02,2.353957295417785645e-02,2.412246726453304291e-02,2.393349260091781616e-02,2.254916913807392120e-02,2.075646258890628815e-02,2.390786074101924896e-02,2.335223741829395294e-02,2.420252934098243713e-02,2.369298785924911499e-02,2.207663655281066895e-02,2.111164294183254242e-02,1.894770935177803040e-02,1.981370151042938232e-02,1.869903318583965302e-02,1.890401542186737061e-02,1.762166060507297516e-02,1.716386713087558746e-02,1.888826489448547363e-02,1.850066520273685455e-02,1.722350716590881348e-02,1.884785667061805725e-02,1.738235540688037872e-02,1.699148304760456085e-02,1.879744976758956909e-02,1.836616732180118561e-02,1.759724132716655731e-02,1.634955219924449921e-02,1.592964306473731995e-02,1.589412800967693329e-02,1.625645905733108521e-02,1.618093438446521759e-02,1.582308113574981689e-02,1.622130349278450012e-02
1.728257536888122559e-02,1.852392405271530151e-02,1.865152269601821899e-02,1.941146329045295715e-02,1.942947506904602051e-02,1.877343840897083282e-02,1.945772394537925720e-02,1.889370381832122803e-02,1.787389628589153290e-02,1.953493990004062653e-02,2.203854359686374664e-02,2.225206047296524048e-02,2.130658552050590515e-02,2.138321287930011749e-02,2.164049074053764343e-02,2.133126743137836456e-02,2.105022221803665161e-02,2.154015749692916870e-02,2.136481367051601410e-02,2.006194368004798889e-02,1.838176324963569641e-02,2.133642509579658508e-02,2.093987911939620972e-02,2.164589799940586090e-02,2.121884748339653015e-02,1.984852924942970276e-02,1.894770935177803040e-02,2.113400958478450775e-02,2.208459936082363129e-02,2.094066888093948364e-02,2.108304388821125031e-02,1.964098587632179260e-02,1.926256902515888214e-02,2.105991356074810028e-02,2.061782218515872955e-02,1.928320154547691345e-02,2.101328223943710327e-02,1.935868151485919952e-02,1.897471211850643158e-02,2.095434069633483887e-02,2.045475505292415619e-02,1.964915916323661804e-02,1.824845373630523682e-02,1.776720397174358368e-02,1.784140430390834808e-02,1.814341172575950623e-02,1.802881807088851929e-02,1.773018203675746918e-02,1.810214482247829437e-02
1.797447167336940765e-02,1.934021338820457458e-02,1.943262852728366852e-02,2.026729844510555267e-02,2.039778605103492737e-02,1.977823302149772644e-02,2.032039314508438110e-02,1.977179385721683502e-02,1.874704286456108093e-02,2.040496841073036194e-02,2.299010939896106720e-02,2.334807813167572021e-02,2.228539437055587769e-02,2.236624993383884430e-02,2.261383086442947388e-02,2.231438644230365753e-02,2.199948765337467194e-02,2.253788337111473083e-02,2.234945446252822876e-02,2.103856764733791351e-02,1.933140680193901062e-02,2.232334762811660767e-02,2.185869030654430389e-02,2.263576537370681763e-02,2.217340283095836639e-02,2.071593701839447021e-02,1.981370151042938232e-02,2.208459936082363129e-02,2.222550846636295319e-02,2.106793038547039032e-02,2.123689092695713043e-02,1.981660351157188416e-02,1.940743066370487213e-02,2.121681533753871918e-02,2.079949900507926941e-02,1.945637911558151245e-02,2.117126621305942535e-02,1.953286863863468170e-02,1.915222592651844025e-02,2.111548371613025665e-02,2.062025479972362518e-02,1.981465518474578857e-02,1.842890866100788116e-02,1.797562278807163239e-02,1.800334639847278595e-02,1.832670345902442932e-02,1.821670681238174438e-02,1.790006086230278015e-02,1.828707940876483917e-02
1.710756868124008179e-02,1.841936632990837097e-02,1.844272762537002563e-02,1.931532099843025208e-02,1.941498927772045135e-02,1.875339448451995850e-02,1.936084777116775513e-02,1.881052926182746887e-02,1.780759543180465698e-02,1.943701319396495819e-02,2.190890721976757050e-02,2.235301211476325989e-02,2.117722667753696442e-02,2.121599949896335602e-02,2.140660211443901062e-02,2.119920775294303894e-02,2.097455970942974091e-02,2.143864519894123077e-02,2.123009413480758667e-02,1.989268884062767029e-02,1.828050985932350159e-02,2.120159566402435303e-02,2.078590542078018188e-02,2.152509242296218872e-02,2.102541178464889526e-02,1.960386894643306732e-02,1.869903318583965302e-02,2.094066888093948364e-02,2.106793038547039032e-02,2.027042955160140991e-02,2.044011466205120087e-02,1.901187188923358917e-02,1.859657838940620422e-02,2.042067050933837891e-02,1.996173895895481110e-02,1.858957484364509583e-02,2.037683688104152679e-02,1.876218430697917938e-02,1.838715560734272003e-02,2.032127976417541504e-02,1.984547264873981476e-02,1.901801861822605133e-02,1.757651008665561676e-02,1.708603464066982269e-02,1.714122667908668518e-02,1.747401431202888489e-02,1.738106459379196167e-02,1.704069972038269043e-02,1.743541471660137177e-02
1.722928136587142944e-02,1.847092248499393463e-02,1.859553903341293335e-02,1.935793459415435791e-02,1.937914267182350159e-02,1.872322522103786469e-02,1.940407603979110718e-02,1.884254999458789825e-02,1.782897487282752991e-02,1.948115974664688110e-02,2.198197506368160248e-02,2.220426313579082489e-02,2.125230431556701660e-02,2.133106812834739685e-02,2.158664353191852570e-02,2.127733640372753143e-02,2.100117877125740051e-02,2.148806117475032806e-02,2.131091803312301636e-02,2.001352421939373016e-02,1.833953335881233215e-02,2.128281071782112122e-02,2.088817767798900604e-02,2.159427665174007416e-02,2.116749063134193420e-02,1.980325207114219666e-02,1.890401542186737061e-02,2.108304388821125031e-02,2.123689092695713043e-02,2.044011466205120087e-02,2.097572200000286102e-02,1.954325661063194275e-02,1.916334591805934906e-02,2.095288038253784180e-02,2.051462419331073761e-02,1.918455213308334351e-02,2.090657502412796021e-02,1.926162466406822205e-02,1.887946762144565582e-02,2.084809355437755585e-02,2.035230025649070740e-02,1.954992301762104034e-02,1.815483905375003815e-02,1.767686195671558380e-02,1.774690672755241394e-02,1.805041916668415070e-02,1.793798431754112244e-02,1.763734407722949982e-02,1.800947636365890503e-02
1.591839455068111420e-02,1.710937172174453735e-02,1.721270568668842316e-02,1.793400570750236511e-02,1.794848404824733734e-02,1.730435155332088470e-02,1.797600649297237396e-02,1.748957112431526184e-02,1.657983846962451935e-02,1.804754324257373810e-02,2.041372098028659821e-02,2.068034559488296509e-02,1.973349414765834808e-02,1.983001083135604858e-02,2.007472887635231018e-02,1.976150274276733398e-02,1.959218084812164307e-02,1.997772790491580963e-02,1.979395560920238495e-02,1.860777661204338074e-02,1.706492155790328979e-02,1.977033540606498718e-02,1.944096945226192474e-02,2.009328827261924744e-02,1.971561275422573090e-02,1.849608309566974640e-02,1.762166060507297516e-02,1.964098587632179260e-02,1.981660351157188416e-02,1.901187188923358917e-02,1.954325661063194275e-02,1.888347603380680084e-02,1.854408346116542816e-02,2.019454538822174072e-02,1.979411393404006958e-02,1.851627975702285767e-02,2.015162631869316101e-02,1.854894496500492096e-02,1.824584230780601501e-02,2.009704522788524628e-02,1.963729970157146454e-02,1.886670105159282684e-02,1.743343099951744080e-02,1.697571203112602234e-02,1.704852096736431122e-02,1.733385026454925537e-02,1.726134866476058960e-02,1.694788783788681030e-02,1.729642972350120544e-02
