9.751734733581542969e-01,9.769404530525207520e-01,9.159101247787475586e-01,9.577629566192626953e-01,8.430996537208557129e-01,7.896913290023803711e-01,9.547288417816162109e-01,8.933472633361816406e-01,8.630974292755126953e-01,9.524329900741577148e-01,8.688228726387023926e-01,8.165610432624816895e-01,9.029272198677062988e-01,8.280502557754516602e-01,8.320162296295166016e-01,8.973875641822814941e-01,8.662351369857788086e-01,7.890452146530151367e-01,8.922098278999328613e-01,8.197119235992431641e-01,7.823562622070312500e-01,8.890208601951599121e-01,8.434446454048156738e-01,7.361435890197753906e-01,8.085477352142333984e-01,7.708135843276977539e-01,7.422151565551757812e-01,8.011918663978576660e-01,7.783079743385314941e-01,7.109312415122985840e-01,7.941657304763793945e-01,6.954140663146972656e-01,6.849196553230285645e-01,7.897455692291259766e-01,7.280216217041015625e-01,6.842305660247802734e-01,7.879559397697448730e-01,6.923397779464721680e-01,6.379565000534057617e-01,7.845546007156372070e-01,7.421609759330749512e-01,7.010009884834289551e-01,6.842706203460693359e-01,6.273527145385742188e-01,6.223410964012145996e-01,6.783452630043029785e-01,6.246137619018554688e-01,6.009145379066467285e-01,6.744644045829772949e-01
9.769404530525207520e-01,9.606854319572448730e-01,9.471943378448486328e-01,9.665382504463195801e-01,8.985713720321655273e-01,8.694129586219787598e-01,9.657537341117858887e-01,9.318624138832092285e-01,8.940703868865966797e-01,9.660288095474243164e-01,9.366468191146850586e-01,9.113706350326538086e-01,9.315280318260192871e-01,8.800601363182067871e-01,8.954038619995117188e-01,9.288497567176818848e-01,9.027743339538574219e-01,8.465054035186767578e-01,9.257736206054687500e-01,8.940047025680541992e-01,8.623272776603698730e-01,9.243012070655822754e-01,9.013744592666625977e-01,8.208274245262145996e-01,8.676058053970336914e-01,8.391717076301574707e-01,8.386041522026062012e-01,8.629696965217590332e-01,8.511704206466674805e-01,8.021280765533447266e-01,8.586583137512207031e-01,7.889583110809326172e-01,7.796214222908020020e-01,8.559419512748718262e-01,8.125278353691101074e-01,7.728863954544067383e-01,8.549527525901794434e-01,7.710634469985961914e-01,7.340060472488403320e-01,8.528501987457275391e-01,8.210228681564331055e-01,7.831035256385803223e-01,7.549742460250854492e-01,7.105860114097595215e-01,7.073507308959960938e-01,7.506240010261535645e-01,7.111626267433166504e-01,6.934893131256103516e-01,7.478781938552856445e-01
9.159101247787475586e-01,9.471943378448486328e-01,9.429581761360168457e-01,9.353090524673461914e-01,9.344202280044555664e-01,9.304907917976379395e-01,9.380816221237182617e-01,9.437124133110046387e-01,9.009838700294494629e-01,9.414448142051696777e-01,9.655400514602661133e-01,9.555215239524841309e-01,9.371050000190734863e-01,9.213067293167114258e-01,9.426872134208679199e-01,9.380108118057250977e-01,9.208723306655883789e-01,8.956549167633056641e-01,9.377803802490234375e-01,9.401391744613647461e-01,9.248093962669372559e-01,9.382768869400024414e-01,9.414462447166442871e-01,9.038733243942260742e-01,9.147573113441467285e-01,9.019349813461303711e-01,9.127354621887207031e-01,9.132515788078308105e-01,9.122017025947570801e-01,8.882334232330322266e-01,9.120184779167175293e-01,8.778602480888366699e-01,8.733729720115661621e-01,9.110863208770751953e-01,8.890928030014038086e-01,8.631682395935058594e-01,9.108351469039916992e-01,8.532027006149291992e-01,8.364915251731872559e-01,9.100524783134460449e-01,8.929468393325805664e-01,8.658300638198852539e-01,8.213075399398803711e-01,7.946779131889343262e-01,7.945123314857482910e-01,8.188660144805908203e-01,7.985799312591552734e-01,7.910954356193542480e-01,8.174313902854919434e-01
9.577629566192626953e-01,9.665382504463195801e-01,9.353090524673461914e-01,9.753306508064270020e-01,8.976955413818359375e-01,8.600505590438842773e-01,9.748011827468872070e-01,9.312287569046020508e-01,8.957154154777526855e-01,9.744279384613037109e-01,9.302501678466796875e-01,8.928718566894531250e-01,9.411399364471435547e-01,8.882902860641479492e-01,8.981021046638488770e-01,9.380400776863098145e-01,9.155372381210327148e-01,8.603903651237487793e-01,9.345884323120117188e-01,8.938684463500976562e-01,8.633077144622802734e-01,9.327394962310791016e-01,9.032437801361083984e-01,8.200600743293762207e-01,8.722946047782897949e-01,8.423187732696533203e-01,8.288245797157287598e-01,8.671084046363830566e-01,8.517702817916870117e-01,7.992576360702514648e-01,8.620446920394897461e-01,7.846682071685791016e-01,7.765360474586486816e-01,8.589174151420593262e-01,8.079822063446044922e-01,7.701117992401123047e-01,8.576744198799133301e-01,7.764862775802612305e-01,7.365312576293945312e-01,8.551690578460693359e-01,8.250738978385925293e-01,7.893000841140747070e-01,7.566750049591064453e-01,7.102006077766418457e-01,7.074387073516845703e-01,7.519947886466979980e-01,7.099671363830566406e-01,6.904469728469848633e-01,7.489446401596069336e-01
8.430996537208557129e-01,8.985713720321655273e-01,9.344202280044555664e-01,8.976955413818359375e-01,9.510035514831542969e-01,9.579219222068786621e-01,8.917756676673889160e-01,9.317597150802612305e-01,9.014805555343627930e-01,8.964631557464599609e-01,9.568331837654113770e-01,9.570124745368957520e-01,9.357818365097045898e-01,9.590373635292053223e-01,9.674180746078491211e-01,9.398696422576904297e-01,9.525927305221557617e-01,9.645373821258544922e-01,9.424242973327636719e-01,9.705632925033569336e-01,9.607217311859130859e-01,9.442114233970642090e-01,9.612563252449035645e-01,9.601280689239501953e-01,9.543903470039367676e-01,9.557931423187255859e-01,9.514324069023132324e-01,9.556686282157897949e-01,9.584951400756835938e-01,9.470306038856506348e-01,9.564960002899169922e-01,9.444008469581604004e-01,9.368075728416442871e-01,9.569115638732910156e-01,9.384054541587829590e-01,9.243851900100708008e-01,9.571809768676757812e-01,9.393051862716674805e-01,9.333630800247192383e-01,9.571944475173950195e-01,9.609683752059936523e-01,9.439386725425720215e-01,8.874081373214721680e-01,8.779398798942565918e-01,8.743768334388732910e-01,8.866298198699951172e-01,8.815999627113342285e-01,8.724283576011657715e-01,8.860911130905151367e-01
7.896913290023803711e-01,8.694129586219787598e-01,9.304907917976379395e-01,8.600505590438842773e-01,9.579219222068786621e-01,9.670785069465637207e-01,9.198807477951049805e-01,9.522586464881896973e-01,9.233993887901306152e-01,9.235956072807312012e-01,9.709585309028625488e-01,9.681199193000793457e-01,9.530928134918212891e-01,9.637523293495178223e-01,9.747541546821594238e-01,9.562267065048217773e-01,9.611756801605224609e-01,9.673527479171752930e-01,9.581098556518554688e-01,9.761635661125183105e-01,9.663846492767333984e-01,9.594336748123168945e-01,9.716192483901977539e-01,9.629616141319274902e-01,9.601511359214782715e-01,9.590871930122375488e-01,9.546896219253540039e-01,9.605331420898437500e-01,9.619609713554382324e-01,9.488543272018432617e-01,9.606543779373168945e-01,9.396969676017761230e-01,9.371731281280517578e-01,9.604740738868713379e-01,9.362709522247314453e-01,9.230560660362243652e-01,9.605593681335449219e-01,9.345503449440002441e-01,9.267508983612060547e-01,9.602959156036376953e-01,9.572939872741699219e-01,9.412278532981872559e-01,8.810227513313293457e-01,8.665395975112915039e-01,8.671293854713439941e-01,8.797279596328735352e-01,8.693001270294189453e-01,8.637363314628601074e-01,8.788683414459228516e-01
9.547288417816162109e-01,9.657537341117858887e-01,9.380816221237182617e-01,9.748011827468872070e-01,8.917756676673889160e-01,9.198807477951049805e-01,9.743676185607910156e-01,9.325541853904724121e-01,8.962609767913818359e-01,9.741851091384887695e-01,9.343413710594177246e-01,8.988937139511108398e-01,9.421555995941162109e-01,8.911527395248413086e-01,9.018116593360900879e-01,9.392941594123840332e-01,9.170454144477844238e-01,8.635351657867431641e-01,9.360072016716003418e-01,8.992008566856384277e-01,8.686218857765197754e-01,9.342989921569824219e-01,9.066283702850341797e-01,8.256223797798156738e-01,8.757970333099365234e-01,8.465850353240966797e-01,8.353561162948608398e-01,8.708393573760986328e-01,8.566436767578125000e-01,8.051055669784545898e-01,8.659958243370056152e-01,7.907506227493286133e-01,7.826206684112548828e-01,8.630177378654479980e-01,8.134283423423767090e-01,7.755563259124755859e-01,8.618475794792175293e-01,7.815014719963073730e-01,7.427872419357299805e-01,8.594557642936706543e-01,8.303477168083190918e-01,7.945443987846374512e-01,7.614347338676452637e-01,7.158719301223754883e-01,7.129467725753784180e-01,7.568860054016113281e-01,7.160889506340026855e-01,6.966260075569152832e-01,7.539265751838684082e-01
8.933472633361816406e-01,9.318624138832092285e-01,9.437124133110046387e-01,9.312287569046020508e-01,9.317597150802612305e-01,9.522586464881896973e-01,9.325541853904724121e-01,9.140236377716064453e-01,8.723151683807373047e-01,8.968464136123657227e-01,9.564118385314941406e-01,9.610401988029479980e-01,9.156731963157653809e-01,9.249275326728820801e-01,9.426602125167846680e-01,9.190514683723449707e-01,9.183887839317321777e-01,9.165561199188232422e-01,9.206358194351196289e-01,9.604693651199340820e-01,9.411987066268920898e-01,9.222686886787414551e-01,9.377244710922241211e-01,9.277275800704956055e-01,9.240989685058593750e-01,9.211584329605102539e-01,9.392979145050048828e-01,9.250363707542419434e-01,9.345537424087524414e-01,9.166399240493774414e-01,9.256862401962280273e-01,9.101703763008117676e-01,9.025643467903137207e-01,9.260350465774536133e-01,9.079157710075378418e-01,8.827218413352966309e-01,9.264481663703918457e-01,8.910765051841735840e-01,8.847152590751647949e-01,9.265260696411132812e-01,9.265988469123840332e-01,9.017986059188842773e-01,8.522440195083618164e-01,8.362787961959838867e-01,8.313683271408081055e-01,8.511278629302978516e-01,8.435142636299133301e-01,8.306685090065002441e-01,8.504412174224853516e-01
8.630974292755126953e-01,8.940703868865966797e-01,9.009838700294494629e-01,8.957154154777526855e-01,9.014805555343627930e-01,9.233993887901306152e-01,8.962609767913818359e-01,8.723151683807373047e-01,8.852835297584533691e-01,9.170725941658020020e-01,9.709993600845336914e-01,9.609414935111999512e-01,9.344702959060668945e-01,9.403492808341979980e-01,9.583554267883300781e-01,9.374402165412902832e-01,9.238028526306152344e-01,9.221754670143127441e-01,9.388663172721862793e-01,9.641523957252502441e-01,9.593448638916015625e-01,9.404591917991638184e-01,9.544924497604370117e-01,9.457470178604125977e-01,9.409891963005065918e-01,9.376301169395446777e-01,9.497760534286499023e-01,9.412878751754760742e-01,9.477965831756591797e-01,9.337790012359619141e-01,9.414208531379699707e-01,9.232826828956604004e-01,9.230224490165710449e-01,9.414033293724060059e-01,9.263026118278503418e-01,9.086922407150268555e-01,9.416249394416809082e-01,9.048905372619628906e-01,8.973059058189392090e-01,9.416624903678894043e-01,9.377176761627197266e-01,9.177726507186889648e-01,8.607332110404968262e-01,8.444414138793945312e-01,8.446930050849914551e-01,8.594800829887390137e-01,8.486003279685974121e-01,8.431032896041870117e-01,8.586750030517578125e-01
9.524329900741577148e-01,9.660288095474243164e-01,9.414448142051696777e-01,9.744279384613037109e-01,8.964631557464599609e-01,9.235956072807312012e-01,9.741851091384887695e-01,8.968464136123657227e-01,9.170725941658020020e-01,9.750508666038513184e-01,9.392664432525634766e-01,9.049664139747619629e-01,9.454197287559509277e-01,8.969794511795043945e-01,9.078102707862854004e-01,9.428240656852722168e-01,9.212793111801147461e-01,8.699017167091369629e-01,9.397499561309814453e-01,9.058036804199218750e-01,8.761305212974548340e-01,9.381831288337707520e-01,9.122713804244995117e-01,8.341663479804992676e-01,8.821882009506225586e-01,8.540703058242797852e-01,8.435656428337097168e-01,8.774569630622863770e-01,8.640678524971008301e-01,8.138964176177978516e-01,8.728242516517639160e-01,7.999461293220520020e-01,7.919003367424011230e-01,8.699750900268554688e-01,8.216361403465270996e-01,7.844473123550415039e-01,8.688629269599914551e-01,7.904061079025268555e-01,7.528990507125854492e-01,8.665680289268493652e-01,8.385570049285888672e-01,8.032389879226684570e-01,7.691477537155151367e-01,7.247460484504699707e-01,7.218221426010131836e-01,7.647342681884765625e-01,7.251762747764587402e-01,7.061264514923095703e-01,7.618641257286071777e-01
8.688228726387023926e-01,9.366468191146850586e-01,9.655400514602661133e-01,9.302501678466796875e-01,9.568331837654113770e-01,9.709585309028625488e-01,9.343413710594177246e-01,9.564118385314941406e-01,9.709993600845336914e-01,9.392664432525634766e-01,9.610066413879394531e-01,9.351826906204223633e-01,9.497042298316955566e-01,9.223240613937377930e-01,9.370756149291992188e-01,9.493189454078674316e-01,9.319909214973449707e-01,8.963862061500549316e-01,9.478667378425598145e-01,9.363961815834045410e-01,9.166175127029418945e-01,9.475228786468505859e-01,9.375234842300415039e-01,8.812288045883178711e-01,9.103811979293823242e-01,8.906516432762145996e-01,8.866924643516540527e-01,9.074800014495849609e-01,9.001803994178771973e-01,8.620010018348693848e-01,9.046365022659301758e-01,8.520106673240661621e-01,8.449115157127380371e-01,9.029623866081237793e-01,8.676091432571411133e-01,8.352264761924743652e-01,9.023244380950927734e-01,8.351941108703613281e-01,8.072989583015441895e-01,9.008411169052124023e-01,8.808219432830810547e-01,8.493319153785705566e-01,8.092032074928283691e-01,7.741290926933288574e-01,7.713577151298522949e-01,8.059350848197937012e-01,7.768172025680541992e-01,7.616778612136840820e-01,8.038526773452758789e-01
8.165610432624816895e-01,9.113706350326538086e-01,9.555215239524841309e-01,8.928718566894531250e-01,9.570124745368957520e-01,9.681199193000793457e-01,8.988937139511108398e-01,9.610401988029479980e-01,9.609414935111999512e-01,9.049664139747619629e-01,9.351826906204223633e-01,9.373793005943298340e-01,9.160603880882263184e-01,8.960945010185241699e-01,9.200842380523681641e-01,9.167193174362182617e-01,9.007722139358520508e-01,8.760461807250976562e-01,9.159500002861022949e-01,9.294582009315490723e-01,9.065671563148498535e-01,9.162729978561401367e-01,9.152134060859680176e-01,8.718017339706420898e-01,8.880220651626586914e-01,8.720299601554870605e-01,8.898522853851318359e-01,8.864208459854125977e-01,8.883987069129943848e-01,8.573899865150451660e-01,8.847540020942687988e-01,8.430054187774658203e-01,8.392914533615112305e-01,8.838775157928466797e-01,8.549926280975341797e-01,8.228890895843505859e-01,8.836784362792968750e-01,8.190011382102966309e-01,8.015776276588439941e-01,8.828027844429016113e-01,8.708491921424865723e-01,8.410832285881042480e-01,7.950545549392700195e-01,7.649703025817871094e-01,7.633617520332336426e-01,7.924889326095581055e-01,7.717367410659790039e-01,7.568143010139465332e-01,7.908787727355957031e-01
9.029272198677062988e-01,9.315280318260192871e-01,9.371050000190734863e-01,9.411399364471435547e-01,9.357818365097045898e-01,9.530928134918212891e-01,9.421555995941162109e-01,9.156731963157653809e-01,9.344702959060668945e-01,9.454197287559509277e-01,9.497042298316955566e-01,9.160603880882263184e-01,9.357715845108032227e-01,9.032934308052062988e-01,9.165710210800170898e-01,9.351628422737121582e-01,9.222474694252014160e-01,8.834062814712524414e-01,9.335008859634399414e-01,9.377940297126770020e-01,8.993002772331237793e-01,9.330133795738220215e-01,9.206687211990356445e-01,8.581863641738891602e-01,8.926869630813598633e-01,8.709855675697326660e-01,8.788206577301025391e-01,8.900313973426818848e-01,8.873075842857360840e-01,8.397961854934692383e-01,8.872758150100708008e-01,8.314053416252136230e-01,8.181206583976745605e-01,8.856983780860900879e-01,8.451001644134521484e-01,8.032508492469787598e-01,8.852431178092956543e-01,8.170043826103210449e-01,7.880736589431762695e-01,8.838425278663635254e-01,8.665690422058105469e-01,8.277928233146667480e-01,7.937718629837036133e-01,7.565757632255554199e-01,7.484610676765441895e-01,7.904639244079589844e-01,7.618252038955688477e-01,7.376756668090820312e-01,7.883409857749938965e-01
8.280502557754516602e-01,8.800601363182067871e-01,9.213067293167114258e-01,8.882902860641479492e-01,9.590373635292053223e-01,9.637523293495178223e-01,8.911527395248413086e-01,9.249275326728820801e-01,9.403492808341979980e-01,8.969794511795043945e-01,9.223240613937377930e-01,8.960945010185241699e-01,9.032934308052062988e-01,8.922596573829650879e-01,9.067173004150390625e-01,9.115280508995056152e-01,9.096754789352416992e-01,8.864211440086364746e-01,9.110276699066162109e-01,9.431191086769104004e-01,8.991398811340332031e-01,9.113121628761291504e-01,9.079685211181640625e-01,8.610742688179016113e-01,8.835414648056030273e-01,8.678492903709411621e-01,8.893978595733642578e-01,8.826357126235961914e-01,8.879566192626953125e-01,8.470070362091064453e-01,8.813462853431701660e-01,8.383247256278991699e-01,8.242443799972534180e-01,8.807153105735778809e-01,8.441614508628845215e-01,8.032436966896057129e-01,8.807652592658996582e-01,8.249732255935668945e-01,8.063722848892211914e-01,8.800400495529174805e-01,8.738381266593933105e-01,8.369188904762268066e-01,7.956554293632507324e-01,7.658018469810485840e-01,7.562906146049499512e-01,7.932967543601989746e-01,7.741405963897705078e-01,7.484185099601745605e-01,7.917776703834533691e-01
8.320162296295166016e-01,8.954038619995117188e-01,9.426872134208679199e-01,8.981021046638488770e-01,9.674180746078491211e-01,9.747541546821594238e-01,9.018116593360900879e-01,9.426602125167846680e-01,9.583554267883300781e-01,9.078102707862854004e-01,9.370756149291992188e-01,9.200842380523681641e-01,9.165710210800170898e-01,9.067173004150390625e-01,8.901556730270385742e-01,8.814817070960998535e-01,8.765164017677307129e-01,8.611042499542236328e-01,8.813942670822143555e-01,9.266939163208007812e-01,8.890752196311950684e-01,8.821563124656677246e-01,8.865561485290527344e-01,8.508723974227905273e-01,8.602172136306762695e-01,8.479526638984680176e-01,8.844668865203857422e-01,8.600249290466308594e-01,8.704435229301452637e-01,8.410155177116394043e-01,8.595198988914489746e-01,8.265723586082458496e-01,8.207923769950866699e-01,8.593376874923706055e-01,8.296687006950378418e-01,7.947856783866882324e-01,8.596693277359008789e-01,8.040195107460021973e-01,7.959122657775878906e-01,8.594406247138977051e-01,8.558340072631835938e-01,8.242415189743041992e-01,7.751952409744262695e-01,7.495334148406982422e-01,7.459147572517395020e-01,7.733478546142578125e-01,7.597503066062927246e-01,7.409361004829406738e-01,7.721964120864868164e-01
8.973875641822814941e-01,9.288497567176818848e-01,9.380108118057250977e-01,9.380400776863098145e-01,9.398696422576904297e-01,9.562267065048217773e-01,9.392941594123840332e-01,9.190514683723449707e-01,9.374402165412902832e-01,9.428240656852722168e-01,9.493189454078674316e-01,9.167193174362182617e-01,9.351628422737121582e-01,9.115280508995056152e-01,8.814817070960998535e-01,9.349161386489868164e-01,9.226162433624267578e-01,8.855029344558715820e-01,9.334148764610290527e-01,9.404469132423400879e-01,9.023734331130981445e-01,9.330480098724365234e-01,9.222686886787414551e-01,8.619955778121948242e-01,8.946565985679626465e-01,8.738135099411010742e-01,8.826952576637268066e-01,8.922007083892822266e-01,8.902084827423095703e-01,8.438860774040222168e-01,8.896363377571105957e-01,8.358116149902343750e-01,8.226032257080078125e-01,8.881796598434448242e-01,8.487181663513183594e-01,8.073145747184753418e-01,8.877798318862915039e-01,8.208805322647094727e-01,7.930877208709716797e-01,8.864694237709045410e-01,8.701172471046447754e-01,8.316869735717773438e-01,7.970408201217651367e-01,7.608340978622436523e-01,7.527048587799072266e-01,7.938542962074279785e-01,7.663108110427856445e-01,7.424636483192443848e-01,7.918128371238708496e-01
8.662351369857788086e-01,9.027743339538574219e-01,9.208723306655883789e-01,9.155372381210327148e-01,9.525927305221557617e-01,9.611756801605224609e-01,9.170454144477844238e-01,9.183887839317321777e-01,9.238028526306152344e-01,9.212793111801147461e-01,9.319909214973449707e-01,9.007722139358520508e-01,9.222474694252014160e-01,9.096754789352416992e-01,8.765164017677307129e-01,9.226162433624267578e-01,8.103078603744506836e-01,7.977731823921203613e-01,8.099678158760070801e-01,8.890686035156250000e-01,8.384064435958862305e-01,8.113666176795959473e-01,8.247431516647338867e-01,7.962051033973693848e-01,7.979211807250976562e-01,7.889155745506286621e-01,8.426446914672851562e-01,7.990814447402954102e-01,8.176918029785156250e-01,7.864727973937988281e-01,7.999377846717834473e-01,7.802006006240844727e-01,7.672765254974365234e-01,8.007110357284545898e-01,7.773566842079162598e-01,7.349686622619628906e-01,8.015196919441223145e-01,7.515726685523986816e-01,7.488225102424621582e-01,8.019110560417175293e-01,8.041866421699523926e-01,7.674036622047424316e-01,7.282706499099731445e-01,7.063721418380737305e-01,6.969836950302124023e-01,7.271608114242553711e-01,7.216972708702087402e-01,6.967757344245910645e-01,7.265790700912475586e-01
7.890452146530151367e-01,8.465054035186767578e-01,8.956549167633056641e-01,8.603903651237487793e-01,9.645373821258544922e-01,9.673527479171752930e-01,8.635351657867431641e-01,9.165561199188232422e-01,9.221754670143127441e-01,8.699017167091369629e-01,8.963862061500549316e-01,8.760461807250976562e-01,8.834062814712524414e-01,8.864211440086364746e-01,8.611042499542236328e-01,8.855029344558715820e-01,7.977731823921203613e-01,7.218534946441650391e-01,7.195006012916564941e-01,8.135769963264465332e-01,7.607140541076660156e-01,7.208654284477233887e-01,7.323184013366699219e-01,7.088159918785095215e-01,7.071149349212646484e-01,6.970494985580444336e-01,7.672543525695800781e-01,7.087801694869995117e-01,7.309316396713256836e-01,7.064712643623352051e-01,7.098446488380432129e-01,6.929153203964233398e-01,6.869359016418457031e-01,7.109072804450988770e-01,6.865763664245605469e-01,6.474433541297912598e-01,7.119527459144592285e-01,6.633487939834594727e-01,6.722217798233032227e-01,7.125260829925537109e-01,7.218880057334899902e-01,6.911686062812805176e-01,6.450433135032653809e-01,6.244014501571655273e-01,6.204477548599243164e-01,6.442135572433471680e-01,6.433930993080139160e-01,6.203199625015258789e-01,6.437998414039611816e-01
8.922098278999328613e-01,9.257736206054687500e-01,9.377803802490234375e-01,9.345884323120117188e-01,9.424242973327636719e-01,9.581098556518554688e-01,9.360072016716003418e-01,9.206358194351196289e-01,9.388663172721862793e-01,9.397499561309814453e-01,9.478667378425598145e-01,9.159500002861022949e-01,9.335008859634399414e-01,9.110276699066162109e-01,8.813942670822143555e-01,9.334148764610290527e-01,8.099678158760070801e-01,7.195006012916564941e-01,9.333878755569458008e-01,9.442409873008728027e-01,9.068015217781066895e-01,9.331841468811035156e-01,9.244420528411865234e-01,8.674423098564147949e-01,8.975480794906616211e-01,8.779416084289550781e-01,8.881534337997436523e-01,8.953763246536254883e-01,8.944225311279296875e-01,8.498135805130004883e-01,8.930746912956237793e-01,8.420610427856445312e-01,8.290365338325500488e-01,8.917840719223022461e-01,8.537430763244628906e-01,8.131287097930908203e-01,8.914614915847778320e-01,8.267545104026794434e-01,8.006712794303894043e-01,8.902738094329833984e-01,8.753851652145385742e-01,8.376114368438720703e-01,8.017926812171936035e-01,7.670184373855590820e-01,7.589366436004638672e-01,7.987792491912841797e-01,7.728429436683654785e-01,7.494298815727233887e-01,7.968512177467346191e-01
8.197119235992431641e-01,8.940047025680541992e-01,9.401391744613647461e-01,8.938684463500976562e-01,9.705632925033569336e-01,9.761635661125183105e-01,8.992008566856384277e-01,9.604693651199340820e-01,9.641523957252502441e-01,9.058036804199218750e-01,9.363961815834045410e-01,9.294582009315490723e-01,9.377940297126770020e-01,9.431191086769104004e-01,9.266939163208007812e-01,9.404469132423400879e-01,8.890686035156250000e-01,8.135769963264465332e-01,9.442409873008728027e-01,9.667059779167175293e-01,9.512630701065063477e-01,9.217786788940429688e-01,9.436222910881042480e-01,9.358349442481994629e-01,9.278342723846435547e-01,9.262233972549438477e-01,9.422146081924438477e-01,9.291197657585144043e-01,9.386908411979675293e-01,9.195755720138549805e-01,9.302740097045898438e-01,9.216558933258056641e-01,9.102081656455993652e-01,9.310581088066101074e-01,9.209249615669250488e-01,8.946242928504943848e-01,9.315634965896606445e-01,8.989313840866088867e-01,8.900073766708374023e-01,9.319334626197814941e-01,9.317390918731689453e-01,9.048382043838500977e-01,8.597959280014038086e-01,8.465515375137329102e-01,8.389989137649536133e-01,8.590551018714904785e-01,8.542894721031188965e-01,8.409060835838317871e-01,8.586776852607727051e-01
7.823562622070312500e-01,8.623272776603698730e-01,9.248093962669372559e-01,8.633077144622802734e-01,9.607217311859130859e-01,9.663846492767333984e-01,8.686218857765197754e-01,9.411987066268920898e-01,9.593448638916015625e-01,8.761305212974548340e-01,9.166175127029418945e-01,9.065671563148498535e-01,8.993002772331237793e-01,8.991398811340332031e-01,8.890752196311950684e-01,9.023734331130981445e-01,8.384064435958862305e-01,7.607140541076660156e-01,9.068015217781066895e-01,9.512630701065063477e-01,9.387574195861816406e-01,8.621369004249572754e-01,9.051953554153442383e-01,9.367136955261230469e-01,8.948633670806884766e-01,9.073160290718078613e-01,9.339592456817626953e-01,8.985082507133483887e-01,9.162951111793518066e-01,9.245093464851379395e-01,9.021848440170288086e-01,9.271360039710998535e-01,9.252131581306457520e-01,9.043438434600830078e-01,9.172293543815612793e-01,9.090797901153564453e-01,9.053941369056701660e-01,8.960052132606506348e-01,9.062548279762268066e-01,9.069626331329345703e-01,9.153047204017639160e-01,9.026826024055480957e-01,8.416642546653747559e-01,8.451651930809020996e-01,8.457558155059814453e-01,8.426766991615295410e-01,8.536533713340759277e-01,8.580728769302368164e-01,8.435406088829040527e-01
8.890208601951599121e-01,9.243012070655822754e-01,9.382768869400024414e-01,9.327394962310791016e-01,9.442114233970642090e-01,9.594336748123168945e-01,9.342989921569824219e-01,9.222686886787414551e-01,9.404591917991638184e-01,9.381831288337707520e-01,9.475228786468505859e-01,9.162729978561401367e-01,9.330133795738220215e-01,9.113121628761291504e-01,8.821563124656677246e-01,9.330480098724365234e-01,8.113666176795959473e-01,7.208654284477233887e-01,9.331841468811035156e-01,9.217786788940429688e-01,8.621369004249572754e-01,9.352890849113464355e-01,9.273918271064758301e-01,8.718210458755493164e-01,9.009477496147155762e-01,8.818897008895874023e-01,8.916540145874023438e-01,8.988567590713500977e-01,8.979873061180114746e-01,8.542110323905944824e-01,8.966366052627563477e-01,8.467388749122619629e-01,8.338920474052429199e-01,8.953936696052551270e-01,8.581329584121704102e-01,8.181873559951782227e-01,8.950852751731872559e-01,8.313332796096801758e-01,8.056120872497558594e-01,8.939369320869445801e-01,8.793445229530334473e-01,8.420009613037109375e-01,8.057923316955566406e-01,7.716416120529174805e-01,7.636609077453613281e-01,8.028404712677001953e-01,7.773525714874267578e-01,7.544141411781311035e-01,8.009515404701232910e-01
8.434446454048156738e-01,9.013744592666625977e-01,9.414462447166442871e-01,9.032437801361083984e-01,9.612563252449035645e-01,9.716192483901977539e-01,9.066283702850341797e-01,9.377244710922241211e-01,9.544924497604370117e-01,9.122713804244995117e-01,9.375234842300415039e-01,9.152134060859680176e-01,9.206687211990356445e-01,9.079685211181640625e-01,8.865561485290527344e-01,9.222686886787414551e-01,8.247431516647338867e-01,7.323184013366699219e-01,9.244420528411865234e-01,9.436222910881042480e-01,9.051953554153442383e-01,9.273918271064758301e-01,9.188421368598937988e-01,8.686634302139282227e-01,8.938434123992919922e-01,8.755055069923400879e-01,8.864744901657104492e-01,8.920990824699401855e-01,8.931345343589782715e-01,8.507045507431030273e-01,8.901701569557189941e-01,8.442447185516357422e-01,8.315426111221313477e-01,8.891528844833374023e-01,8.540608286857604980e-01,8.149993419647216797e-01,8.889660239219665527e-01,8.281423449516296387e-01,8.047886490821838379e-01,8.879491686820983887e-01,8.758274316787719727e-01,8.395925760269165039e-01,8.026079535484313965e-01,7.699483633041381836e-01,7.621158361434936523e-01,7.998387217521667480e-01,7.770288586616516113e-01,7.545166611671447754e-01,7.980839014053344727e-01
7.361435890197753906e-01,8.208274245262145996e-01,9.038733243942260742e-01,8.200600743293762207e-01,9.601280689239501953e-01,9.629616141319274902e-01,8.256223797798156738e-01,9.277275800704956055e-01,9.457470178604125977e-01,8.341663479804992676e-01,8.812288045883178711e-01,8.718017339706420898e-01,8.581863641738891602e-01,8.610742688179016113e-01,8.508723974227905273e-01,8.619955778121948242e-01,7.962051033973693848e-01,7.088159918785095215e-01,8.674423098564147949e-01,9.358349442481994629e-01,9.367136955261230469e-01,8.718210458755493164e-01,8.686634302139282227e-01,8.628876209259033203e-01,8.724795579910278320e-01,8.592547178268432617e-01,8.905282616615295410e-01,8.721954822540283203e-01,8.806608319282531738e-01,8.512916564941406250e-01,8.717121481895446777e-01,8.419955968856811523e-01,8.349871635437011719e-01,8.716555237770080566e-01,8.471958637237548828e-01,8.138566017150878906e-01,8.719499111175537109e-01,8.164880275726318359e-01,8.069659471511840820e-01,8.717404007911682129e-01,8.661727905273437500e-01,8.359896540641784668e-01,7.966951131820678711e-01,7.705563306808471680e-01,7.660059928894042969e-01,7.948320508003234863e-01,7.808670401573181152e-01,7.638039588928222656e-01,7.937117815017700195e-01
8.085477352142333984e-01,8.676058053970336914e-01,9.147573113441467285e-01,8.722946047782897949e-01,9.543903470039367676e-01,9.601511359214782715e-01,8.757970333099365234e-01,9.240989685058593750e-01,9.409891963005065918e-01,8.821882009506225586e-01,9.103811979293823242e-01,8.880220651626586914e-01,8.926869630813598633e-01,8.835414648056030273e-01,8.602172136306762695e-01,8.946565985679626465e-01,7.979211807250976562e-01,7.071149349212646484e-01,8.975480794906616211e-01,9.278342723846435547e-01,8.948633670806884766e-01,9.009477496147155762e-01,8.938434123992919922e-01,8.724795579910278320e-01,9.311357140541076660e-01,9.219747185707092285e-01,9.354755282402038574e-01,9.314756393432617188e-01,9.373660683631896973e-01,9.074424505233764648e-01,9.314035773277282715e-01,9.061192274093627930e-01,8.918191790580749512e-01,9.315987229347229004e-01,9.085121154785156250e-01,8.758435249328613281e-01,9.319158196449279785e-01,8.924987912178039551e-01,8.769983649253845215e-01,9.317190647125244141e-01,9.298022985458374023e-01,9.024896621704101562e-01,8.764595389366149902e-01,8.551059961318969727e-01,8.436700105667114258e-01,8.749912977218627930e-01,8.625077605247497559e-01,8.392177820205688477e-01,8.740495443344116211e-01
7.708135843276977539e-01,8.391717076301574707e-01,9.019349813461303711e-01,8.423187732696533203e-01,9.557931423187255859e-01,9.590871930122375488e-01,8.465850353240966797e-01,9.211584329605102539e-01,9.376301169395446777e-01,8.540703058242797852e-01,8.906516432762145996e-01,8.720299601554870605e-01,8.709855675697326660e-01,8.678492903709411621e-01,8.479526638984680176e-01,8.738135099411010742e-01,7.889155745506286621e-01,6.970494985580444336e-01,8.779416084289550781e-01,9.262233972549438477e-01,9.073160290718078613e-01,8.818897008895874023e-01,8.755055069923400879e-01,8.592547178268432617e-01,9.219747185707092285e-01,9.139851927757263184e-01,9.359612464904785156e-01,9.149276614189147949e-01,9.295170307159423828e-01,9.140117764472961426e-01,9.170854687690734863e-01,9.181345105171203613e-01,9.027258753776550293e-01,9.187145233154296875e-01,9.086606502532958984e-01,8.834375143051147461e-01,9.196349382400512695e-01,9.063831567764282227e-01,9.041976332664489746e-01,9.204192161560058594e-01,9.328583478927612305e-01,9.129202961921691895e-01,8.809002637863159180e-01,8.739940524101257324e-01,8.619565963745117188e-01,8.810109496116638184e-01,8.840249776840209961e-01,8.632876873016357422e-01,8.811210989952087402e-01
7.422151565551757812e-01,8.386041522026062012e-01,9.127354621887207031e-01,8.288245797157287598e-01,9.514324069023132324e-01,9.546896219253540039e-01,8.353561162948608398e-01,9.392979145050048828e-01,9.497760534286499023e-01,8.435656428337097168e-01,8.866924643516540527e-01,8.898522853851318359e-01,8.788206577301025391e-01,8.893978595733642578e-01,8.844668865203857422e-01,8.826952576637268066e-01,8.426446914672851562e-01,7.672543525695800781e-01,8.881534337997436523e-01,9.422146081924438477e-01,9.339592456817626953e-01,8.916540145874023438e-01,8.864744901657104492e-01,8.905282616615295410e-01,9.354755282402038574e-01,9.359612464904785156e-01,9.252315759658813477e-01,8.818321228027343750e-01,9.016406536102294922e-01,9.051366448402404785e-01,8.851034045219421387e-01,8.985631465911865234e-01,8.954220414161682129e-01,8.873200416564941406e-01,8.826460838317871094e-01,8.707414269447326660e-01,8.885529637336730957e-01,8.837956786155700684e-01,9.006123542785644531e-01,8.898981213569641113e-01,9.091520905494689941e-01,9.014131426811218262e-01,8.521879315376281738e-01,8.515741825103759766e-01,8.502703905105590820e-01,8.530740141868591309e-01,8.637960553169250488e-01,8.559291362762451172e-01,8.537326455116271973e-01
8.011918663978576660e-01,8.629696965217590332e-01,9.132515788078308105e-01,8.671084046363830566e-01,9.556686282157897949e-01,9.605331420898437500e-01,8.708393573760986328e-01,9.250363707542419434e-01,9.412878751754760742e-01,8.774569630622863770e-01,9.074800014495849609e-01,8.864208459854125977e-01,8.900313973426818848e-01,8.826357126235961914e-01,8.600249290466308594e-01,8.922007083892822266e-01,7.990814447402954102e-01,7.087801694869995117e-01,8.953763246536254883e-01,9.291197657585144043e-01,8.985082507133483887e-01,8.988567590713500977e-01,8.920990824699401855e-01,8.721954822540283203e-01,9.314756393432617188e-01,9.149276614189147949e-01,8.818321228027343750e-01,9.304938912391662598e-01,9.373361468315124512e-01,9.086956381797790527e-01,9.306353330612182617e-01,9.075317382812500000e-01,8.933408856391906738e-01,9.309642314910888672e-01,9.089257121086120605e-01,8.767675161361694336e-01,9.313479065895080566e-01,8.936861753463745117e-01,8.795564770698547363e-01,9.312512874603271484e-01,9.304690361022949219e-01,9.036918282508850098e-01,8.770171403884887695e-01,8.567978739738464355e-01,8.453828096389770508e-01,8.756938576698303223e-01,8.645058870315551758e-01,8.415052294731140137e-01,8.748476505279541016e-01
7.783079743385314941e-01,8.511704206466674805e-01,9.122017025947570801e-01,8.517702817916870117e-01,9.584951400756835938e-01,9.619609713554382324e-01,8.566436767578125000e-01,9.345537424087524414e-01,9.477965831756591797e-01,8.640678524971008301e-01,9.001803994178771973e-01,8.883987069129943848e-01,8.873075842857360840e-01,8.879566192626953125e-01,8.704435229301452637e-01,8.902084827423095703e-01,8.176918029785156250e-01,7.309316396713256836e-01,8.944225311279296875e-01,9.386908411979675293e-01,9.162951111793518066e-01,8.979873061180114746e-01,8.931345343589782715e-01,8.806608319282531738e-01,9.373660683631896973e-01,9.295170307159423828e-01,9.016406536102294922e-01,9.373361468315124512e-01,9.145500063896179199e-01,8.901849985122680664e-01,9.043120741844177246e-01,8.889725208282470703e-01,8.751263022422790527e-01,9.051685929298400879e-01,8.868187665939331055e-01,8.541540503501892090e-01,9.058155417442321777e-01,8.691859841346740723e-01,8.610238432884216309e-01,9.060646295547485352e-01,9.096770286560058594e-01,8.832985162734985352e-01,8.553788661956787109e-01,8.382201194763183594e-01,8.266191482543945312e-01,8.545219898223876953e-01,8.480788469314575195e-01,8.251670002937316895e-01,8.539954423904418945e-01
7.109312415122985840e-01,8.021280765533447266e-01,8.882334232330322266e-01,7.992576360702514648e-01,9.470306038856506348e-01,9.488543272018432617e-01,8.051055669784545898e-01,9.166399240493774414e-01,9.337790012359619141e-01,8.138964176177978516e-01,8.620010018348693848e-01,8.573899865150451660e-01,8.397961854934692383e-01,8.470070362091064453e-01,8.410155177116394043e-01,8.438860774040222168e-01,7.864727973937988281e-01,7.064712643623352051e-01,8.498135805130004883e-01,9.195755720138549805e-01,9.245093464851379395e-01,8.542110323905944824e-01,8.507045507431030273e-01,8.512916564941406250e-01,9.074424505233764648e-01,9.140117764472961426e-01,9.051366448402404785e-01,9.086956381797790527e-01,8.901849985122680664e-01,8.743962645530700684e-01,8.698494434356689453e-01,8.595336079597473145e-01,8.577171564102172852e-01,8.709868788719177246e-01,8.521758317947387695e-01,8.294097781181335449e-01,8.718546032905578613e-01,8.389221429824829102e-01,8.468332886695861816e-01,8.723853230476379395e-01,8.818626999855041504e-01,8.662815093994140625e-01,8.217911124229431152e-01,8.075608611106872559e-01,8.066154718399047852e-01,8.213140964508056641e-01,8.197661638259887695e-01,8.066174387931823730e-01,8.210202455520629883e-01
7.941657304763793945e-01,8.586583137512207031e-01,9.120184779167175293e-01,8.620446920394897461e-01,9.564960002899169922e-01,9.606543779373168945e-01,8.659958243370056152e-01,9.256862401962280273e-01,9.414208531379699707e-01,8.728242516517639160e-01,9.046365022659301758e-01,8.847540020942687988e-01,8.872758150100708008e-01,8.813462853431701660e-01,8.595198988914489746e-01,8.896363377571105957e-01,7.999377846717834473e-01,7.098446488380432129e-01,8.930746912956237793e-01,9.302740097045898438e-01,9.021848440170288086e-01,8.966366052627563477e-01,8.901701569557189941e-01,8.717121481895446777e-01,9.314035773277282715e-01,9.170854687690734863e-01,8.851034045219421387e-01,9.306353330612182617e-01,9.043120741844177246e-01,8.698494434356689453e-01,9.295390844345092773e-01,9.082266688346862793e-01,8.941860795021057129e-01,9.299787282943725586e-01,9.088275432586669922e-01,8.771207928657531738e-01,9.304161071777343750e-01,8.941560983657836914e-01,8.812410235404968262e-01,9.304019212722778320e-01,9.306092262268066406e-01,9.042830467224121094e-01,8.769685626029968262e-01,8.576815128326416016e-01,8.463361263275146484e-01,8.757637739181518555e-01,8.656471371650695801e-01,8.429127931594848633e-01,8.749953508377075195e-01
6.954140663146972656e-01,7.889583110809326172e-01,8.778602480888366699e-01,7.846682071685791016e-01,9.444008469581604004e-01,9.396969676017761230e-01,7.907506227493286133e-01,9.101703763008117676e-01,9.232826828956604004e-01,7.999461293220520020e-01,8.520106673240661621e-01,8.430054187774658203e-01,8.314053416252136230e-01,8.383247256278991699e-01,8.265723586082458496e-01,8.358116149902343750e-01,7.802006006240844727e-01,6.929153203964233398e-01,8.420610427856445312e-01,9.216558933258056641e-01,9.271360039710998535e-01,8.467388749122619629e-01,8.442447185516357422e-01,8.419955968856811523e-01,9.061192274093627930e-01,9.181345105171203613e-01,8.985631465911865234e-01,9.075317382812500000e-01,8.889725208282470703e-01,8.595336079597473145e-01,9.082266688346862793e-01,8.996767997741699219e-01,8.863735795021057129e-01,9.098957777023315430e-01,8.989281654357910156e-01,8.685713410377502441e-01,9.106264710426330566e-01,8.772141933441162109e-01,8.701658844947814941e-01,9.111329913139343262e-01,9.149506092071533203e-01,8.897833824157714844e-01,8.620311021804809570e-01,8.478597998619079590e-01,8.367848396301269531e-01,8.614679574966430664e-01,8.574009537696838379e-01,8.371052145957946777e-01,8.611723184585571289e-01
