9.381428360939025879e-01,9.402787685394287109e-01,8.685467839241027832e-01,9.226980805397033691e-01,7.913417220115661621e-01,7.335576415061950684e-01,9.173820614814758301e-01,8.384431004524230957e-01,8.160396218299865723e-01,9.138038158416748047e-01,8.196080327033996582e-01,7.779264450073242188e-01,8.455282449722290039e-01,7.545928955078125000e-01,7.626081705093383789e-01,8.388721942901611328e-01,8.023630380630493164e-01,7.177105545997619629e-01,8.327950239181518555e-01,7.723608613014221191e-01,7.174035310745239258e-01,8.291471004486083984e-01,7.781067490577697754e-01,6.589836478233337402e-01,7.356678843498229980e-01,6.936728954315185547e-01,6.851207017898559570e-01,7.279612421989440918e-01,7.106994390487670898e-01,6.340346932411193848e-01,7.206085920333862305e-01,6.130890250205993652e-01,6.018800735473632812e-01,7.160455584526062012e-01,6.485108733177185059e-01,5.950442552566528320e-01,7.143440246582031250e-01,6.079581975936889648e-01,5.529077053070068359e-01,7.109588384628295898e-01,6.664890646934509277e-01,6.189139485359191895e-01,6.075915098190307617e-01,5.459264516830444336e-01,5.393058061599731445e-01,6.013935208320617676e-01,5.466192960739135742e-01,5.169045925140380859e-01,5.973581671714782715e-01
9.402787685394287109e-01,9.675988554954528809e-01,9.356008768081665039e-01,9.640231728553771973e-01,8.733834028244018555e-01,8.287139534950256348e-01,9.611558318138122559e-01,9.028474688529968262e-01,8.767976164817810059e-01,9.594402313232421875e-01,8.972420096397399902e-01,8.635662794113159180e-01,9.144533872604370117e-01,8.468957543373107910e-01,8.544303178787231445e-01,9.101032018661499023e-01,8.836922645568847656e-01,8.196744918823242188e-01,9.058736562728881836e-01,8.678970932960510254e-01,8.256639242172241211e-01,9.033513069152832031e-01,8.663781285285949707e-01,7.694800496101379395e-01,8.291844725608825684e-01,7.955727577209472656e-01,7.901822328567504883e-01,8.232095241546630859e-01,8.089683055877685547e-01,7.455589175224304199e-01,8.174338936805725098e-01,7.285009622573852539e-01,7.173734903335571289e-01,8.138862848281860352e-01,7.544346451759338379e-01,7.094178199768066406e-01,8.124549388885498047e-01,7.245835065841674805e-01,6.793580055236816406e-01,8.097350001335144043e-01,7.746798992156982422e-01,7.323813438415527344e-01,7.066877484321594238e-01,6.551542878150939941e-01,6.507357954978942871e-01,7.015502452850341797e-01,6.563002467155456543e-01,6.319265365600585938e-01,6.982333064079284668e-01
8.685467839241027832e-01,9.356008768081665039e-01,8.448090553283691406e-01,8.679671883583068848e-01,7.965544462203979492e-01,7.726736068725585938e-01,8.643974065780639648e-01,8.060193061828613281e-01,7.833595871925354004e-01,8.636131882667541504e-01,8.363578319549560547e-01,8.413118124008178711e-01,8.092247843742370605e-01,7.467328310012817383e-01,7.726715803146362305e-01,8.062826991081237793e-01,7.872009873390197754e-01,7.341526150703430176e-01,8.026821613311767578e-01,8.160120844841003418e-01,7.532186508178710938e-01,8.010139465332031250e-01,7.776436805725097656e-01,6.906157732009887695e-01,7.335932850837707520e-01,7.036896944046020508e-01,7.485443353652954102e-01,7.297682762145996094e-01,7.311341166496276855e-01,6.762431859970092773e-01,7.261396050453186035e-01,6.538622379302978516e-01,6.434518098831176758e-01,7.240031361579895020e-01,6.717537641525268555e-01,6.187167763710021973e-01,7.233068943023681641e-01,6.325784325599670410e-01,6.061332225799560547e-01,7.216185331344604492e-01,6.971247196197509766e-01,6.520668864250183105e-01,6.261519789695739746e-01,5.796188116073608398e-01,5.743360519409179688e-01,6.220756173133850098e-01,5.893132686614990234e-01,5.607973337173461914e-01,6.195679903030395508e-01
9.226980805397033691e-01,9.640231728553771973e-01,8.679671883583068848e-01,8.938866257667541504e-01,7.670682072639465332e-01,7.176201343536376953e-01,8.885428905487060547e-01,8.055913448333740234e-01,7.801014780998229980e-01,8.853538632392883301e-01,8.114191293716430664e-01,7.857708334922790527e-01,8.102181553840637207e-01,7.207649946212768555e-01,7.400312423706054688e-01,8.043390512466430664e-01,7.685533761978149414e-01,6.902749538421630859e-01,7.985430359840393066e-01,7.680138349533081055e-01,7.068797945976257324e-01,7.954314351081848145e-01,7.520204782485961914e-01,6.389461755752563477e-01,7.050943374633789062e-01,6.645927429199218750e-01,6.825501918792724609e-01,6.984278559684753418e-01,6.893050074577331543e-01,6.178160309791564941e-01,6.920751929283142090e-01,5.935770273208618164e-01,5.850128531455993652e-01,6.882590651512145996e-01,6.250089406967163086e-01,5.693674683570861816e-01,6.869676709175109863e-01,5.784657001495361328e-01,5.340138673782348633e-01,6.841625571250915527e-01,6.456267833709716797e-01,5.973049998283386230e-01,5.806852579116821289e-01,5.214188694953918457e-01,5.165486335754394531e-01,5.750628709793090820e-01,5.263993740081787109e-01,4.968289136886596680e-01,5.714548826217651367e-01
7.913417220115661621e-01,8.733834028244018555e-01,7.965544462203979492e-01,7.670682072639465332e-01,7.888939976692199707e-01,7.482764124870300293e-01,8.830741047859191895e-01,8.132879734039306641e-01,7.884581089019775391e-01,8.807677030563354492e-01,8.354310393333435059e-01,8.263539671897888184e-01,8.198434710502624512e-01,7.450011968612670898e-01,7.661839127540588379e-01,8.157908320426940918e-01,7.882944345474243164e-01,7.253022193908691406e-01,8.114145398139953613e-01,8.101738095283508301e-01,7.472963929176330566e-01,8.091942071914672852e-01,7.773822546005249023e-01,6.823567748069763184e-01,7.329247593879699707e-01,6.995849013328552246e-01,7.308450937271118164e-01,7.280187606811523438e-01,7.285283207893371582e-01,6.629700064659118652e-01,7.232316732406616211e-01,6.392483711242675781e-01,6.303470134735107422e-01,7.203909754753112793e-01,6.609802246093750000e-01,6.059617996215820312e-01,7.196044325828552246e-01,6.229168772697448730e-01,5.877410769462585449e-01,7.174961566925048828e-01,6.881017088890075684e-01,6.410340070724487305e-01,6.164534687995910645e-01,5.639990568161010742e-01,5.583921670913696289e-01,6.117936372756958008e-01,5.724861621856689453e-01,5.427435636520385742e-01,6.088292002677917480e-01
7.335576415061950684e-01,8.287139534950256348e-01,7.726736068725585938e-01,7.176201343536376953e-01,7.482764124870300293e-01,6.542379856109619141e-01,7.314207553863525391e-01,6.693102717399597168e-01,6.529940366744995117e-01,7.302708625793457031e-01,7.277450561523437500e-01,7.606598138809204102e-01,6.739390492439270020e-01,6.159222722053527832e-01,6.492192149162292480e-01,6.722424030303955078e-01,6.563088893890380859e-01,6.166816353797912598e-01,6.693332195281982422e-01,7.317143678665161133e-01,6.568579673767089844e-01,6.685375571250915527e-01,6.547263860702514648e-01,5.849619507789611816e-01,6.112985610961914062e-01,5.860532522201538086e-01,6.650265455245971680e-01,6.095299720764160156e-01,6.270003318786621094e-01,5.769311785697937012e-01,6.076223850250244141e-01,5.517487525939941406e-01,5.442927479743957520e-01,6.067265868186950684e-01,5.611852407455444336e-01,5.059549212455749512e-01,6.069030761718750000e-01,5.259637832641601562e-01,5.160571932792663574e-01,6.062499880790710449e-01,5.950280427932739258e-01,5.504660606384277344e-01,5.199943184852600098e-01,4.797681570053100586e-01,4.743146896362304688e-01,5.171143412590026855e-01,4.967930912971496582e-01,4.663086533546447754e-01,5.154098868370056152e-01
9.173820614814758301e-01,9.611558318138122559e-01,8.643974065780639648e-01,8.885428905487060547e-01,8.830741047859191895e-01,7.314207553863525391e-01,8.881377577781677246e-01,8.058398365974426270e-01,7.802225947380065918e-01,8.850338459014892578e-01,8.133242130279541016e-01,7.889435887336730957e-01,8.107296824455261230e-01,7.223066091537475586e-01,7.418932318687438965e-01,8.049902319908142090e-01,7.698216438293457031e-01,6.924993395805358887e-01,7.992854714393615723e-01,7.712191343307495117e-01,7.097625732421875000e-01,7.962442040443420410e-01,7.537357211112976074e-01,6.416954398155212402e-01,7.068953514099121094e-01,6.668131351470947266e-01,6.860809326171875000e-01,7.003623247146606445e-01,6.918832063674926758e-01,6.208314895629882812e-01,6.941276788711547852e-01,5.966681241989135742e-01,5.880114436149597168e-01,6.903923153877258301e-01,6.275210380554199219e-01,5.718213915824890137e-01,6.891397833824157715e-01,5.812385082244873047e-01,5.375768542289733887e-01,6.863899827003479004e-01,6.485670208930969238e-01,6.002238988876342773e-01,5.831898450851440430e-01,5.243430733680725098e-01,5.193843245506286621e-01,5.776370167732238770e-01,5.296108126640319824e-01,4.999506175518035889e-01,5.740767717361450195e-01
8.384431004524230957e-01,9.028474688529968262e-01,8.060193061828613281e-01,8.055913448333740234e-01,8.132879734039306641e-01,6.693102717399597168e-01,8.058398365974426270e-01,7.122810482978820801e-01,6.844116449356079102e-01,7.834423780441284180e-01,7.624696493148803711e-01,7.735069394111633301e-01,7.188141942024230957e-01,6.515529155731201172e-01,6.838601827621459961e-01,7.159322500228881836e-01,6.932865381240844727e-01,6.377578973770141602e-01,7.119382619857788086e-01,7.467033267021179199e-01,6.755571961402893066e-01,7.105768918991088867e-01,6.885492205619812012e-01,6.021943688392639160e-01,6.446967124938964844e-01,6.119534969329833984e-01,6.718326807022094727e-01,6.413810253143310547e-01,6.488646268844604492e-01,5.910863280296325684e-01,6.380522847175598145e-01,5.684491991996765137e-01,5.592994093894958496e-01,6.363754272460937500e-01,5.883108973503112793e-01,5.305305123329162598e-01,6.361606121063232422e-01,5.405189990997314453e-01,5.192304253578186035e-01,6.348570585250854492e-01,6.153974533081054688e-01,5.678140521049499512e-01,5.460718274116516113e-01,4.982129931449890137e-01,4.911627769470214844e-01,5.422573685646057129e-01,5.116132497787475586e-01,4.794300198554992676e-01,5.398980975151062012e-01
8.160396218299865723e-01,8.767976164817810059e-01,7.833595871925354004e-01,7.801014780998229980e-01,7.884581089019775391e-01,6.529940366744995117e-01,7.802225947380065918e-01,6.844116449356079102e-01,6.466778516769409180e-01,7.275553345680236816e-01,7.348356246948242188e-01,7.605991959571838379e-01,6.716341972351074219e-01,6.164481639862060547e-01,6.578879952430725098e-01,6.702389121055603027e-01,6.527245044708251953e-01,6.125797629356384277e-01,6.672630310058593750e-01,7.244942784309387207e-01,6.487907171249389648e-01,6.667209863662719727e-01,6.583728790283203125e-01,5.901930928230285645e-01,6.160925030708312988e-01,5.894370675086975098e-01,6.644228100776672363e-01,6.143610477447509766e-01,6.296801567077636719e-01,5.823223590850830078e-01,6.127482652664184570e-01,5.583525300025939941e-01,5.510031580924987793e-01,6.120270490646362305e-01,5.723188519477844238e-01,5.160446166992187500e-01,6.122412681579589844e-01,5.250921845436096191e-01,5.141580104827880859e-01,6.116464138031005859e-01,5.992161035537719727e-01,5.540794134140014648e-01,5.327187180519104004e-01,4.922792613506317139e-01,4.841476678848266602e-01,5.298171043395996094e-01,5.076701045036315918e-01,4.766377210617065430e-01,5.280660390853881836e-01
9.138038158416748047e-01,9.594402313232421875e-01,8.636131882667541504e-01,8.853538632392883301e-01,8.807677030563354492e-01,7.302708625793457031e-01,8.850338459014892578e-01,7.834423780441284180e-01,7.275553345680236816e-01,8.863156437873840332e-01,8.164834380149841309e-01,7.925558090209960938e-01,8.128878474235534668e-01,7.256022691726684570e-01,7.454402446746826172e-01,8.072689175605773926e-01,7.724378108978271484e-01,6.959973573684692383e-01,8.016415834426879883e-01,7.748181223869323730e-01,7.137664556503295898e-01,7.986682057380676270e-01,7.569280266761779785e-01,6.458718180656433105e-01,7.102593779563903809e-01,6.705104112625122070e-01,6.903520226478576660e-01,7.038286924362182617e-01,6.956760883331298828e-01,6.252779364585876465e-01,6.976868510246276855e-01,6.012021899223327637e-01,5.925525426864624023e-01,6.940153241157531738e-01,6.317760944366455078e-01,5.762310028076171875e-01,6.927866935729980469e-01,5.853905081748962402e-01,5.422906875610351562e-01,6.900766491889953613e-01,6.527972817420959473e-01,6.045689582824707031e-01,5.870519876480102539e-01,5.286490917205810547e-01,5.236760377883911133e-01,5.815551877021789551e-01,5.340178012847900391e-01,5.044735074043273926e-01,5.780324339866638184e-01
8.196080327033996582e-01,8.972420096397399902e-01,8.363578319549560547e-01,8.114191293716430664e-01,8.354310393333435059e-01,7.277450561523437500e-01,8.133242130279541016e-01,7.624696493148803711e-01,7.348356246948242188e-01,8.164834380149841309e-01,7.245991230010986328e-01,7.128603458404541016e-01,7.061664462089538574e-01,6.055824756622314453e-01,6.325760483741760254e-01,6.998672485351562500e-01,6.613402962684631348e-01,5.791276097297668457e-01,6.934726238250732422e-01,6.803025007247924805e-01,6.025066971778869629e-01,6.902521848678588867e-01,6.490004658699035645e-01,5.309017896652221680e-01,5.939583778381347656e-01,5.531776547431945801e-01,5.898321866989135742e-01,5.874555706977844238e-01,5.846388339996337891e-01,5.100079178810119629e-01,5.813919901847839355e-01,4.817185103893280029e-01,4.744837880134582520e-01,5.777778029441833496e-01,5.136165022850036621e-01,4.526875019073486328e-01,5.767644047737121582e-01,4.604994654655456543e-01,4.200718402862548828e-01,5.742524862289428711e-01,5.354282259941101074e-01,4.831167161464691162e-01,4.740460216999053955e-01,4.135262966156005859e-01,4.076435267925262451e-01,4.685429930686950684e-01,4.218864738941192627e-01,3.891268074512481689e-01,4.650318622589111328e-01
7.779264450073242188e-01,8.635662794113159180e-01,8.413118124008178711e-01,7.857708334922790527e-01,8.263539671897888184e-01,7.606598138809204102e-01,7.889435887336730957e-01,7.735069394111633301e-01,7.605991959571838379e-01,7.925558090209960938e-01,7.128603458404541016e-01,7.438001036643981934e-01,7.124204635620117188e-01,6.248597502708435059e-01,6.569576263427734375e-01,7.076114416122436523e-01,6.763461232185363770e-01,6.074222922325134277e-01,7.022556066513061523e-01,7.107936739921569824e-01,6.329677104949951172e-01,6.998071074485778809e-01,6.688179373741149902e-01,5.664892792701721191e-01,6.160586476325988770e-01,5.803110599517822266e-01,6.268982887268066406e-01,6.109313368797302246e-01,6.141433715820312500e-01,5.472340583801269531e-01,6.061249375343322754e-01,5.182948708534240723e-01,5.127823948860168457e-01,6.033005714416503906e-01,5.442486405372619629e-01,4.851148128509521484e-01,6.026789546012878418e-01,4.939814209938049316e-01,4.625694155693054199e-01,6.007094383239746094e-01,5.697265863418579102e-01,5.197722315788269043e-01,5.039950013160705566e-01,4.488067030906677246e-01,4.431605637073516846e-01,4.992102384567260742e-01,4.601525962352752686e-01,4.280642569065093994e-01,4.961646795272827148e-01
8.455282449722290039e-01,9.144533872604370117e-01,8.092247843742370605e-01,8.102181553840637207e-01,8.198434710502624512e-01,6.739390492439270020e-01,8.107296824455261230e-01,7.188141942024230957e-01,6.716341972351074219e-01,8.128878474235534668e-01,7.061664462089538574e-01,7.124204635620117188e-01,7.940152287483215332e-01,7.122465968132019043e-01,7.334076166152954102e-01,7.893091440200805664e-01,7.587826848030090332e-01,6.863470077514648438e-01,7.842333316802978516e-01,7.788690328598022461e-01,7.083117961883544922e-01,7.817404270172119141e-01,7.472339868545532227e-01,6.412890553474426270e-01,7.004860043525695801e-01,6.636486053466796875e-01,6.937270164489746094e-01,6.950480341911315918e-01,6.927338838577270508e-01,6.209307312965393066e-01,6.898379921913146973e-01,6.003186702728271484e-01,5.880170464515686035e-01,6.868045330047607422e-01,6.272830963134765625e-01,5.672248005867004395e-01,6.859413981437683105e-01,5.814915895462036133e-01,5.416813492774963379e-01,6.837164163589477539e-01,6.509839892387390137e-01,5.988364815711975098e-01,5.860337018966674805e-01,5.304926633834838867e-01,5.215386152267456055e-01,5.810791850090026855e-01,5.385124683380126953e-01,5.045703649520874023e-01,5.779106020927429199e-01
7.545928955078125000e-01,8.468957543373107910e-01,7.467328310012817383e-01,7.207649946212768555e-01,7.450011968612670898e-01,6.159222722053527832e-01,7.223066091537475586e-01,6.515529155731201172e-01,6.164481639862060547e-01,7.256022691726684570e-01,6.055824756622314453e-01,6.248597502708435059e-01,7.122465968132019043e-01,6.580405831336975098e-01,6.833072900772094727e-01,7.261949777603149414e-01,7.066168189048767090e-01,6.506511569023132324e-01,7.225228548049926758e-01,7.599809765815734863e-01,6.734653115272521973e-01,7.208725810050964355e-01,6.991618275642395020e-01,6.113415956497192383e-01,6.537275910377502441e-01,6.256399750709533691e-01,6.803238391876220703e-01,6.503974795341491699e-01,6.617205739021301270e-01,5.947464704513549805e-01,6.471530795097351074e-01,5.729842185974121094e-01,5.588405728340148926e-01,6.452915668487548828e-01,5.893260240554809570e-01,5.267872810363769531e-01,6.451094746589660645e-01,5.542770624160766602e-01,5.265603065490722656e-01,6.437968015670776367e-01,6.215193271636962891e-01,5.692210197448730469e-01,5.562341809272766113e-01,5.084522366523742676e-01,4.966343641281127930e-01,5.524193048477172852e-01,5.223717093467712402e-01,4.843612611293792725e-01,5.500280261039733887e-01
7.626081705093383789e-01,8.544303178787231445e-01,7.726715803146362305e-01,7.400312423706054688e-01,7.661839127540588379e-01,6.492192149162292480e-01,7.418932318687438965e-01,6.838601827621459961e-01,6.578879952430725098e-01,7.454402446746826172e-01,6.325760483741760254e-01,6.569576263427734375e-01,7.334076166152954102e-01,6.833072900772094727e-01,6.606251597404479980e-01,6.881983280181884766e-01,6.777267456054687500e-01,6.378933191299438477e-01,6.853490471839904785e-01,7.440789341926574707e-01,6.588473916053771973e-01,6.842700242996215820e-01,6.690690517425537109e-01,5.982185006141662598e-01,6.275437474250793457e-01,6.035050153732299805e-01,6.706498861312866211e-01,6.254965662956237793e-01,6.428785920143127441e-01,5.857691764831542969e-01,6.232385635375976562e-01,5.591530203819274902e-01,5.510596036911010742e-01,6.220650076866149902e-01,5.686015486717224121e-01,5.113478302955627441e-01,6.222418546676635742e-01,5.416805744171142578e-01,5.271796584129333496e-01,6.213951706886291504e-01,6.093128323554992676e-01,5.635738968849182129e-01,5.392484664916992188e-01,4.966122508049011230e-01,4.884870350360870361e-01,5.361297726631164551e-01,5.138546824455261230e-01,4.781664013862609863e-01,5.341640114784240723e-01
8.388721942901611328e-01,9.101032018661499023e-01,8.062826991081237793e-01,8.043390512466430664e-01,8.157908320426940918e-01,6.722424030303955078e-01,8.049902319908142090e-01,7.159322500228881836e-01,6.702389121055603027e-01,8.072689175605773926e-01,6.998672485351562500e-01,7.076114416122436523e-01,7.893091440200805664e-01,7.261949777603149414e-01,6.881983280181884766e-01,7.861284017562866211e-01,7.561563849449157715e-01,6.849239468574523926e-01,7.811546325683593750e-01,7.792180776596069336e-01,7.081168293952941895e-01,7.787572741508483887e-01,7.454888224601745605e-01,6.409519314765930176e-01,6.987004876136779785e-01,6.623959541320800781e-01,6.944080591201782227e-01,6.934390664100646973e-01,6.920852065086364746e-01,6.208742260932922363e-01,6.883929371833801270e-01,6.003270149230957031e-01,5.880001187324523926e-01,6.854737401008605957e-01,6.266846060752868652e-01,5.664637088775634766e-01,6.846677064895629883e-01,5.808292031288146973e-01,5.421180129051208496e-01,6.825228929519653320e-01,6.507142782211303711e-01,5.985128283500671387e-01,5.854039788246154785e-01,5.304720997810363770e-01,5.213546752929687500e-01,5.805479884147644043e-01,5.389590859413146973e-01,5.048573017120361328e-01,5.774468779563903809e-01
8.023630380630493164e-01,8.836922645568847656e-01,7.872009873390197754e-01,7.685533761978149414e-01,7.882944345474243164e-01,6.563088893890380859e-01,7.698216438293457031e-01,6.932865381240844727e-01,6.527245044708251953e-01,7.724378108978271484e-01,6.613402962684631348e-01,6.763461232185363770e-01,7.587826848030090332e-01,7.066168189048767090e-01,6.777267456054687500e-01,7.561563849449157715e-01,6.515349149703979492e-01,5.904085636138916016e-01,6.684018373489379883e-01,7.044588923454284668e-01,6.212455034255981445e-01,6.667295694351196289e-01,6.432525515556335449e-01,5.507574081420898438e-01,5.964825749397277832e-01,5.634284615516662598e-01,6.212594509124755859e-01,5.929299592971801758e-01,6.022083163261413574e-01,5.368772745132446289e-01,5.893771648406982422e-01,5.150612592697143555e-01,5.039344429969787598e-01,5.875719189643859863e-01,5.347393751144409180e-01,4.717704951763153076e-01,5.874311923980712891e-01,4.869174063205718994e-01,4.621134102344512939e-01,5.860346555709838867e-01,5.657186508178710938e-01,5.140827894210815430e-01,5.017970800399780273e-01,4.516511857509613037e-01,4.416580796241760254e-01,4.978679716587066650e-01,4.665074348449707031e-01,4.290522634983062744e-01,4.953928589820861816e-01
7.177105545997619629e-01,8.196744918823242188e-01,7.341526150703430176e-01,6.902749538421630859e-01,7.253022193908691406e-01,6.166816353797912598e-01,6.924993395805358887e-01,6.377578973770141602e-01,6.125797629356384277e-01,6.959973573684692383e-01,5.791276097297668457e-01,6.074222922325134277e-01,6.863470077514648438e-01,6.506511569023132324e-01,6.378933191299438477e-01,6.849239468574523926e-01,5.904085636138916016e-01,5.781395435333251953e-01,6.266469955444335938e-01,6.906135678291320801e-01,6.104348897933959961e-01,6.259500384330749512e-01,6.140982508659362793e-01,5.466034412384033203e-01,5.732612013816833496e-01,5.471176505088806152e-01,6.218132972717285156e-01,5.716853141784667969e-01,5.893443822860717773e-01,5.386794209480285645e-01,5.698098540306091309e-01,5.143525004386901855e-01,5.082655549049377441e-01,5.690994858741760254e-01,5.248469114303588867e-01,4.687724411487579346e-01,5.695213079452514648e-01,4.836094975471496582e-01,4.750973284244537354e-01,5.688924193382263184e-01,5.618190765380859375e-01,5.179393291473388672e-01,4.936159253120422363e-01,4.528191685676574707e-01,4.457479417324066162e-01,4.908015429973602295e-01,4.712195396423339844e-01,4.371527731418609619e-01,4.890356361865997314e-01
8.327950239181518555e-01,9.058736562728881836e-01,8.026821613311767578e-01,7.985430359840393066e-01,8.114145398139953613e-01,6.693332195281982422e-01,7.992854714393615723e-01,7.119382619857788086e-01,6.672630310058593750e-01,8.016415834426879883e-01,6.934726238250732422e-01,7.022556066513061523e-01,7.842333316802978516e-01,7.225228548049926758e-01,6.853490471839904785e-01,7.811546325683593750e-01,6.684018373489379883e-01,6.266469955444335938e-01,7.790049314498901367e-01,7.793778777122497559e-01,7.080113291740417480e-01,7.766747474670410156e-01,7.443210482597351074e-01,6.407003402709960938e-01,6.974345445632934570e-01,6.615155339241027832e-01,6.949347853660583496e-01,6.922937631607055664e-01,6.915490627288818359e-01,6.208664774894714355e-01,6.873614788055419922e-01,6.003945469856262207e-01,5.881322622299194336e-01,6.845211982727050781e-01,6.262987852096557617e-01,5.661000013351440430e-01,6.837562918663024902e-01,5.802937150001525879e-01,5.424508452415466309e-01,6.816706657409667969e-01,6.504845619201660156e-01,5.982971787452697754e-01,5.848981142044067383e-01,5.303946733474731445e-01,5.212638974189758301e-01,5.801120400428771973e-01,5.391764044761657715e-01,5.050909519195556641e-01,5.770590305328369141e-01
7.723608613014221191e-01,8.678970932960510254e-01,8.160120844841003418e-01,7.680138349533081055e-01,8.101738095283508301e-01,7.317143678665161133e-01,7.712191343307495117e-01,7.467033267021179199e-01,7.244942784309387207e-01,7.748181223869323730e-01,6.803025007247924805e-01,7.107936739921569824e-01,7.788690328598022461e-01,7.599809765815734863e-01,7.440789341926574707e-01,7.792180776596069336e-01,7.044588923454284668e-01,6.906135678291320801e-01,7.793778777122497559e-01,8.401986360549926758e-01,7.811974883079528809e-01,8.139443397521972656e-01,8.005020022392272949e-01,7.220314741134643555e-01,7.582515478134155273e-01,7.318065762519836426e-01,7.750263810157775879e-01,7.553066015243530273e-01,7.603752613067626953e-01,7.071064710617065430e-01,7.525280714035034180e-01,6.912044286727905273e-01,6.795509457588195801e-01,7.510462999343872070e-01,7.096536755561828613e-01,6.553859710693359375e-01,7.507569193840026855e-01,6.616435647010803223e-01,6.361866593360900879e-01,7.495915889739990234e-01,7.289869189262390137e-01,6.816603541374206543e-01,6.581842303276062012e-01,6.153448820114135742e-01,6.069127917289733887e-01,6.547259688377380371e-01,6.256416440010070801e-01,5.964531302452087402e-01,6.525928378105163574e-01
7.174035310745239258e-01,8.256639242172241211e-01,7.532186508178710938e-01,7.068797945976257324e-01,7.472963929176330566e-01,6.568579673767089844e-01,7.097625732421875000e-01,6.755571961402893066e-01,6.487907171249389648e-01,7.137664556503295898e-01,6.025066971778869629e-01,6.329677104949951172e-01,7.083117961883544922e-01,6.734653115272521973e-01,6.588473916053771973e-01,7.081168293952941895e-01,6.212455034255981445e-01,6.104348897933959961e-01,7.080113291740417480e-01,7.811974883079528809e-01,6.503831744194030762e-01,6.632924079895019531e-01,6.557033658027648926e-01,5.819733738899230957e-01,6.089387536048889160e-01,5.845677256584167480e-01,6.634383201599121094e-01,6.069606542587280273e-01,6.209664344787597656e-01,5.738058090209960938e-01,6.051308512687683105e-01,5.514108538627624512e-01,5.443587899208068848e-01,6.043160557746887207e-01,5.640023946762084961e-01,5.089228153228759766e-01,6.044793128967285156e-01,5.144678354263305664e-01,5.035647153854370117e-01,6.039360165596008301e-01,5.885625481605529785e-01,5.429301261901855469e-01,5.226625204086303711e-01,4.815057814121246338e-01,4.763473570346832275e-01,5.197675228118896484e-01,4.972387254238128662e-01,4.682434499263763428e-01,5.180785059928894043e-01
8.291471004486083984e-01,9.033513069152832031e-01,8.010139465332031250e-01,7.954314351081848145e-01,8.091942071914672852e-01,6.685375571250915527e-01,7.962442040443420410e-01,7.105768918991088867e-01,6.667209863662719727e-01,7.986682057380676270e-01,6.902521848678588867e-01,6.998071074485778809e-01,7.817404270172119141e-01,7.208725810050964355e-01,6.842700242996215820e-01,7.787572741508483887e-01,6.667295694351196289e-01,6.259500384330749512e-01,7.766747474670410156e-01,8.139443397521972656e-01,6.632924079895019531e-01,7.754946947097778320e-01,7.438118457794189453e-01,6.407713294029235840e-01,6.968334913253784180e-01,6.612039208412170410e-01,6.955701708793640137e-01,6.917683482170104980e-01,6.914214491844177246e-01,6.211231350898742676e-01,6.869149208068847656e-01,6.006668210029602051e-01,5.884512066841125488e-01,6.841241121292114258e-01,6.263571977615356445e-01,5.661528706550598145e-01,6.833852529525756836e-01,5.800886154174804688e-01,5.427343845367431641e-01,6.813423037528991699e-01,6.504360437393188477e-01,5.982050299644470215e-01,5.847772359848022461e-01,5.305787920951843262e-01,5.214037299156188965e-01,5.800376534461975098e-01,5.394754409790039062e-01,5.054370164871215820e-01,5.770161151885986328e-01
7.781067490577697754e-01,8.663781285285949707e-01,7.776436805725097656e-01,7.520204782485961914e-01,7.773822546005249023e-01,6.547263860702514648e-01,7.537357211112976074e-01,6.885492205619812012e-01,6.583728790283203125e-01,7.569280266761779785e-01,6.490004658699035645e-01,6.688179373741149902e-01,7.472339868545532227e-01,6.991618275642395020e-01,6.690690517425537109e-01,7.454888224601745605e-01,6.432525515556335449e-01,6.140982508659362793e-01,7.443210482597351074e-01,8.005020022392272949e-01,6.557033658027648926e-01,7.438118457794189453e-01,6.852160692214965820e-01,5.964515209197998047e-01,6.388795971870422363e-01,6.073602437973022461e-01,6.621115207672119141e-01,6.354826092720031738e-01,6.445814371109008789e-01,5.804340839385986328e-01,6.321041584014892578e-01,5.596745014190673828e-01,5.480793118476867676e-01,6.303609609603881836e-01,5.797276496887207031e-01,5.180420279502868652e-01,6.301832795143127441e-01,5.330091714859008789e-01,5.071961879730224609e-01,6.288650631904602051e-01,6.084689497947692871e-01,5.570970177650451660e-01,5.410428047180175781e-01,4.928615689277648926e-01,4.825817346572875977e-01,5.372154116630554199e-01,5.068891644477844238e-01,4.707616269588470459e-01,5.348066091537475586e-01
6.589836478233337402e-01,7.694800496101379395e-01,6.906157732009887695e-01,6.389461755752563477e-01,6.823567748069763184e-01,5.849619507789611816e-01,6.416954398155212402e-01,6.021943688392639160e-01,5.901930928230285645e-01,6.458718180656433105e-01,5.309017896652221680e-01,5.664892792701721191e-01,6.412890553474426270e-01,6.113415956497192383e-01,5.982185006141662598e-01,6.409519314765930176e-01,5.507574081420898438e-01,5.466034412384033203e-01,6.407003402709960938e-01,7.220314741134643555e-01,5.819733738899230957e-01,6.407713294029235840e-01,5.964515209197998047e-01,6.381555795669555664e-01,6.684926748275756836e-01,6.420502662658691406e-01,7.076641917228698730e-01,6.661641597747802734e-01,6.786214709281921387e-01,6.269586086273193359e-01,6.639000773429870605e-01,6.047237515449523926e-01,5.974379777908325195e-01,6.627796888351440430e-01,6.206132173538208008e-01,5.659398436546325684e-01,6.628943085670471191e-01,5.717351436614990234e-01,5.550459027290344238e-01,6.621530652046203613e-01,6.452928185462951660e-01,5.997670292854309082e-01,5.817496180534362793e-01,5.393581986427307129e-01,5.320789813995361328e-01,5.785820484161376953e-01,5.536849498748779297e-01,5.232812166213989258e-01,5.766218304634094238e-01
7.356678843498229980e-01,8.291844725608825684e-01,7.335932850837707520e-01,7.050943374633789062e-01,7.329247593879699707e-01,6.112985610961914062e-01,7.068953514099121094e-01,6.446967124938964844e-01,6.160925030708312988e-01,7.102593779563903809e-01,5.939583778381347656e-01,6.160586476325988770e-01,7.004860043525695801e-01,6.537275910377502441e-01,6.275437474250793457e-01,6.987004876136779785e-01,5.964825749397277832e-01,5.732612013816833496e-01,6.974345445632934570e-01,7.582515478134155273e-01,6.089387536048889160e-01,6.968334913253784180e-01,6.388795971870422363e-01,6.684926748275756836e-01,6.890187263488769531e-01,6.570244431495666504e-01,7.072428464889526367e-01,6.856147646903991699e-01,6.929349303245544434e-01,6.287959218025207520e-01,6.822502613067626953e-01,6.105722188949584961e-01,5.969861149787902832e-01,6.805503368377685547e-01,6.313634514808654785e-01,5.705399513244628906e-01,6.803353428840637207e-01,5.855385661125183105e-01,5.566771626472473145e-01,6.789990067481994629e-01,6.575676798820495605e-01,6.087316274642944336e-01,6.060651540756225586e-01,5.572676062583923340e-01,5.444384217262268066e-01,6.021973490715026855e-01,5.701106190681457520e-01,5.318426489830017090e-01,5.997585654258728027e-01
6.936728954315185547e-01,7.955727577209472656e-01,7.036896944046020508e-01,6.645927429199218750e-01,6.995849013328552246e-01,5.860532522201538086e-01,6.668131351470947266e-01,6.119534969329833984e-01,5.894370675086975098e-01,6.705104112625122070e-01,5.531776547431945801e-01,5.803110599517822266e-01,6.636486053466796875e-01,6.256399750709533691e-01,6.035050153732299805e-01,6.623959541320800781e-01,5.634284615516662598e-01,5.471176505088806152e-01,6.615155339241027832e-01,7.318065762519836426e-01,5.845677256584167480e-01,6.612039208412170410e-01,6.073602437973022461e-01,6.420502662658691406e-01,6.570244431495666504e-01,5.378818511962890625e-01,6.032559275627136230e-01,5.675760507583618164e-01,5.787554979324340820e-01,5.165697932243347168e-01,5.644556879997253418e-01,4.951585829257965088e-01,4.842045009136199951e-01,5.630451440811157227e-01,5.136059522628784180e-01,4.511919915676116943e-01,5.630210041999816895e-01,4.643047153949737549e-01,4.431259036064147949e-01,5.618365406990051270e-01,5.449990034103393555e-01,4.963123500347137451e-01,4.926509559154510498e-01,4.436653852462768555e-01,4.325111210346221924e-01,4.889843165874481201e-01,4.601506590843200684e-01,4.211505353450775146e-01,4.867014884948730469e-01
6.851207017898559570e-01,7.901822328567504883e-01,7.485443353652954102e-01,6.825501918792724609e-01,7.308450937271118164e-01,6.650265455245971680e-01,6.860809326171875000e-01,6.718326807022094727e-01,6.644228100776672363e-01,6.903520226478576660e-01,5.898321866989135742e-01,6.268982887268066406e-01,6.937270164489746094e-01,6.803238391876220703e-01,6.706498861312866211e-01,6.944080591201782227e-01,6.212594509124755859e-01,6.218132972717285156e-01,6.949347853660583496e-01,7.750263810157775879e-01,6.634383201599121094e-01,6.955701708793640137e-01,6.621115207672119141e-01,7.076641917228698730e-01,7.072428464889526367e-01,6.032559275627136230e-01,5.439780354499816895e-01,4.888570010662078857e-01,5.050099492073059082e-01,4.562500417232513428e-01,4.867285788059234619e-01,4.300901591777801514e-01,4.269047379493713379e-01,4.860759377479553223e-01,4.432698190212249756e-01,3.876641392707824707e-01,4.863965213298797607e-01,3.949699401855468750e-01,3.883387446403503418e-01,4.857223927974700928e-01,4.769188165664672852e-01,4.364938735961914062e-01,4.255307614803314209e-01,3.819510042667388916e-01,3.770630359649658203e-01,4.225561618804931641e-01,4.016092121601104736e-01,3.681630194187164307e-01,4.207576513290405273e-01
7.279612421989440918e-01,8.232095241546630859e-01,7.297682762145996094e-01,6.984278559684753418e-01,7.280187606811523438e-01,6.095299720764160156e-01,7.003623247146606445e-01,6.413810253143310547e-01,6.143610477447509766e-01,7.038286924362182617e-01,5.874555706977844238e-01,6.109313368797302246e-01,6.950480341911315918e-01,6.503974795341491699e-01,6.254965662956237793e-01,6.934390664100646973e-01,5.929299592971801758e-01,5.716853141784667969e-01,6.922937631607055664e-01,7.553066015243530273e-01,6.069606542587280273e-01,6.917683482170104980e-01,6.354826092720031738e-01,6.661641597747802734e-01,6.856147646903991699e-01,5.675760507583618164e-01,4.888570010662078857e-01,6.835194230079650879e-01,6.917902827262878418e-01,6.284031867980957031e-01,6.803343892097473145e-01,6.103332638740539551e-01,5.966616868972778320e-01,6.787539720535278320e-01,6.303518414497375488e-01,5.695068240165710449e-01,6.785989999771118164e-01,5.848401188850402832e-01,5.570795536041259766e-01,6.773466467857360840e-01,6.568936109542846680e-01,6.081764698028564453e-01,6.053692102432250977e-01,5.573430657386779785e-01,5.443425178527832031e-01,6.016153693199157715e-01,5.705943107604980469e-01,5.322181582450866699e-01,5.992542505264282227e-01
7.106994390487670898e-01,8.089683055877685547e-01,7.311341166496276855e-01,6.893050074577331543e-01,7.285283207893371582e-01,6.270003318786621094e-01,6.918832063674926758e-01,6.488646268844604492e-01,6.296801567077636719e-01,6.956760883331298828e-01,5.846388339996337891e-01,6.141433715820312500e-01,6.927338838577270508e-01,6.617205739021301270e-01,6.428785920143127441e-01,6.920852065086364746e-01,6.022083163261413574e-01,5.893443822860717773e-01,6.915490627288818359e-01,7.603752613067626953e-01,6.209664344787597656e-01,6.914214491844177246e-01,6.445814371109008789e-01,6.786214709281921387e-01,6.929349303245544434e-01,5.787554979324340820e-01,5.050099492073059082e-01,6.917902827262878418e-01,6.505780220031738281e-01,5.898503661155700684e-01,6.344932317733764648e-01,5.709304809570312500e-01,5.571155548095703125e-01,6.334094405174255371e-01,5.863385796546936035e-01,5.243865847587585449e-01,6.335722208023071289e-01,5.432646274566650391e-01,5.218250155448913574e-01,6.327208280563354492e-01,6.165566444396972656e-01,5.676558017730712891e-01,5.654671788215637207e-01,5.204964280128479004e-01,5.068411231040954590e-01,5.622143745422363281e-01,5.364833474159240723e-01,4.968123733997344971e-01,5.601962804794311523e-01
6.340346932411193848e-01,7.455589175224304199e-01,6.762431859970092773e-01,6.178160309791564941e-01,6.629700064659118652e-01,5.769311785697937012e-01,6.208314895629882812e-01,5.910863280296325684e-01,5.823223590850830078e-01,6.252779364585876465e-01,5.100079178810119629e-01,5.472340583801269531e-01,6.209307312965393066e-01,5.947464704513549805e-01,5.857691764831542969e-01,6.208742260932922363e-01,5.368772745132446289e-01,5.386794209480285645e-01,6.208664774894714355e-01,7.071064710617065430e-01,5.738058090209960938e-01,6.211231350898742676e-01,5.804340839385986328e-01,6.269586086273193359e-01,6.287959218025207520e-01,5.165697932243347168e-01,4.562500417232513428e-01,6.284031867980957031e-01,5.898503661155700684e-01,5.345439910888671875e-01,5.653632879257202148e-01,5.068268179893493652e-01,5.018087625503540039e-01,5.645788311958312988e-01,5.187212228775024414e-01,4.635097682476043701e-01,5.649254918098449707e-01,4.769894778728485107e-01,4.672113656997680664e-01,5.643263459205627441e-01,5.533980131149291992e-01,5.116339921951293945e-01,5.008049607276916504e-01,4.586100876331329346e-01,4.521510303020477295e-01,4.978927373886108398e-01,4.770223498344421387e-01,4.428555071353912354e-01,4.960947334766387939e-01
7.206085920333862305e-01,8.174338936805725098e-01,7.261396050453186035e-01,6.920751929283142090e-01,7.232316732406616211e-01,6.076223850250244141e-01,6.941276788711547852e-01,6.380522847175598145e-01,6.127482652664184570e-01,6.976868510246276855e-01,5.813919901847839355e-01,6.061249375343322754e-01,6.898379921913146973e-01,6.471530795097351074e-01,6.232385635375976562e-01,6.883929371833801270e-01,5.893771648406982422e-01,5.698098540306091309e-01,6.873614788055419922e-01,7.525280714035034180e-01,6.051308512687683105e-01,6.869149208068847656e-01,6.321041584014892578e-01,6.639000773429870605e-01,6.822502613067626953e-01,5.644556879997253418e-01,4.867285788059234619e-01,6.803343892097473145e-01,6.344932317733764648e-01,5.653632879257202148e-01,6.779274344444274902e-01,6.088558435440063477e-01,5.951882600784301758e-01,6.764132380485534668e-01,6.284642815589904785e-01,5.675988197326660156e-01,6.762913465499877930e-01,5.830036401748657227e-01,5.559216141700744629e-01,6.750851273536682129e-01,6.552170515060424805e-01,6.065769195556640625e-01,6.036500930786132812e-01,5.560365319252014160e-01,5.429934859275817871e-01,5.999591946601867676e-01,5.695429444313049316e-01,5.311167836189270020e-01,5.976406931877136230e-01
6.130890250205993652e-01,7.285009622573852539e-01,6.538622379302978516e-01,5.935770273208618164e-01,6.392483711242675781e-01,5.517487525939941406e-01,5.966681241989135742e-01,5.684491991996765137e-01,5.583525300025939941e-01,6.012021899223327637e-01,4.817185103893280029e-01,5.182948708534240723e-01,6.003186702728271484e-01,5.729842185974121094e-01,5.591530203819274902e-01,6.003270149230957031e-01,5.150612592697143555e-01,5.143525004386901855e-01,6.003945469856262207e-01,6.912044286727905273e-01,5.514108538627624512e-01,6.006668210029602051e-01,5.596745014190673828e-01,6.047237515449523926e-01,6.105722188949584961e-01,4.951585829257965088e-01,4.300901591777801514e-01,6.103332638740539551e-01,5.709304809570312500e-01,5.068268179893493652e-01,6.088558435440063477e-01,6.203846931457519531e-01,6.059242486953735352e-01,6.726312637329101562e-01,6.324626207351684570e-01,5.734959244728088379e-01,6.729962229728698730e-01,5.913990139961242676e-01,5.736765861511230469e-01,6.725205183029174805e-01,6.614024639129638672e-01,6.152527928352355957e-01,6.103724837303161621e-01,5.706655979156494141e-01,5.564488172531127930e-01,6.077054738998413086e-01,5.870397686958312988e-01,5.487079024314880371e-01,6.060796380043029785e-01
