1.712414436042308807e-02,1.778057403862476349e-02,1.957708410918712616e-02,1.728384383022785187e-02,1.897200569510459900e-02,1.873188093304634094e-02,1.730666868388652802e-02,1.753165386617183685e-02,1.933938078582286835e-02,1.742093823850154877e-02,1.558731775730848312e-02,1.655144430696964264e-02,1.725441403687000275e-02,1.701743714511394501e-02,1.568089425563812256e-02,1.723614707589149475e-02,1.482271868735551834e-02,1.437229756265878677e-02,1.716150343418121338e-02,1.803949475288391113e-02,1.515972614288330078e-02,1.713804900646209717e-02,1.682879030704498291e-02,1.806850731372833252e-02,1.692552305757999420e-02,1.445199269801378250e-02,1.252375822514295578e-02,1.687104813754558563e-02,1.622246764600276947e-02,1.465887762606143951e-02,1.678440161049365997e-02,1.656153053045272827e-02,1.658860035240650177e-02,1.673547551035881042e-02,1.720817945897579193e-02,1.776066049933433533e-02,1.668284274637699127e-02,1.591106876730918884e-02,1.562465447932481766e-02,1.660106889903545380e-02,1.567127741873264313e-02,1.454611215740442276e-02,1.465110201388597488e-02,1.460831239819526672e-02,1.431301329284906387e-02,1.453448645770549774e-02,1.420646253973245621e-02,1.364012621343135834e-02,1.445559132844209671e-02
1.778057403862476349e-02,2.026572078466415405e-02,2.260569669306278229e-02,1.986832730472087860e-02,2.186626754701137543e-02,2.187079191207885742e-02,1.989735849201679230e-02,2.039987035095691681e-02,2.249719575047492981e-02,2.002990618348121643e-02,1.795295998454093933e-02,1.908932253718376160e-02,1.987030357122421265e-02,1.964346319437026978e-02,1.816812716424465179e-02,1.985691487789154053e-02,1.722986809909343719e-02,1.681644655764102936e-02,1.977739296853542328e-02,2.077646180987358093e-02,1.758801937103271484e-02,1.975279115140438080e-02,1.953140459954738617e-02,2.094803750514984131e-02,1.952381618320941925e-02,1.677098870277404785e-02,1.465890370309352875e-02,1.946821250021457672e-02,1.878240145742893219e-02,1.704179868102073669e-02,1.937424764037132263e-02,1.916124299168586731e-02,1.921003498136997223e-02,1.931814104318618774e-02,1.988345012068748474e-02,2.061618492007255554e-02,1.926027610898017883e-02,1.844347640872001648e-02,1.818522252142429352e-02,1.917096041142940521e-02,1.814215257763862610e-02,1.693403162062168121e-02,1.688208803534507751e-02,1.686476357281208038e-02,1.669102348387241364e-02,1.675388403236865997e-02,1.638822257518768311e-02,1.588031463325023651e-02,1.666726358234882355e-02
1.957708410918712616e-02,2.260569669306278229e-02,2.550646290183067322e-02,2.231197431683540344e-02,2.461101859807968140e-02,2.478428557515144348e-02,2.235131151974201202e-02,2.317331358790397644e-02,2.554593235254287720e-02,2.250331081449985504e-02,2.014700323343276978e-02,2.148275449872016907e-02,2.237585745751857758e-02,2.213561162352561951e-02,2.058177255094051361e-02,2.237198501825332642e-02,1.956119015812873840e-02,1.917682401835918427e-02,2.228838950395584106e-02,2.340197935700416565e-02,1.986812613904476166e-02,2.226110175251960754e-02,2.214518561959266663e-02,2.364248782396316528e-02,2.206769399344921112e-02,1.906275376677513123e-02,1.675727590918540955e-02,2.201539836823940277e-02,2.130923792719841003e-02,1.939764991402626038e-02,2.191566862165927887e-02,2.175472676753997803e-02,2.181089669466018677e-02,2.185243926942348480e-02,2.250749245285987854e-02,2.344003319740295410e-02,2.179086767137050629e-02,2.091355435550212860e-02,2.073925361037254333e-02,2.169610559940338135e-02,2.056499384343624115e-02,1.928129605948925018e-02,1.907383278012275696e-02,1.909588277339935303e-02,1.898825354874134064e-02,1.893612183630466461e-02,1.857053115963935852e-02,1.806611195206642151e-02,1.884433254599571228e-02
1.728384383022785187e-02,1.986832730472087860e-02,2.231197431683540344e-02,1.981314830482006073e-02,2.178389579057693481e-02,2.173463441431522369e-02,1.984306611120700836e-02,2.030988968908786774e-02,2.241567522287368774e-02,1.997612416744232178e-02,1.788827963173389435e-02,1.904283463954925537e-02,1.982052810490131378e-02,1.960910670459270477e-02,1.814100891351699829e-02,1.980771869421005249e-02,1.717676222324371338e-02,1.677051745355129242e-02,1.973036304116249084e-02,2.074505947530269623e-02,1.754152402281761169e-02,1.970649138092994690e-02,1.946133561432361603e-02,2.090058661997318268e-02,1.949233189225196838e-02,1.672064885497093201e-02,1.458696648478507996e-02,1.943764649331569672e-02,1.876000128686428070e-02,1.705552078783512115e-02,1.934453845024108887e-02,1.915617473423480988e-02,1.923107728362083435e-02,1.928964629769325256e-02,1.987336762249469757e-02,2.060284279286861420e-02,1.923239231109619141e-02,1.838693395256996155e-02,1.816968433558940887e-02,1.914323493838310242e-02,1.808828301727771759e-02,1.687758602201938629e-02,1.687531173229217529e-02,1.688115671277046204e-02,1.667549647390842438e-02,1.674767956137657166e-02,1.638910733163356781e-02,1.585227251052856445e-02,1.666210964322090149e-02
1.897200569510459900e-02,2.186626754701137543e-02,2.461101859807968140e-02,2.178389579057693481e-02,2.217807620763778687e-02,2.194649539887905121e-02,2.025504224002361298e-02,2.064244449138641357e-02,2.282367460429668427e-02,2.039175294339656830e-02,1.817348040640354156e-02,1.936852000653743744e-02,2.025520242750644684e-02,1.994673535227775574e-02,1.842021383345127106e-02,2.024332433938980103e-02,1.753551140427589417e-02,1.706579513847827911e-02,2.016429603099822998e-02,2.128733322024345398e-02,1.789467409253120422e-02,2.013821527361869812e-02,1.982717774808406830e-02,2.126744017004966736e-02,1.990189403295516968e-02,1.704267039895057678e-02,1.480538025498390198e-02,1.984738558530807495e-02,1.915622130036354065e-02,1.732184365391731262e-02,1.975302956998348236e-02,1.958290487527847290e-02,1.957358419895172119e-02,1.969947293400764465e-02,2.032588794827461243e-02,2.091688290238380432e-02,1.964217424392700195e-02,1.870860345661640167e-02,1.844973303377628326e-02,1.955215446650981903e-02,1.843939721584320068e-02,1.716603897511959076e-02,1.725240051746368408e-02,1.729537732899188995e-02,1.702798344194889069e-02,1.712237112224102020e-02,1.675764471292495728e-02,1.616523787379264832e-02,1.703625731170177460e-02
1.873188093304634094e-02,2.187079191207885742e-02,2.478428557515144348e-02,2.173463441431522369e-02,2.194649539887905121e-02,1.835526339709758759e-02,1.732624880969524384e-02,1.745656132698059082e-02,1.924722269177436829e-02,1.744268462061882019e-02,1.540270354598760605e-02,1.637837849557399750e-02,1.728099212050437927e-02,1.678972691297531128e-02,1.543343812227249146e-02,1.726455986499786377e-02,1.485933642834424973e-02,1.435746066272258759e-02,1.719214208424091339e-02,1.819134317338466644e-02,1.507515273988246918e-02,1.716350205242633820e-02,1.678831502795219421e-02,1.794227212667465210e-02,1.690997555851936340e-02,1.443779747933149338e-02,1.246312260627746582e-02,1.685661263763904572e-02,1.619186252355575562e-02,1.450513023883104324e-02,1.677218824625015259e-02,1.657589897513389587e-02,1.646847277879714966e-02,1.672507822513580322e-02,1.728613115847110748e-02,1.762051694095134735e-02,1.667277701199054718e-02,1.581217162311077118e-02,1.544895302504301071e-02,1.659234613180160522e-02,1.560464967042207718e-02,1.442290004342794418e-02,1.467375643551349640e-02,1.467627845704555511e-02,1.433346886187791824e-02,1.455818116664886475e-02,1.420582458376884460e-02,1.362305879592895508e-02,1.448072306811809540e-02
1.730666868388652802e-02,1.989735849201679230e-02,2.235131151974201202e-02,1.984306611120700836e-02,2.025504224002361298e-02,1.732624880969524384e-02,1.991792023181915283e-02,2.039109356701374054e-02,2.250803075730800629e-02,2.005160227417945862e-02,1.795148476958274841e-02,1.911371760070323944e-02,1.989799737930297852e-02,1.968144997954368591e-02,1.820935308933258057e-02,1.988550089299678802e-02,1.724986359477043152e-02,1.684504374861717224e-02,1.980815827846527100e-02,2.083004266023635864e-02,1.761036366224288940e-02,1.978414133191108704e-02,1.954021491110324860e-02,2.098482847213745117e-02,1.956972293555736542e-02,1.678867265582084656e-02,1.464735437184572220e-02,1.951520889997482300e-02,1.883744448423385620e-02,1.712716929614543915e-02,1.942202262580394745e-02,1.923687383532524109e-02,1.931087113916873932e-02,1.936703734099864960e-02,1.995525136590003967e-02,2.068606577813625336e-02,1.930969953536987305e-02,1.845987141132354736e-02,1.824519038200378418e-02,1.922038011252880096e-02,1.815949939191341400e-02,1.694637350738048553e-02,1.694489084184169769e-02,1.695458404719829559e-02,1.675074547529220581e-02,1.681703515350818634e-02,1.645768992602825165e-02,1.592126488685607910e-02,1.673140749335289001e-02
1.753165386617183685e-02,2.039987035095691681e-02,2.317331358790397644e-02,2.030988968908786774e-02,2.064244449138641357e-02,1.745656132698059082e-02,2.039109356701374054e-02,2.326776832342147827e-02,2.567550726234912872e-02,2.265208400785923004e-02,2.029147557914257050e-02,2.161013334989547729e-02,2.252310700714588165e-02,2.227855287492275238e-02,2.064620703458786011e-02,2.251748181879520416e-02,1.970195211470127106e-02,1.935420185327529907e-02,2.243900299072265625e-02,2.360686659812927246e-02,2.007157169282436371e-02,2.241375483572483063e-02,2.223624102771282196e-02,2.386473678052425385e-02,2.218400128185749054e-02,1.913937926292419434e-02,1.678802818059921265e-02,2.213081344962120056e-02,2.145328186452388763e-02,1.959791406989097595e-02,2.203166671097278595e-02,2.190716192126274109e-02,2.197101339697837830e-02,2.197046019136905670e-02,2.265375666320323944e-02,2.353063225746154785e-02,2.190911956131458282e-02,2.099508419632911682e-02,2.086097747087478638e-02,2.181506715714931488e-02,2.063846774399280548e-02,1.931535452604293823e-02,1.918639428913593292e-02,1.927165687084197998e-02,1.909710280597209930e-02,1.904997602105140686e-02,1.868688687682151794e-02,1.812629774212837219e-02,1.895980723202228546e-02
1.933938078582286835e-02,2.249719575047492981e-02,2.554593235254287720e-02,2.241567522287368774e-02,2.282367460429668427e-02,1.924722269177436829e-02,2.250803075730800629e-02,2.567550726234912872e-02,2.401466295123100281e-02,2.102534845471382141e-02,1.883415691554546356e-02,2.007623016834259033e-02,2.094280347228050232e-02,2.069423347711563110e-02,1.917226426303386688e-02,2.094306983053684235e-02,1.839873753488063812e-02,1.810246706008911133e-02,2.087241224944591522e-02,2.195302769541740417e-02,1.868382468819618225e-02,2.084805257618427277e-02,2.075813896954059601e-02,2.226331830024719238e-02,2.063494734466075897e-02,1.786265335977077484e-02,1.569765433669090271e-02,2.059049345552921295e-02,2.000370621681213379e-02,1.828433386981487274e-02,2.050151489675045013e-02,2.042422443628311157e-02,2.045251801609992981e-02,2.044356800615787506e-02,2.109786681830883026e-02,2.194548770785331726e-02,2.038777619600296021e-02,1.956307142972946167e-02,1.952143199741840363e-02,2.030433900654315948e-02,1.921918801963329315e-02,1.804986782371997833e-02,1.773077808320522308e-02,1.783812046051025391e-02,1.773284561932086945e-02,1.760829612612724304e-02,1.730019226670265198e-02,1.681099086999893188e-02,1.752791553735733032e-02
1.742093823850154877e-02,2.002990618348121643e-02,2.250331081449985504e-02,1.997612416744232178e-02,2.039175294339656830e-02,1.744268462061882019e-02,2.005160227417945862e-02,2.265208400785923004e-02,2.102534845471382141e-02,2.017221599817276001e-02,1.805797778069972992e-02,1.922980323433876038e-02,2.002117596566677094e-02,1.980415731668472290e-02,1.832298375666141510e-02,2.000898122787475586e-02,1.736250706017017365e-02,1.695756986737251282e-02,1.993143558502197266e-02,2.096129581332206726e-02,1.772240735590457916e-02,1.990724168717861176e-02,1.966484263539314270e-02,2.111817523837089539e-02,1.969438418745994568e-02,1.689855195581912994e-02,1.474428456276655197e-02,1.964005269110202789e-02,1.896273158490657806e-02,1.724259927868843079e-02,1.954657770693302155e-02,1.936508901417255402e-02,1.943721249699592590e-02,1.949132792651653290e-02,2.008496597409248352e-02,2.082168683409690857e-02,1.943383738398551941e-02,1.857813820242881775e-02,1.836832426488399506e-02,1.934425532817840576e-02,1.827615313231945038e-02,1.705781556665897369e-02,1.705491729080677032e-02,1.706849038600921631e-02,1.686504483222961426e-02,1.692657917737960815e-02,1.656791754066944122e-02,1.602855324745178223e-02,1.684068888425827026e-02
1.558731775730848312e-02,1.795295998454093933e-02,2.014700323343276978e-02,1.788827963173389435e-02,1.817348040640354156e-02,1.540270354598760605e-02,1.795148476958274841e-02,2.029147557914257050e-02,1.883415691554546356e-02,1.805797778069972992e-02,1.951120421290397644e-02,2.086619846522808075e-02,2.161849848926067352e-02,2.158308587968349457e-02,2.008182741701602936e-02,2.161724120378494263e-02,1.890754327178001404e-02,1.864353008568286896e-02,2.154219150543212891e-02,2.263698354363441467e-02,1.932193338871002197e-02,2.152206562459468842e-02,2.143835090100765228e-02,2.306344173848628998e-02,2.135018073022365570e-02,1.838744804263114929e-02,1.615020632743835449e-02,2.130307443439960480e-02,2.065637335181236267e-02,1.893308199942111969e-02,2.120918035507202148e-02,2.110916003584861755e-02,2.130080759525299072e-02,2.114919759333133698e-02,2.180341631174087524e-02,2.283058874309062958e-02,2.109075896441936493e-02,2.024825476109981537e-02,2.023681998252868652e-02,2.099976316094398499e-02,1.986819878220558167e-02,1.870010420680046082e-02,1.840313710272312164e-02,1.850992068648338318e-02,1.852834038436412811e-02,1.827286183834075928e-02,1.795042306184768677e-02,1.755698956549167633e-02,1.818744279444217682e-02
1.655144430696964264e-02,1.908932253718376160e-02,2.148275449872016907e-02,1.904283463954925537e-02,1.936852000653743744e-02,1.637837849557399750e-02,1.911371760070323944e-02,2.161013334989547729e-02,2.007623016834259033e-02,1.922980323433876038e-02,2.086619846522808075e-02,1.966275461018085480e-02,2.037247270345687866e-02,2.038009278476238251e-02,1.895488984882831573e-02,2.037307992577552795e-02,1.781645417213439941e-02,1.761813275516033173e-02,2.030388452112674713e-02,2.136847190558910370e-02,1.825099438428878784e-02,2.028641104698181152e-02,2.024796046316623688e-02,2.184241078794002533e-02,2.014063671231269836e-02,1.734138466417789459e-02,1.524242665618658066e-02,2.009829320013523102e-02,1.950583420693874359e-02,1.788613945245742798e-02,2.001084759831428528e-02,1.994185149669647217e-02,2.014601789414882660e-02,1.995334960520267487e-02,2.058855630457401276e-02,2.164061926305294037e-02,1.989901997148990631e-02,1.912113092839717865e-02,1.918218657374382019e-02,1.981459185481071472e-02,1.872990094125270844e-02,1.768084429204463959e-02,1.726141199469566345e-02,1.739257387816905975e-02,1.744531281292438507e-02,1.714088767766952515e-02,1.687545888125896454e-02,1.652771607041358948e-02,1.706227473914623260e-02
1.725441403687000275e-02,1.987030357122421265e-02,2.237585745751857758e-02,1.982052810490131378e-02,2.025520242750644684e-02,1.728099212050437927e-02,1.989799737930297852e-02,2.252310700714588165e-02,2.094280347228050232e-02,2.002117596566677094e-02,2.161849848926067352e-02,2.037247270345687866e-02,1.961486227810382843e-02,1.929812505841255188e-02,1.782535389065742493e-02,1.960206031799316406e-02,1.698415912687778473e-02,1.655901409685611725e-02,1.952484250068664551e-02,2.058932185173034668e-02,1.728382892906665802e-02,1.949735544621944427e-02,1.920744776725769043e-02,2.061185240745544434e-02,1.930061541497707367e-02,1.654380559921264648e-02,1.436869893223047256e-02,1.924778521060943604e-02,1.857582852244377136e-02,1.682760752737522125e-02,1.915631629526615143e-02,1.899516582489013672e-02,1.899816654622554779e-02,1.910285465419292450e-02,1.970675773918628693e-02,2.032192796468734741e-02,1.904640346765518188e-02,1.814965531229972839e-02,1.790842413902282715e-02,1.895810477435588837e-02,1.787945628166198730e-02,1.665377244353294373e-02,1.676908321678638458e-02,1.680008694529533386e-02,1.651972532272338867e-02,1.664234139025211334e-02,1.629493758082389832e-02,1.569137908518314362e-02,1.655769348144531250e-02
1.701743714511394501e-02,1.964346319437026978e-02,2.213561162352561951e-02,1.960910670459270477e-02,1.994673535227775574e-02,1.678972691297531128e-02,1.968144997954368591e-02,2.227855287492275238e-02,2.069423347711563110e-02,1.980415731668472290e-02,2.158308587968349457e-02,2.038009278476238251e-02,1.929812505841255188e-02,1.964279077947139740e-02,1.814089529216289520e-02,1.995920762419700623e-02,1.732645742595195770e-02,1.688457280397415161e-02,1.988157443702220917e-02,2.093413285911083221e-02,1.759941689670085907e-02,1.985270716249942780e-02,1.956393755972385406e-02,2.097636833786964417e-02,1.966362632811069489e-02,1.688973046839237213e-02,1.469522900879383087e-02,1.961140148341655731e-02,1.897083409130573273e-02,1.722251065075397491e-02,1.951929926872253418e-02,1.936772279441356659e-02,1.935174502432346344e-02,1.946591772139072418e-02,2.007881924510002136e-02,2.068636380136013031e-02,1.940978132188320160e-02,1.848636381328105927e-02,1.827298663556575775e-02,1.932156272232532501e-02,1.823096908628940582e-02,1.699765212833881378e-02,1.716476678848266602e-02,1.718386635184288025e-02,1.685144007205963135e-02,1.703672483563423157e-02,1.668710634112358093e-02,1.601824164390563965e-02,1.695142313838005066e-02
1.568089425563812256e-02,1.816812716424465179e-02,2.058177255094051361e-02,1.814100891351699829e-02,1.842021383345127106e-02,1.543343812227249146e-02,1.820935308933258057e-02,2.064620703458786011e-02,1.917226426303386688e-02,1.832298375666141510e-02,2.008182741701602936e-02,1.895488984882831573e-02,1.782535389065742493e-02,1.814089529216289520e-02,1.948576420545578003e-02,2.133952639997005463e-02,1.863395795226097107e-02,1.819421537220478058e-02,2.126019634306430817e-02,2.233836427330970764e-02,1.891343854367733002e-02,2.123055048286914825e-02,2.100980654358863831e-02,2.247901260852813721e-02,2.101751230657100677e-02,1.816446520388126373e-02,1.590511016547679901e-02,2.096496522426605225e-02,2.032688818871974945e-02,1.854960247874259949e-02,2.087024040520191193e-02,2.071944437921047211e-02,2.073322050273418427e-02,2.081375196576118469e-02,2.145229652523994446e-02,2.219607867300510406e-02,2.075578458607196808e-02,1.984261162579059601e-02,1.971727609634399414e-02,2.066584676504135132e-02,1.955008320510387421e-02,1.833204366266727448e-02,1.825734972953796387e-02,1.824738830327987671e-02,1.795765571296215057e-02,1.812402345240116119e-02,1.774095185101032257e-02,1.708817668259143829e-02,1.803518272936344147e-02
1.723614707589149475e-02,1.985691487789154053e-02,2.237198501825332642e-02,1.980771869421005249e-02,2.024332433938980103e-02,1.726455986499786377e-02,1.988550089299678802e-02,2.251748181879520416e-02,2.094306983053684235e-02,2.000898122787475586e-02,2.161724120378494263e-02,2.037307992577552795e-02,1.960206031799316406e-02,1.995920762419700623e-02,2.133952639997005463e-02,1.960455626249313354e-02,1.698961853981018066e-02,1.656506769359111786e-02,1.952746696770191193e-02,2.059277333319187164e-02,1.728522963821887970e-02,1.949983462691307068e-02,1.920983567833900452e-02,2.061285264790058136e-02,1.930364966392517090e-02,1.654834486544132233e-02,1.437249407172203064e-02,1.925099454820156097e-02,1.858108863234519958e-02,1.683289743959903717e-02,1.915965788066387177e-02,1.900044642388820648e-02,1.900133863091468811e-02,1.910628750920295715e-02,1.971055939793586731e-02,2.032343298196792603e-02,1.904990151524543762e-02,1.815145276486873627e-02,1.791165396571159363e-02,1.896169967949390411e-02,1.788228191435337067e-02,1.665777899324893951e-02,1.677518151700496674e-02,1.680694706737995148e-02,1.652489043772220612e-02,1.664851605892181396e-02,1.630130596458911896e-02,1.569622009992599487e-02,1.656395196914672852e-02
1.482271868735551834e-02,1.722986809909343719e-02,1.956119015812873840e-02,1.717676222324371338e-02,1.753551140427589417e-02,1.485933642834424973e-02,1.724986359477043152e-02,1.970195211470127106e-02,1.839873753488063812e-02,1.736250706017017365e-02,1.890754327178001404e-02,1.781645417213439941e-02,1.698415912687778473e-02,1.732645742595195770e-02,1.863395795226097107e-02,1.698961853981018066e-02,1.547220256179571152e-02,1.499216631054878235e-02,1.786405406892299652e-02,1.885870657861232758e-02,1.566856727004051208e-02,1.783448643982410431e-02,1.745229586958885193e-02,1.871899701654911041e-02,1.759479567408561707e-02,1.500316988676786423e-02,1.293124165385961533e-02,1.754027791321277618e-02,1.687660440802574158e-02,1.520488876849412918e-02,1.745326630771160126e-02,1.727718673646450043e-02,1.721864938735961914e-02,1.740505360066890717e-02,1.797188818454742432e-02,1.835224032402038574e-02,1.735112443566322327e-02,1.644358783960342407e-02,1.612772047519683838e-02,1.726690120995044708e-02,1.623573899269104004e-02,1.503567490726709366e-02,1.536625158041715622e-02,1.536341849714517593e-02,1.495879422873258591e-02,1.524585764855146408e-02,1.489358115941286087e-02,1.422703824937343597e-02,1.516553759574890137e-02
1.437229756265878677e-02,1.681644655764102936e-02,1.917682401835918427e-02,1.677051745355129242e-02,1.706579513847827911e-02,1.435746066272258759e-02,1.684504374861717224e-02,1.935420185327529907e-02,1.810246706008911133e-02,1.695756986737251282e-02,1.864353008568286896e-02,1.761813275516033173e-02,1.655901409685611725e-02,1.688457280397415161e-02,1.819421537220478058e-02,1.656506769359111786e-02,1.499216631054878235e-02,1.504341140389442444e-02,1.788853295147418976e-02,1.884510368108749390e-02,1.569672115147113800e-02,1.785905659198760986e-02,1.750091463327407837e-02,1.874762028455734253e-02,1.757235452532768250e-02,1.499686762690544128e-02,1.295011863112449646e-02,1.751727610826492310e-02,1.685320027172565460e-02,1.518522016704082489e-02,1.743058115243911743e-02,1.724207960069179535e-02,1.720473356544971466e-02,1.738189905881881714e-02,1.794547215104103088e-02,1.833970844745635986e-02,1.732751168310642242e-02,1.642942614853382111e-02,1.612726412713527679e-02,1.724371872842311859e-02,1.622929424047470093e-02,1.505938544869422913e-02,1.528187189251184464e-02,1.524517405778169632e-02,1.489506382495164871e-02,1.516090799123048782e-02,1.477581728249788284e-02,1.415893714874982834e-02,1.507992390543222427e-02
1.716150343418121338e-02,1.977739296853542328e-02,2.228838950395584106e-02,1.973036304116249084e-02,2.016429603099822998e-02,1.719214208424091339e-02,1.980815827846527100e-02,2.243900299072265625e-02,2.087241224944591522e-02,1.993143558502197266e-02,2.154219150543212891e-02,2.030388452112674713e-02,1.952484250068664551e-02,1.988157443702220917e-02,2.126019634306430817e-02,1.952746696770191193e-02,1.786405406892299652e-02,1.788853295147418976e-02,1.945671439170837402e-02,2.051849663257598877e-02,1.721976883709430695e-02,1.942903175950050354e-02,1.914144121110439301e-02,2.053762972354888916e-02,1.923468336462974548e-02,1.649045757949352264e-02,1.432176306843757629e-02,1.918243989348411560e-02,1.851702108979225159e-02,1.677393354475498199e-02,1.909154281020164490e-02,1.893457584083080292e-02,1.893316395580768585e-02,1.903837732970714569e-02,1.964109763503074646e-02,2.025075070559978485e-02,1.898225210607051849e-02,1.808590628206729889e-02,1.784854754805564880e-02,1.889445632696151733e-02,1.781825534999370575e-02,1.659931428730487823e-02,1.671668700873851776e-02,1.674892380833625793e-02,1.646811142563819885e-02,1.659054122865200043e-02,1.624472998082637787e-02,1.564130559563636780e-02,1.650633290410041809e-02
1.803949475288391113e-02,2.077646180987358093e-02,2.340197935700416565e-02,2.074505947530269623e-02,2.128733322024345398e-02,1.819134317338466644e-02,2.083004266023635864e-02,2.360686659812927246e-02,2.195302769541740417e-02,2.096129581332206726e-02,2.263698354363441467e-02,2.136847190558910370e-02,2.058932185173034668e-02,2.093413285911083221e-02,2.233836427330970764e-02,2.059277333319187164e-02,1.885870657861232758e-02,1.884510368108749390e-02,2.051849663257598877e-02,1.971638947725296021e-02,1.639907620847225189e-02,1.862618699669837952e-02,1.826824806630611420e-02,1.958121173083782196e-02,1.840494573116302490e-02,1.574375107884407043e-02,1.359264366328716278e-02,1.835221797227859497e-02,1.769639551639556885e-02,1.595250517129898071e-02,1.826368831098079681e-02,1.810732111334800720e-02,1.803160086274147034e-02,1.821353100240230560e-02,1.880489289760589600e-02,1.924708299338817596e-02,1.815882883965969086e-02,1.722604967653751373e-02,1.694253459572792053e-02,1.807306706905364990e-02,1.700077019631862640e-02,1.578273624181747437e-02,1.596079021692276001e-02,1.599461399018764496e-02,1.564339362084865570e-02,1.583790592849254608e-02,1.549775339663028717e-02,1.484354306012392044e-02,1.575627364218235016e-02
1.515972614288330078e-02,1.758801937103271484e-02,1.986812613904476166e-02,1.754152402281761169e-02,1.789467409253120422e-02,1.507515273988246918e-02,1.761036366224288940e-02,2.007157169282436371e-02,1.868382468819618225e-02,1.772240735590457916e-02,1.932193338871002197e-02,1.825099438428878784e-02,1.728382892906665802e-02,1.759941689670085907e-02,1.891343854367733002e-02,1.728522963821887970e-02,1.566856727004051208e-02,1.569672115147113800e-02,1.721976883709430695e-02,1.639907620847225189e-02,1.492624823004007339e-02,1.698287948966026306e-02,1.668240688741207123e-02,1.785825006663799286e-02,1.674226112663745880e-02,1.434348523616790771e-02,1.239576563239097595e-02,1.669498905539512634e-02,1.611540652811527252e-02,1.451841183006763458e-02,1.661484688520431519e-02,1.647141203284263611e-02,1.640045642852783203e-02,1.656849868595600128e-02,1.711174286901950836e-02,1.752337440848350525e-02,1.651847176253795624e-02,1.566762849688529968e-02,1.545056235045194626e-02,1.644114032387733459e-02,1.547384075820446014e-02,1.441707834601402283e-02,1.443562004715204239e-02,1.442593801766633987e-02,1.415277179330587387e-02,1.432293839752674103e-02,1.399048790335655212e-02,1.342564821243286133e-02,1.424791384488344193e-02
1.713804900646209717e-02,1.975279115140438080e-02,2.226110175251960754e-02,1.970649138092994690e-02,2.013821527361869812e-02,1.716350205242633820e-02,1.978414133191108704e-02,2.241375483572483063e-02,2.084805257618427277e-02,1.990724168717861176e-02,2.152206562459468842e-02,2.028641104698181152e-02,1.949735544621944427e-02,1.985270716249942780e-02,2.123055048286914825e-02,1.949983462691307068e-02,1.783448643982410431e-02,1.785905659198760986e-02,1.942903175950050354e-02,1.862618699669837952e-02,1.698287948966026306e-02,1.938172988593578339e-02,1.909370161592960358e-02,2.048573456704616547e-02,1.918640360236167908e-02,1.644863560795783997e-02,1.428300142288208008e-02,1.913432963192462921e-02,1.847140491008758545e-02,1.673121936619281769e-02,1.904368959367275238e-02,1.888786815106868744e-02,1.888451911509037018e-02,1.899067685008049011e-02,1.959197781980037689e-02,2.019736915826797485e-02,1.893466897308826447e-02,1.803807727992534637e-02,1.780202239751815796e-02,1.884708926081657410e-02,1.777241937816143036e-02,1.655698381364345551e-02,1.667349413037300110e-02,1.670553348958492279e-02,1.642364636063575745e-02,1.654761657118797302e-02,1.620263420045375824e-02,1.559878513216972351e-02,1.646361686289310455e-02
1.682879030704498291e-02,1.953140459954738617e-02,2.214518561959266663e-02,1.946133561432361603e-02,1.982717774808406830e-02,1.678831502795219421e-02,1.954021491110324860e-02,2.223624102771282196e-02,2.075813896954059601e-02,1.966484263539314270e-02,2.143835090100765228e-02,2.024796046316623688e-02,1.920744776725769043e-02,1.956393755972385406e-02,2.100980654358863831e-02,1.920983567833900452e-02,1.745229586958885193e-02,1.750091463327407837e-02,1.914144121110439301e-02,1.826824806630611420e-02,1.668240688741207123e-02,1.909370161592960358e-02,1.840692572295665741e-02,1.973257213830947876e-02,1.849739439785480499e-02,1.586977578699588776e-02,1.376653648912906647e-02,1.844962313771247864e-02,1.782853342592716217e-02,1.613967865705490112e-02,1.836398430168628693e-02,1.823619194328784943e-02,1.820400916039943695e-02,1.831347867846488953e-02,1.890776865184307098e-02,1.946815475821495056e-02,1.826019771397113800e-02,1.737260073423385620e-02,1.715990900993347168e-02,1.817661337554454803e-02,1.712838932871818542e-02,1.598616689443588257e-02,1.606515981256961823e-02,1.610981859266757965e-02,1.583003625273704529e-02,1.594462431967258453e-02,1.561084203422069550e-02,1.501829549670219421e-02,1.586454361677169800e-02
1.806850731372833252e-02,2.094803750514984131e-02,2.364248782396316528e-02,2.090058661997318268e-02,2.126744017004966736e-02,1.794227212667465210e-02,2.098482847213745117e-02,2.386473678052425385e-02,2.226331830024719238e-02,2.111817523837089539e-02,2.306344173848628998e-02,2.184241078794002533e-02,2.061185240745544434e-02,2.097636833786964417e-02,2.247901260852813721e-02,2.061285264790058136e-02,1.871899701654911041e-02,1.874762028455734253e-02,2.053762972354888916e-02,1.958121173083782196e-02,1.785825006663799286e-02,2.048573456704616547e-02,1.973257213830947876e-02,1.936363428831100464e-02,1.814669370651245117e-02,1.558915805071592331e-02,1.353141758590936661e-02,1.809993200004100800e-02,1.749261841177940369e-02,1.580532453954219818e-02,1.801585219800472260e-02,1.788356713950634003e-02,1.783701963722705841e-02,1.796619780361652374e-02,1.855196245014667511e-02,1.908205263316631317e-02,1.791403070092201233e-02,1.705147884786128998e-02,1.683496311306953430e-02,1.783319376409053802e-02,1.681564375758171082e-02,1.569511741399765015e-02,1.573026739060878754e-02,1.574726216495037079e-02,1.547303050756454468e-02,1.561179850250482559e-02,1.526079606264829636e-02,1.467653457075357437e-02,1.553269848227500916e-02
1.692552305757999420e-02,1.952381618320941925e-02,2.206769399344921112e-02,1.949233189225196838e-02,1.990189403295516968e-02,1.690997555851936340e-02,1.956972293555736542e-02,2.218400128185749054e-02,2.063494734466075897e-02,1.969438418745994568e-02,2.135018073022365570e-02,2.014063671231269836e-02,1.930061541497707367e-02,1.966362632811069489e-02,2.101751230657100677e-02,1.930364966392517090e-02,1.759479567408561707e-02,1.757235452532768250e-02,1.923468336462974548e-02,1.840494573116302490e-02,1.674226112663745880e-02,1.918640360236167908e-02,1.849739439785480499e-02,1.814669370651245117e-02,1.876391656696796417e-02,1.608110778033733368e-02,1.392163522541522980e-02,1.871145330369472504e-02,1.802338473498821259e-02,1.629070751368999481e-02,1.862241141498088837e-02,1.846764609217643738e-02,1.839315891265869141e-02,1.857056468725204468e-02,1.917701400816440582e-02,1.966758444905281067e-02,1.851536892354488373e-02,1.760291866958141327e-02,1.733922213315963745e-02,1.842958480119705200e-02,1.735816523432731628e-02,1.612937450408935547e-02,1.635061949491500854e-02,1.639197207987308502e-02,1.604439131915569305e-02,1.622512377798557281e-02,1.588396728038787842e-02,1.524464692920446396e-02,1.614095643162727356e-02
1.445199269801378250e-02,1.677098870277404785e-02,1.906275376677513123e-02,1.672064885497093201e-02,1.704267039895057678e-02,1.443779747933149338e-02,1.678867265582084656e-02,1.913937926292419434e-02,1.786265335977077484e-02,1.689855195581912994e-02,1.838744804263114929e-02,1.734138466417789459e-02,1.654380559921264648e-02,1.688973046839237213e-02,1.816446520388126373e-02,1.654834486544132233e-02,1.500316988676786423e-02,1.499686762690544128e-02,1.649045757949352264e-02,1.574375107884407043e-02,1.434348523616790771e-02,1.644863560795783997e-02,1.586977578699588776e-02,1.558915805071592331e-02,1.608110778033733368e-02,1.639827340841293335e-02,1.420647185295820236e-02,1.905064843595027924e-02,1.835983246564865112e-02,1.662572473287582397e-02,1.896066963672637939e-02,1.880514621734619141e-02,1.873284950852394104e-02,1.890832185745239258e-02,1.952719874680042267e-02,2.001881040632724762e-02,1.885223016142845154e-02,1.792739145457744598e-02,1.768497377634048462e-02,1.876583322882652283e-02,1.767729595303535461e-02,1.644888147711753845e-02,1.660416647791862488e-02,1.662160269916057587e-02,1.627202518284320831e-02,1.647682674229145050e-02,1.611734926700592041e-02,1.547246705740690231e-02,1.639139652252197266e-02
1.252375822514295578e-02,1.465890370309352875e-02,1.675727590918540955e-02,1.458696648478507996e-02,1.480538025498390198e-02,1.246312260627746582e-02,1.464735437184572220e-02,1.678802818059921265e-02,1.569765433669090271e-02,1.474428456276655197e-02,1.615020632743835449e-02,1.524242665618658066e-02,1.436869893223047256e-02,1.469522900879383087e-02,1.590511016547679901e-02,1.437249407172203064e-02,1.293124165385961533e-02,1.295011863112449646e-02,1.432176306843757629e-02,1.359264366328716278e-02,1.239576563239097595e-02,1.428300142288208008e-02,1.376653648912906647e-02,1.353141758590936661e-02,1.392163522541522980e-02,1.420647185295820236e-02,1.434320304542779922e-02,1.911238580942153931e-02,1.846044138073921204e-02,1.678803190588951111e-02,1.902457140386104584e-02,1.889108493924140930e-02,1.887041330337524414e-02,1.897213608026504517e-02,1.960267871618270874e-02,2.018935605883598328e-02,1.891705207526683807e-02,1.801359653472900391e-02,1.788332127034664154e-02,1.883332245051860809e-02,1.775141432881355286e-02,1.661207154393196106e-02,1.656984537839889526e-02,1.659109070897102356e-02,1.633936725556850433e-02,1.644505746662616730e-02,1.608356274664402008e-02,1.550775580108165741e-02,1.636174321174621582e-02
1.687104813754558563e-02,1.946821250021457672e-02,2.201539836823940277e-02,1.943764649331569672e-02,1.984738558530807495e-02,1.685661263763904572e-02,1.951520889997482300e-02,2.213081344962120056e-02,2.059049345552921295e-02,1.964005269110202789e-02,2.130307443439960480e-02,2.009829320013523102e-02,1.924778521060943604e-02,1.961140148341655731e-02,2.096496522426605225e-02,1.925099454820156097e-02,1.754027791321277618e-02,1.751727610826492310e-02,1.918243989348411560e-02,1.835221797227859497e-02,1.669498905539512634e-02,1.913432963192462921e-02,1.844962313771247864e-02,1.809993200004100800e-02,1.871145330369472504e-02,1.905064843595027924e-02,1.911238580942153931e-02,1.865366846323013306e-02,1.796763949096202850e-02,1.623916812241077423e-02,1.856489852070808411e-02,1.841112039983272552e-02,1.833464764058589935e-02,1.851321570575237274e-02,1.911856234073638916e-02,1.960458420217037201e-02,1.845815777778625488e-02,1.754624955356121063e-02,1.728381030261516571e-02,1.837264373898506165e-02,1.730324700474739075e-02,1.607794500887393951e-02,1.629754714667797089e-02,1.633812859654426575e-02,1.599009335041046143e-02,1.617238298058509827e-02,1.583183184266090393e-02,1.519303955137729645e-02,1.608843728899955750e-02
1.622246764600276947e-02,1.878240145742893219e-02,2.130923792719841003e-02,1.876000128686428070e-02,1.915622130036354065e-02,1.619186252355575562e-02,1.883744448423385620e-02,2.145328186452388763e-02,2.000370621681213379e-02,1.896273158490657806e-02,2.065637335181236267e-02,1.950583420693874359e-02,1.857582852244377136e-02,1.897083409130573273e-02,2.032688818871974945e-02,1.858108863234519958e-02,1.687660440802574158e-02,1.685320027172565460e-02,1.851702108979225159e-02,1.769639551639556885e-02,1.611540652811527252e-02,1.847140491008758545e-02,1.782853342592716217e-02,1.749261841177940369e-02,1.802338473498821259e-02,1.835983246564865112e-02,1.846044138073921204e-02,1.796763949096202850e-02,1.829713210463523865e-02,1.659493707120418549e-02,1.886208914220333099e-02,1.873779483139514923e-02,1.869774609804153442e-02,1.881021447479724884e-02,1.944247260689735413e-02,1.999400183558464050e-02,1.875582896173000336e-02,1.784064061939716339e-02,1.766534149646759033e-02,1.867104135453701019e-02,1.758654415607452393e-02,1.641323976218700409e-02,1.651182211935520172e-02,1.657100394368171692e-02,1.629319228231906891e-02,1.638747192919254303e-02,1.605381816625595093e-02,1.546526234596967697e-02,1.630510017275810242e-02
1.465887762606143951e-02,1.704179868102073669e-02,1.939764991402626038e-02,1.705552078783512115e-02,1.732184365391731262e-02,1.450513023883104324e-02,1.712716929614543915e-02,1.959791406989097595e-02,1.828433386981487274e-02,1.724259927868843079e-02,1.893308199942111969e-02,1.788613945245742798e-02,1.682760752737522125e-02,1.722251065075397491e-02,1.854960247874259949e-02,1.683289743959903717e-02,1.520488876849412918e-02,1.518522016704082489e-02,1.677393354475498199e-02,1.595250517129898071e-02,1.451841183006763458e-02,1.673121936619281769e-02,1.613967865705490112e-02,1.580532453954219818e-02,1.629070751368999481e-02,1.662572473287582397e-02,1.678803190588951111e-02,1.623916812241077423e-02,1.659493707120418549e-02,1.651624031364917755e-02,1.867360435426235199e-02,1.856200583279132843e-02,1.855128817260265350e-02,1.862260140478610992e-02,1.924713887274265289e-02,1.987175829708576202e-02,1.857125200331211090e-02,1.771708577871322632e-02,1.762511394917964935e-02,1.849138364195823669e-02,1.745563931763172150e-02,1.637515984475612640e-02,1.634926348924636841e-02,1.638523302972316742e-02,1.616556942462921143e-02,1.622906886041164398e-02,1.589277386665344238e-02,1.535355579107999802e-02,1.614910177886486053e-02
1.678440161049365997e-02,1.937424764037132263e-02,2.191566862165927887e-02,1.934453845024108887e-02,1.975302956998348236e-02,1.677218824625015259e-02,1.942202262580394745e-02,2.203166671097278595e-02,2.050151489675045013e-02,1.954657770693302155e-02,2.120918035507202148e-02,2.001084759831428528e-02,1.915631629526615143e-02,1.951929926872253418e-02,2.087024040520191193e-02,1.915965788066387177e-02,1.745326630771160126e-02,1.743058115243911743e-02,1.909154281020164490e-02,1.826368831098079681e-02,1.661484688520431519e-02,1.904368959367275238e-02,1.836398430168628693e-02,1.801585219800472260e-02,1.862241141498088837e-02,1.896066963672637939e-02,1.902457140386104584e-02,1.856489852070808411e-02,1.886208914220333099e-02,1.867360435426235199e-02,1.850414648652076721e-02,1.835136488080024719e-02,1.827376522123813629e-02,1.845263876020908356e-02,1.905668526887893677e-02,1.953851617872714996e-02,1.839773729443550110e-02,1.748727262020111084e-02,1.722540892660617828e-02,1.831250451505184174e-02,1.724565774202346802e-02,1.602437533438205719e-02,1.624513790011405945e-02,1.628584414720535278e-02,1.593877188861370087e-02,1.612036302685737610e-02,1.578016020357608795e-02,1.514381170272827148e-02,1.603668369352817535e-02
1.656153053045272827e-02,1.916124299168586731e-02,2.175472676753997803e-02,1.915617473423480988e-02,1.958290487527847290e-02,1.657589897513389587e-02,1.923687383532524109e-02,2.190716192126274109e-02,2.042422443628311157e-02,1.936508901417255402e-02,2.110916003584861755e-02,1.994185149669647217e-02,1.899516582489013672e-02,1.936772279441356659e-02,2.071944437921047211e-02,1.900044642388820648e-02,1.727718673646450043e-02,1.724207960069179535e-02,1.893457584083080292e-02,1.810732111334800720e-02,1.647141203284263611e-02,1.888786815106868744e-02,1.823619194328784943e-02,1.788356713950634003e-02,1.846764609217643738e-02,1.880514621734619141e-02,1.889108493924140930e-02,1.841112039983272552e-02,1.873779483139514923e-02,1.856200583279132843e-02,1.835136488080024719e-02,1.878739148378372192e-02,1.870081014931201935e-02,1.886891759932041168e-02,1.949310861527919769e-02,1.998337358236312866e-02,1.881400309503078461e-02,1.788683235645294189e-02,1.765593327581882477e-02,1.872885040938854218e-02,1.764755509793758392e-02,1.644160598516464233e-02,1.654502563178539276e-02,1.659987494349479675e-02,1.629304885864257812e-02,1.641950197517871857e-02,1.606961898505687714e-02,1.546778809279203415e-02,1.633585803210735321e-02
