9.808009862899780273e-01,9.641451835632324219e-01,8.660324215888977051e-01,9.628552198410034180e-01,9.202312231063842773e-01,8.483068346977233887e-01,9.610192179679870605e-01,8.340979814529418945e-01,6.353442072868347168e-01,9.582946896553039551e-01,8.513242602348327637e-01,7.589688897132873535e-01,9.235914349555969238e-01,8.715823888778686523e-01,7.924155592918395996e-01,9.187858700752258301e-01,8.971737027168273926e-01,8.856365680694580078e-01,9.140781164169311523e-01,8.265131711959838867e-01,7.455542683601379395e-01,9.100765585899353027e-01,8.289331197738647461e-01,8.168298006057739258e-01,8.748665452003479004e-01,8.505442738533020020e-01,7.746210098266601562e-01,8.701908588409423828e-01,8.056270480155944824e-01,7.446513175964355469e-01,8.675547242164611816e-01,8.077679872512817383e-01,7.860919833183288574e-01,8.641028404235839844e-01,7.915669679641723633e-01,7.020306587219238281e-01,8.598371148109436035e-01,7.879493832588195801e-01,7.347838878631591797e-01,8.559712767601013184e-01,8.213701248168945312e-01,7.292065024375915527e-01,7.652075886726379395e-01,7.324856519699096680e-01,7.193691134452819824e-01,7.607409954071044922e-01,7.125464081764221191e-01,6.846432089805603027e-01,7.576498389244079590e-01
9.641451835632324219e-01,9.547376036643981934e-01,9.007247686386108398e-01,9.540303349494934082e-01,9.503750205039978027e-01,9.092739820480346680e-01,9.552593827247619629e-01,8.665695786476135254e-01,6.920161843299865723e-01,9.548749327659606934e-01,8.365390896797180176e-01,7.357110977172851562e-01,9.465206265449523926e-01,9.121651053428649902e-01,8.437469005584716797e-01,9.437034130096435547e-01,9.343509078025817871e-01,9.305022954940795898e-01,9.409601688385009766e-01,8.820327520370483398e-01,8.208768963813781738e-01,9.382147192955017090e-01,8.824265599250793457e-01,8.772561550140380859e-01,9.095607995986938477e-01,8.849378228187561035e-01,8.269607424736022949e-01,9.060627222061157227e-01,8.538287281990051270e-01,8.063272237777709961e-01,9.043889045715332031e-01,8.601199388504028320e-01,8.505544662475585938e-01,9.019804596900939941e-01,8.439159989356994629e-01,7.740321755409240723e-01,8.989212512969970703e-01,8.490685224533081055e-01,8.140249848365783691e-01,8.960273861885070801e-01,8.726170659065246582e-01,7.998927235603332520e-01,8.100107312202453613e-01,7.800909876823425293e-01,7.763835787773132324e-01,8.066915869712829590e-01,7.691106796264648438e-01,7.513585686683654785e-01,8.042366504669189453e-01
8.660324215888977051e-01,9.007247686386108398e-01,9.274529218673706055e-01,9.153924584388732910e-01,9.279310703277587891e-01,8.960905671119689941e-01,9.187930822372436523e-01,8.795596957206726074e-01,7.559122443199157715e-01,9.212422966957092285e-01,8.377175331115722656e-01,7.474666237831115723e-01,9.301223754882812500e-01,9.103837609291076660e-01,8.622855544090270996e-01,9.289668798446655273e-01,9.101753234863281250e-01,9.095966219902038574e-01,9.280132055282592773e-01,8.857265114784240723e-01,8.445880413055419922e-01,9.265310764312744141e-01,8.930035829544067383e-01,8.874049782752990723e-01,9.064023494720458984e-01,8.849642872810363770e-01,8.457721471786499023e-01,9.041262865066528320e-01,8.716136217117309570e-01,8.395079970359802246e-01,9.030777215957641602e-01,8.771743774414062500e-01,8.725562691688537598e-01,9.015951156616210938e-01,8.595064282417297363e-01,8.054796457290649414e-01,8.996440172195434570e-01,8.710396289825439453e-01,8.491303920745849609e-01,8.981925845146179199e-01,8.867660164833068848e-01,8.343235254287719727e-01,8.174426555633544922e-01,7.917444109916687012e-01,7.969059348106384277e-01,8.151195645332336426e-01,7.882119417190551758e-01,7.766264081001281738e-01,8.132827877998352051e-01
9.628552198410034180e-01,9.540303349494934082e-01,9.153924584388732910e-01,9.740210175514221191e-01,9.624076485633850098e-01,9.111819267272949219e-01,9.750000834465026855e-01,8.834946155548095703e-01,7.060024738311767578e-01,9.745271205902099609e-01,8.680318593978881836e-01,7.757157683372497559e-01,9.613920450210571289e-01,9.212825298309326172e-01,8.537255525588989258e-01,9.583845734596252441e-01,9.425535202026367188e-01,9.361565113067626953e-01,9.554364681243896484e-01,8.913971185684204102e-01,8.275309205055236816e-01,9.526802897453308105e-01,8.931217193603515625e-01,8.868867754936218262e-01,9.226177334785461426e-01,9.001392722129821777e-01,8.412246704101562500e-01,9.191229939460754395e-01,8.661106228828430176e-01,8.154615759849548340e-01,9.172540903091430664e-01,8.700447082519531250e-01,8.571652173995971680e-01,9.147116541862487793e-01,8.564446568489074707e-01,7.854990363121032715e-01,9.114513993263244629e-01,8.564844131469726562e-01,8.144300580024719238e-01,9.084749221801757812e-01,8.815626502037048340e-01,8.062073588371276855e-01,8.173761367797851562e-01,7.881060838699340820e-01,7.820737957954406738e-01,8.138636350631713867e-01,7.747215032577514648e-01,7.549723982810974121e-01,8.113192319869995117e-01
9.202312231063842773e-01,9.503750205039978027e-01,9.279310703277587891e-01,9.624076485633850098e-01,9.643311500549316406e-01,9.183366894721984863e-01,9.662825465202331543e-01,8.883154988288879395e-01,7.216058969497680664e-01,9.667147397994995117e-01,8.612423539161682129e-01,7.630752325057983398e-01,9.632613062858581543e-01,9.330157041549682617e-01,8.714883327484130859e-01,9.609434008598327637e-01,9.485056400299072266e-01,9.423411488533020020e-01,9.586867094039916992e-01,9.011787772178649902e-01,8.448275923728942871e-01,9.564348459243774414e-01,9.044309854507446289e-01,8.995953798294067383e-01,9.277154803276062012e-01,9.060698747634887695e-01,8.532155752182006836e-01,9.246186017990112305e-01,8.779246211051940918e-01,8.338527083396911621e-01,9.230780601501464844e-01,8.815438151359558105e-01,8.721036911010742188e-01,9.209001660346984863e-01,8.681189417839050293e-01,8.025524616241455078e-01,9.180360436439514160e-01,8.680381178855895996e-01,8.331807851791381836e-01,9.154515862464904785e-01,8.922583460807800293e-01,8.239961862564086914e-01,8.244988918304443359e-01,7.971794009208679199e-01,7.940548658370971680e-01,8.213617205619812012e-01,7.871091365814208984e-01,7.708383798599243164e-01,8.190539479255676270e-01
8.483068346977233887e-01,9.092739820480346680e-01,8.960905671119689941e-01,9.111819267272949219e-01,9.183366894721984863e-01,9.424789547920227051e-01,9.362069368362426758e-01,8.882831931114196777e-01,7.487511038780212402e-01,9.387625455856323242e-01,8.264430761337280273e-01,7.235110402107238770e-01,9.575642943382263184e-01,9.446079730987548828e-01,8.957723379135131836e-01,9.569237828254699707e-01,9.572225809097290039e-01,9.560850858688354492e-01,9.563468098640441895e-01,9.235591888427734375e-01,8.831010460853576660e-01,9.553195834159851074e-01,9.241737127304077148e-01,9.256826639175415039e-01,9.346802830696105957e-01,9.149577021598815918e-01,8.790287971496582031e-01,9.326611757278442383e-01,8.978532552719116211e-01,8.683212399482727051e-01,9.318609833717346191e-01,9.036126136779785156e-01,9.055674672126770020e-01,9.305754899978637695e-01,8.914973139762878418e-01,8.416012525558471680e-01,9.286976456642150879e-01,8.962947130203247070e-01,8.767990469932556152e-01,9.269883036613464355e-01,9.126670360565185547e-01,8.629461526870727539e-01,8.443157672882080078e-01,8.200411796569824219e-01,8.238421082496643066e-01,8.421468138694763184e-01,8.178570866584777832e-01,8.103104829788208008e-01,8.403993248939514160e-01
9.610192179679870605e-01,9.552593827247619629e-01,9.187930822372436523e-01,9.750000834465026855e-01,9.662825465202331543e-01,9.362069368362426758e-01,9.744613170623779297e-01,8.852291703224182129e-01,7.094114422798156738e-01,9.741309881210327148e-01,8.677568435668945312e-01,7.751114368438720703e-01,9.625489115715026855e-01,9.233460426330566406e-01,8.564404845237731934e-01,9.596530199050903320e-01,9.443829059600830078e-01,9.382277727127075195e-01,9.568107724189758301e-01,8.942268490791320801e-01,8.312772512435913086e-01,9.541333317756652832e-01,8.959488272666931152e-01,8.899018764495849609e-01,9.246886372566223145e-01,9.023289680480957031e-01,8.442276120185852051e-01,9.212632179260253906e-01,8.690733313560485840e-01,8.190211057662963867e-01,9.194449782371520996e-01,8.731268048286437988e-01,8.606178164482116699e-01,9.169608950614929199e-01,8.595083951950073242e-01,7.893752455711364746e-01,9.137679338455200195e-01,8.598690629005432129e-01,8.184947967529296875e-01,9.108484983444213867e-01,8.845438957214355469e-01,8.101363182067871094e-01,8.202631473541259766e-01,7.912010550498962402e-01,7.854207158088684082e-01,8.168091177940368652e-01,7.782097458839416504e-01,7.587633132934570312e-01,8.142996430397033691e-01
8.340979814529418945e-01,8.665695786476135254e-01,8.795596957206726074e-01,8.834946155548095703e-01,8.883154988288879395e-01,8.882831931114196777e-01,8.852291703224182129e-01,9.069389104843139648e-01,7.616568207740783691e-01,9.548144936561584473e-01,8.469687104225158691e-01,7.477570772171020508e-01,9.702657461166381836e-01,9.528709053993225098e-01,9.002929925918579102e-01,9.694066643714904785e-01,9.653012752532958984e-01,9.606167674064636230e-01,9.684362411499023438e-01,9.318445920944213867e-01,8.846971988677978516e-01,9.671382904052734375e-01,9.326738119125366211e-01,9.299771189689636230e-01,9.468435645103454590e-01,9.273552298545837402e-01,8.850126862525939941e-01,9.446775317192077637e-01,9.078437685966491699e-01,8.717882633209228516e-01,9.436984658241271973e-01,9.123403429985046387e-01,9.076511263847351074e-01,9.422260522842407227e-01,9.010347723960876465e-01,8.456954360008239746e-01,9.402211904525756836e-01,9.057747125625610352e-01,8.787658214569091797e-01,9.383432865142822266e-01,9.226018190383911133e-01,8.660631775856018066e-01,8.566929697990417480e-01,8.315888643264770508e-01,8.314538002014160156e-01,8.543334603309631348e-01,8.273976445198059082e-01,8.150954842567443848e-01,8.524983525276184082e-01
6.353442072868347168e-01,6.920161843299865723e-01,7.559122443199157715e-01,7.060024738311767578e-01,7.216058969497680664e-01,7.487511038780212402e-01,7.094114422798156738e-01,7.616568207740783691e-01,8.157153725624084473e-01,9.452844858169555664e-01,8.834373354911804199e-01,7.962743639945983887e-01,9.661360979080200195e-01,9.473809003829956055e-01,9.075214862823486328e-01,9.662490487098693848e-01,9.466227889060974121e-01,9.478363990783691406e-01,9.663593769073486328e-01,9.286352992057800293e-01,8.979511857032775879e-01,9.659603834152221680e-01,9.451184272766113281e-01,9.443477988243103027e-01,9.503443837165832520e-01,9.337507486343383789e-01,9.066210389137268066e-01,9.490605592727661133e-01,9.285439848899841309e-01,8.995379209518432617e-01,9.486227631568908691e-01,9.296717643737792969e-01,9.264173507690429688e-01,9.478080272674560547e-01,9.146053194999694824e-01,8.735188841819763184e-01,9.464133977890014648e-01,9.180313348770141602e-01,8.975152969360351562e-01,9.455091953277587891e-01,9.367462992668151855e-01,8.949277400970458984e-01,8.617683649063110352e-01,8.424170613288879395e-01,8.471867442131042480e-01,8.599967360496520996e-01,8.378904461860656738e-01,8.279348015785217285e-01,8.585137128829956055e-01
9.582946896553039551e-01,9.548749327659606934e-01,9.212422966957092285e-01,9.745271205902099609e-01,9.667147397994995117e-01,9.387625455856323242e-01,9.741309881210327148e-01,9.548144936561584473e-01,9.452844858169555664e-01,9.732274413108825684e-01,8.671064376831054688e-01,7.735350728034973145e-01,9.653779864311218262e-01,9.284915328025817871e-01,8.633802533149719238e-01,9.627618789672851562e-01,9.488707184791564941e-01,9.432459473609924316e-01,9.601826071739196777e-01,9.011069536209106445e-01,8.404918909072875977e-01,9.577032327651977539e-01,9.029202461242675781e-01,8.973525762557983398e-01,9.294953346252441406e-01,9.075037240982055664e-01,8.516050577163696289e-01,9.262463450431823730e-01,8.761518001556396484e-01,8.277032971382141113e-01,9.245514273643493652e-01,8.804126977920532227e-01,8.688845038414001465e-01,9.222106337547302246e-01,8.668441772460937500e-01,7.987645864486694336e-01,9.191791415214538574e-01,8.678207993507385254e-01,8.282467722892761230e-01,9.164023995399475098e-01,8.915540575981140137e-01,8.195844888687133789e-01,8.267090916633605957e-01,7.982505559921264648e-01,7.931776642799377441e-01,8.234034776687622070e-01,7.862334847450256348e-01,7.676382064819335938e-01,8.209817409515380859e-01
8.513242602348327637e-01,8.365390896797180176e-01,8.377175331115722656e-01,8.680318593978881836e-01,8.612423539161682129e-01,8.264430761337280273e-01,8.677568435668945312e-01,8.469687104225158691e-01,8.834373354911804199e-01,8.671064376831054688e-01,8.447940945625305176e-01,7.411804199218750000e-01,9.582935571670532227e-01,9.282405972480773926e-01,8.651149868965148926e-01,9.564381241798400879e-01,9.483345150947570801e-01,9.465171694755554199e-01,9.545214176177978516e-01,9.045217037200927734e-01,8.512384295463562012e-01,9.524406790733337402e-01,9.077366590499877930e-01,9.036465287208557129e-01,9.271907210350036621e-01,9.030346274375915527e-01,8.515390157699584961e-01,9.242774248123168945e-01,8.790330290794372559e-01,8.347802162170410156e-01,9.230362176895141602e-01,8.876992464065551758e-01,8.803799748420715332e-01,9.211140871047973633e-01,8.696597218513488770e-01,8.070091009140014648e-01,9.185728430747985840e-01,8.760296106338500977e-01,8.447535634040832520e-01,9.161652922630310059e-01,8.978568911552429199e-01,8.331950902938842773e-01,8.315926194190979004e-01,8.040396571159362793e-01,8.020480275154113770e-01,8.287568688392639160e-01,7.952386140823364258e-01,7.791099548339843750e-01,8.265784978866577148e-01
7.589688897132873535e-01,7.357110977172851562e-01,7.474666237831115723e-01,7.757157683372497559e-01,7.630752325057983398e-01,7.235110402107238770e-01,7.751114368438720703e-01,7.477570772171020508e-01,7.962743639945983887e-01,7.735350728034973145e-01,7.411804199218750000e-01,7.422243356704711914e-01,9.576960802078247070e-01,9.371928572654724121e-01,8.878451585769653320e-01,9.574522972106933594e-01,9.516894817352294922e-01,9.564271569252014160e-01,9.571223258972167969e-01,9.227870106697082520e-01,8.884126543998718262e-01,9.563012123107910156e-01,9.320901036262512207e-01,9.325307607650756836e-01,9.366611838340759277e-01,9.153597354888916016e-01,8.821218609809875488e-01,9.348756074905395508e-01,9.056347608566284180e-01,8.732174634933471680e-01,9.344298839569091797e-01,9.134949445724487305e-01,9.145840406417846680e-01,9.334165453910827637e-01,8.947615027427673340e-01,8.503077030181884766e-01,9.318547248840332031e-01,9.022210240364074707e-01,8.846379518508911133e-01,9.304515123367309570e-01,9.211530089378356934e-01,8.756518363952636719e-01,8.463709354400634766e-01,8.232391476631164551e-01,8.281645774841308594e-01,8.444476127624511719e-01,8.198965191841125488e-01,8.107371926307678223e-01,8.428124785423278809e-01
9.235914349555969238e-01,9.465206265449523926e-01,9.301223754882812500e-01,9.613920450210571289e-01,9.632613062858581543e-01,9.575642943382263184e-01,9.625489115715026855e-01,9.702657461166381836e-01,9.661360979080200195e-01,9.653779864311218262e-01,9.582935571670532227e-01,9.576960802078247070e-01,9.749158024787902832e-01,9.459764361381530762e-01,8.854533433914184570e-01,9.734086990356445312e-01,9.616730809211730957e-01,9.544380307197570801e-01,9.719106554985046387e-01,9.268903732299804688e-01,8.721997737884521484e-01,9.702316522598266602e-01,9.293383955955505371e-01,9.213070273399353027e-01,9.489762783050537109e-01,9.287639856338500977e-01,8.756357431411743164e-01,9.464730024337768555e-01,9.046788215637207031e-01,8.575993776321411133e-01,9.452502131462097168e-01,9.099563956260681152e-01,8.951422572135925293e-01,9.434919357299804688e-01,8.961730003356933594e-01,8.307463526725769043e-01,9.411439895629882812e-01,9.011688828468322754e-01,8.619162440299987793e-01,9.389761090278625488e-01,9.199699759483337402e-01,8.525939583778381348e-01,8.573329448699951172e-01,8.321295380592346191e-01,8.249753713607788086e-01,8.545948266983032227e-01,8.225231766700744629e-01,8.017910122871398926e-01,8.525381088256835938e-01
8.715823888778686523e-01,9.121651053428649902e-01,9.103837609291076660e-01,9.212825298309326172e-01,9.330157041549682617e-01,9.446079730987548828e-01,9.233460426330566406e-01,9.528709053993225098e-01,9.473809003829956055e-01,9.284915328025817871e-01,9.282405972480773926e-01,9.371928572654724121e-01,9.459764361381530762e-01,9.670248031616210938e-01,9.223360419273376465e-01,9.771491289138793945e-01,9.775536060333251953e-01,9.715921282768249512e-01,9.775120019912719727e-01,9.614835977554321289e-01,9.220556616783142090e-01,9.772921204566955566e-01,9.595968723297119141e-01,9.552544355392456055e-01,9.649649858474731445e-01,9.505606293678283691e-01,9.143177270889282227e-01,9.637862443923950195e-01,9.354686737060546875e-01,9.013884663581848145e-01,9.632835984230041504e-01,9.400335550308227539e-01,9.325453042984008789e-01,9.624735116958618164e-01,9.323839545249938965e-01,8.812645077705383301e-01,9.612141251564025879e-01,9.398587346076965332e-01,9.113326668739318848e-01,9.599952101707458496e-01,9.488730430603027344e-01,8.979455828666687012e-01,8.862476348876953125e-01,8.652917742729187012e-01,8.620160222053527832e-01,8.845143914222717285e-01,8.635030984878540039e-01,8.493472337722778320e-01,8.830857872962951660e-01
7.924155592918395996e-01,8.437469005584716797e-01,8.622855544090270996e-01,8.537255525588989258e-01,8.714883327484130859e-01,8.957723379135131836e-01,8.564404845237731934e-01,9.002929925918579102e-01,9.075214862823486328e-01,8.633802533149719238e-01,8.651149868965148926e-01,8.878451585769653320e-01,8.854533433914184570e-01,9.223360419273376465e-01,9.297551512718200684e-01,9.789484739303588867e-01,9.761382341384887695e-01,9.749209880828857422e-01,9.794919490814208984e-01,9.619266986846923828e-01,9.307568669319152832e-01,9.795344471931457520e-01,9.644896984100341797e-01,9.648037552833557129e-01,9.698792099952697754e-01,9.564663171768188477e-01,9.296510815620422363e-01,9.689301252365112305e-01,9.455283284187316895e-01,9.179167151451110840e-01,9.685967564582824707e-01,9.484607577323913574e-01,9.472595453262329102e-01,9.679345488548278809e-01,9.404537081718444824e-01,9.000044465065002441e-01,9.668478369712829590e-01,9.454723596572875977e-01,9.233133196830749512e-01,9.658709168434143066e-01,9.564407467842102051e-01,9.149615168571472168e-01,8.905395269393920898e-01,8.705126643180847168e-01,8.722075223922729492e-01,8.889852166175842285e-01,8.696030378341674805e-01,8.612709045410156250e-01,8.876624107360839844e-01
9.187858700752258301e-01,9.437034130096435547e-01,9.289668798446655273e-01,9.583845734596252441e-01,9.609434008598327637e-01,9.569237828254699707e-01,9.596530199050903320e-01,9.694066643714904785e-01,9.662490487098693848e-01,9.627618789672851562e-01,9.564381241798400879e-01,9.574522972106933594e-01,9.734086990356445312e-01,9.771491289138793945e-01,9.789484739303588867e-01,9.739860296249389648e-01,9.634481668472290039e-01,9.565199017524719238e-01,9.726465344429016113e-01,9.300714135169982910e-01,8.767750263214111328e-01,9.710863232612609863e-01,9.322975873947143555e-01,9.246062636375427246e-01,9.506919384002685547e-01,9.306848049163818359e-01,8.788313865661621094e-01,9.482935667037963867e-01,9.076576232910156250e-01,8.616136908531188965e-01,9.471462965011596680e-01,9.131774306297302246e-01,8.990536928176879883e-01,9.454750418663024902e-01,8.994514942169189453e-01,8.352801203727722168e-01,9.432291388511657715e-01,9.049382209777832031e-01,8.668879270553588867e-01,9.411420822143554688e-01,9.230564832687377930e-01,8.571741580963134766e-01,8.603883981704711914e-01,8.355291485786437988e-01,8.287933468818664551e-01,8.577446341514587402e-01,8.265746831893920898e-01,8.064197897911071777e-01,8.557435274124145508e-01
8.971737027168273926e-01,9.343509078025817871e-01,9.101753234863281250e-01,9.425535202026367188e-01,9.485056400299072266e-01,9.572225809097290039e-01,9.443829059600830078e-01,9.653012752532958984e-01,9.466227889060974121e-01,9.488707184791564941e-01,9.483345150947570801e-01,9.516894817352294922e-01,9.616730809211730957e-01,9.775536060333251953e-01,9.761382341384887695e-01,9.634481668472290039e-01,9.630364775657653809e-01,9.606397151947021484e-01,9.574418067932128906e-01,9.246280193328857422e-01,8.734514713287353516e-01,9.558958411216735840e-01,9.216838479042053223e-01,9.169210195541381836e-01,9.353078603744506836e-01,9.121403098106384277e-01,8.611818552017211914e-01,9.328534007072448730e-01,8.900494575500488281e-01,8.458092212677001953e-01,9.319611787796020508e-01,9.009432196617126465e-01,8.928673863410949707e-01,9.304165244102478027e-01,8.845200538635253906e-01,8.225777149200439453e-01,9.283375740051269531e-01,8.947667479515075684e-01,8.642114400863647461e-01,9.261248707771301270e-01,9.111230373382568359e-01,8.484672904014587402e-01,8.493805527687072754e-01,8.230673074722290039e-01,8.187494874000549316e-01,8.469538688659667969e-01,8.167822360992431641e-01,7.999523878097534180e-01,8.450251221656799316e-01
8.856365680694580078e-01,9.305022954940795898e-01,9.095966219902038574e-01,9.361565113067626953e-01,9.423411488533020020e-01,9.560850858688354492e-01,9.382277727127075195e-01,9.606167674064636230e-01,9.478363990783691406e-01,9.432459473609924316e-01,9.465171694755554199e-01,9.564271569252014160e-01,9.544380307197570801e-01,9.715921282768249512e-01,9.749209880828857422e-01,9.565199017524719238e-01,9.606397151947021484e-01,9.706485867500305176e-01,9.462024569511413574e-01,9.386541843414306641e-01,9.074329733848571777e-01,9.459245204925537109e-01,9.333645701408386230e-01,9.375942349433898926e-01,9.337242245674133301e-01,9.133101701736450195e-01,8.843959569931030273e-01,9.323461651802062988e-01,9.025349617004394531e-01,8.759632706642150879e-01,9.322450160980224609e-01,9.145578742027282715e-01,9.224235415458679199e-01,9.315779805183410645e-01,8.990556001663208008e-01,8.568128347396850586e-01,9.304827451705932617e-01,9.141563773155212402e-01,9.050440192222595215e-01,9.291515350341796875e-01,9.235374331474304199e-01,8.833711147308349609e-01,8.593577146530151367e-01,8.361018896102905273e-01,8.416295647621154785e-01,8.579421639442443848e-01,8.375578522682189941e-01,8.332724571228027344e-01,8.565756082534790039e-01
9.140781164169311523e-01,9.409601688385009766e-01,9.280132055282592773e-01,9.554364681243896484e-01,9.586867094039916992e-01,9.563468098640441895e-01,9.568107724189758301e-01,9.684362411499023438e-01,9.663593769073486328e-01,9.601826071739196777e-01,9.545214176177978516e-01,9.571223258972167969e-01,9.719106554985046387e-01,9.775120019912719727e-01,9.794919490814208984e-01,9.726465344429016113e-01,9.574418067932128906e-01,9.462024569511413574e-01,9.731377363204956055e-01,9.329816699028015137e-01,8.811948299407958984e-01,9.716984033584594727e-01,9.350488185882568359e-01,9.277594685554504395e-01,9.521325826644897461e-01,9.323116540908813477e-01,8.818920850753784180e-01,9.498423933982849121e-01,9.104161262512207031e-01,8.655135035514831543e-01,9.487708210945129395e-01,9.161397814750671387e-01,9.027950167655944824e-01,9.471879601478576660e-01,9.024741053581237793e-01,8.396528363227844238e-01,9.450426101684570312e-01,9.085418581962585449e-01,8.717794418334960938e-01,9.430434703826904297e-01,9.258834123611450195e-01,8.615984916687011719e-01,8.631050586700439453e-01,8.385890126228332520e-01,8.323582410812377930e-01,8.605579137802124023e-01,8.303236365318298340e-01,8.108122944831848145e-01,8.586125969886779785e-01
8.265131711959838867e-01,8.820327520370483398e-01,8.857265114784240723e-01,8.913971185684204102e-01,9.011787772178649902e-01,9.235591888427734375e-01,8.942268490791320801e-01,9.318445920944213867e-01,9.286352992057800293e-01,9.011069536209106445e-01,9.045217037200927734e-01,9.227870106697082520e-01,9.268903732299804688e-01,9.614835977554321289e-01,9.619266986846923828e-01,9.300714135169982910e-01,9.246280193328857422e-01,9.386541843414306641e-01,9.329816699028015137e-01,9.528266787528991699e-01,9.107559919357299805e-01,9.696967601776123047e-01,9.496511220932006836e-01,9.457061886787414551e-01,9.575962424278259277e-01,9.397267699241638184e-01,8.982408046722412109e-01,9.560704231262207031e-01,9.233564138412475586e-01,8.858904242515563965e-01,9.556117653846740723e-01,9.328396916389465332e-01,9.255157113075256348e-01,9.546739459037780762e-01,9.198198318481445312e-01,8.657274246215820312e-01,9.533152580261230469e-01,9.295687079429626465e-01,9.026138782501220703e-01,9.517732858657836914e-01,9.415891766548156738e-01,8.880257010459899902e-01,8.815219998359680176e-01,8.596150279045104980e-01,8.554340004920959473e-01,8.797144889831542969e-01,8.561737537384033203e-01,8.413707613945007324e-01,8.781992197036743164e-01
7.455542683601379395e-01,8.208768963813781738e-01,8.445880413055419922e-01,8.275309205055236816e-01,8.448275923728942871e-01,8.831010460853576660e-01,8.312772512435913086e-01,8.846971988677978516e-01,8.979511857032775879e-01,8.404918909072875977e-01,8.512384295463562012e-01,8.884126543998718262e-01,8.721997737884521484e-01,9.220556616783142090e-01,9.307568669319152832e-01,8.767750263214111328e-01,8.734514713287353516e-01,9.074329733848571777e-01,8.811948299407958984e-01,9.107559919357299805e-01,9.357575774192810059e-01,9.682236909866333008e-01,9.604093432426452637e-01,9.633206725120544434e-01,9.624779224395751953e-01,9.485833644866943359e-01,9.241630434989929199e-01,9.617376923561096191e-01,9.375020861625671387e-01,9.135677814483642578e-01,9.616950154304504395e-01,9.449310898780822754e-01,9.480049610137939453e-01,9.612994194030761719e-01,9.374655485153198242e-01,8.985669016838073730e-01,9.605621099472045898e-01,9.461266398429870605e-01,9.311364889144897461e-01,9.596063494682312012e-01,9.533441662788391113e-01,9.152588248252868652e-01,8.934895992279052734e-01,8.734145760536193848e-01,8.764479756355285645e-01,8.922719359397888184e-01,8.754911422729492188e-01,8.699585199356079102e-01,8.911187648773193359e-01
9.100765585899353027e-01,9.382147192955017090e-01,9.265310764312744141e-01,9.526802897453308105e-01,9.564348459243774414e-01,9.553195834159851074e-01,9.541333317756652832e-01,9.671382904052734375e-01,9.659603834152221680e-01,9.577032327651977539e-01,9.524406790733337402e-01,9.563012123107910156e-01,9.702316522598266602e-01,9.772921204566955566e-01,9.795344471931457520e-01,9.710863232612609863e-01,9.558958411216735840e-01,9.459245204925537109e-01,9.716984033584594727e-01,9.696967601776123047e-01,9.682236909866333008e-01,9.720594882965087891e-01,9.361472129821777344e-01,9.288973212242126465e-01,9.528862833976745605e-01,9.331678152084350586e-01,8.831615447998046875e-01,9.506362676620483398e-01,9.117060303688049316e-01,8.670762777328491211e-01,9.495907425880432129e-01,9.174584746360778809e-01,9.041666388511657715e-01,9.480387568473815918e-01,9.037466645240783691e-01,8.413091301918029785e-01,9.459282159805297852e-01,9.099770784378051758e-01,8.734574317932128906e-01,9.439632892608642578e-01,9.271226525306701660e-01,8.633331656455993652e-01,8.643591403961181641e-01,8.400152325630187988e-01,8.338445425033569336e-01,8.618423938751220703e-01,8.318827748298645020e-01,8.124498128890991211e-01,8.599159121513366699e-01
8.289331197738647461e-01,8.824265599250793457e-01,8.930035829544067383e-01,8.931217193603515625e-01,9.044309854507446289e-01,9.241737127304077148e-01,8.959488272666931152e-01,9.326738119125366211e-01,9.451184272766113281e-01,9.029202461242675781e-01,9.077366590499877930e-01,9.320901036262512207e-01,9.293383955955505371e-01,9.595968723297119141e-01,9.644896984100341797e-01,9.322975873947143555e-01,9.216838479042053223e-01,9.333645701408386230e-01,9.350488185882568359e-01,9.496511220932006836e-01,9.604093432426452637e-01,9.361472129821777344e-01,9.545707702636718750e-01,9.514040946960449219e-01,9.569067955017089844e-01,9.388789534568786621e-01,9.029694795608520508e-01,9.557834863662719727e-01,9.291784763336181641e-01,8.962854146957397461e-01,9.556153416633605957e-01,9.386428594589233398e-01,9.341598749160766602e-01,9.550319910049438477e-01,9.250108003616333008e-01,8.766709566116333008e-01,9.540696144104003906e-01,9.380709528923034668e-01,9.165155291557312012e-01,9.529579877853393555e-01,9.470193386077880859e-01,9.005093574523925781e-01,8.854817152023315430e-01,8.645808696746826172e-01,8.631792068481445312e-01,8.840478062629699707e-01,8.642472028732299805e-01,8.517013192176818848e-01,8.827552795410156250e-01
8.168298006057739258e-01,8.772561550140380859e-01,8.874049782752990723e-01,8.868867754936218262e-01,8.995953798294067383e-01,9.256826639175415039e-01,8.899018764495849609e-01,9.299771189689636230e-01,9.443477988243103027e-01,8.973525762557983398e-01,9.036465287208557129e-01,9.325307607650756836e-01,9.213070273399353027e-01,9.552544355392456055e-01,9.648037552833557129e-01,9.246062636375427246e-01,9.169210195541381836e-01,9.375942349433898926e-01,9.277594685554504395e-01,9.457061886787414551e-01,9.633206725120544434e-01,9.288973212242126465e-01,9.514040946960449219e-01,9.519974589347839355e-01,9.456050395965576172e-01,9.268454909324645996e-01,9.020671248435974121e-01,9.446580410003662109e-01,9.205006361007690430e-01,8.972006440162658691e-01,9.447156786918640137e-01,9.301421046257019043e-01,9.375385642051696777e-01,9.443488717079162598e-01,9.176079630851745605e-01,8.807194828987121582e-01,9.436176419258117676e-01,9.315236806869506836e-01,9.229636192321777344e-01,9.426696896553039551e-01,9.389265179634094238e-01,9.030437469482421875e-01,8.764451742172241211e-01,8.549036383628845215e-01,8.611764907836914062e-01,8.752853870391845703e-01,8.581953644752502441e-01,8.546049594879150391e-01,8.741116523742675781e-01
8.748665452003479004e-01,9.095607995986938477e-01,9.064023494720458984e-01,9.226177334785461426e-01,9.277154803276062012e-01,9.346802830696105957e-01,9.246886372566223145e-01,9.468435645103454590e-01,9.503443837165832520e-01,9.294953346252441406e-01,9.271907210350036621e-01,9.366611838340759277e-01,9.489762783050537109e-01,9.649649858474731445e-01,9.698792099952697754e-01,9.506919384002685547e-01,9.353078603744506836e-01,9.337242245674133301e-01,9.521325826644897461e-01,9.575962424278259277e-01,9.624779224395751953e-01,9.528862833976745605e-01,9.569067955017089844e-01,9.456050395965576172e-01,9.659731984138488770e-01,9.480820894241333008e-01,9.060660600662231445e-01,9.646912217140197754e-01,9.348109960556030273e-01,8.986969590187072754e-01,9.643293023109436035e-01,9.458792805671691895e-01,9.346295595169067383e-01,9.635242223739624023e-01,9.301767945289611816e-01,8.763862252235412598e-01,9.624046683311462402e-01,9.426683783531188965e-01,9.133501648902893066e-01,9.611554741859436035e-01,9.531682729721069336e-01,9.032176136970520020e-01,9.122458696365356445e-01,8.923592567443847656e-01,8.857926130294799805e-01,9.105299115180969238e-01,8.870484232902526855e-01,8.683066964149475098e-01,9.091111421585083008e-01
8.505442738533020020e-01,8.849378228187561035e-01,8.849642872810363770e-01,9.001392722129821777e-01,9.060698747634887695e-01,9.149577021598815918e-01,9.023289680480957031e-01,9.273552298545837402e-01,9.337507486343383789e-01,9.075037240982055664e-01,9.030346274375915527e-01,9.153597354888916016e-01,9.287639856338500977e-01,9.505606293678283691e-01,9.564663171768188477e-01,9.306848049163818359e-01,9.121403098106384277e-01,9.133101701736450195e-01,9.323116540908813477e-01,9.397267699241638184e-01,9.485833644866943359e-01,9.331678152084350586e-01,9.388789534568786621e-01,9.268454909324645996e-01,9.480820894241333008e-01,9.529091119766235352e-01,9.164772629737854004e-01,9.678740501403808594e-01,9.456999301910400391e-01,9.132997393608093262e-01,9.678978323936462402e-01,9.572420120239257812e-01,9.454783797264099121e-01,9.675357937812805176e-01,9.409118294715881348e-01,8.934586644172668457e-01,9.669806361198425293e-01,9.545798301696777344e-01,9.276144504547119141e-01,9.662598967552185059e-01,9.630084037780761719e-01,9.199332594871520996e-01,9.241495132446289062e-01,9.076896905899047852e-01,9.012178778648376465e-01,9.229035973548889160e-01,9.035859704017639160e-01,8.850689530372619629e-01,9.217916131019592285e-01
7.746210098266601562e-01,8.269607424736022949e-01,8.457721471786499023e-01,8.412246704101562500e-01,8.532155752182006836e-01,8.790287971496582031e-01,8.442276120185852051e-01,8.850126862525939941e-01,9.066210389137268066e-01,8.516050577163696289e-01,8.515390157699584961e-01,8.821218609809875488e-01,8.756357431411743164e-01,9.143177270889282227e-01,9.296510815620422363e-01,8.788313865661621094e-01,8.611818552017211914e-01,8.843959569931030273e-01,8.818920850753784180e-01,8.982408046722412109e-01,9.241630434989929199e-01,8.831615447998046875e-01,9.029694795608520508e-01,9.020671248435974121e-01,9.060660600662231445e-01,9.164772629737854004e-01,9.310348629951477051e-01,9.578711986541748047e-01,9.468127489089965820e-01,9.317966699600219727e-01,9.583960771560668945e-01,9.569134116172790527e-01,9.615598320960998535e-01,9.585816860198974609e-01,9.414780735969543457e-01,9.174166917800903320e-01,9.586714506149291992e-01,9.549463987350463867e-01,9.467774033546447754e-01,9.586815834045410156e-01,9.612343311309814453e-01,9.406951069831848145e-01,9.134213328361511230e-01,8.982700705528259277e-01,9.063565135002136230e-01,9.128304123878479004e-01,9.000352025032043457e-01,8.964674472808837891e-01,9.120725393295288086e-01
8.701908588409423828e-01,9.060627222061157227e-01,9.041262865066528320e-01,9.191229939460754395e-01,9.246186017990112305e-01,9.326611757278442383e-01,9.212632179260253906e-01,9.446775317192077637e-01,9.490605592727661133e-01,9.262463450431823730e-01,9.242774248123168945e-01,9.348756074905395508e-01,9.464730024337768555e-01,9.637862443923950195e-01,9.689301252365112305e-01,9.482935667037963867e-01,9.328534007072448730e-01,9.323461651802062988e-01,9.498423933982849121e-01,9.560704231262207031e-01,9.617376923561096191e-01,9.506362676620483398e-01,9.557834863662719727e-01,9.446580410003662109e-01,9.646912217140197754e-01,9.678740501403808594e-01,9.578711986541748047e-01,9.653096795082092285e-01,9.367027878761291504e-01,9.015261530876159668e-01,9.650206565856933594e-01,9.479010701179504395e-01,9.370489120483398438e-01,9.643002748489379883e-01,9.322640895843505859e-01,8.796550035476684570e-01,9.632813930511474609e-01,9.451302886009216309e-01,9.167320728302001953e-01,9.621191620826721191e-01,9.550042152404785156e-01,9.064736366271972656e-01,9.141615629196166992e-01,8.947033882141113281e-01,8.884055018424987793e-01,9.125375747680664062e-01,8.899521827697753906e-01,8.716040849685668945e-01,9.111762046813964844e-01
8.056270480155944824e-01,8.538287281990051270e-01,8.716136217117309570e-01,8.661106228828430176e-01,8.779246211051940918e-01,8.978532552719116211e-01,8.690733313560485840e-01,9.078437685966491699e-01,9.285439848899841309e-01,8.761518001556396484e-01,8.790330290794372559e-01,9.056347608566284180e-01,9.046788215637207031e-01,9.354686737060546875e-01,9.455283284187316895e-01,9.076576232910156250e-01,8.900494575500488281e-01,9.025349617004394531e-01,9.104161262512207031e-01,9.233564138412475586e-01,9.375020861625671387e-01,9.117060303688049316e-01,9.291784763336181641e-01,9.205006361007690430e-01,9.348109960556030273e-01,9.456999301910400391e-01,9.468127489089965820e-01,9.367027878761291504e-01,9.432332515716552734e-01,9.140309691429138184e-01,9.656205177307128906e-01,9.528702497482299805e-01,9.446412920951843262e-01,9.652628898620605469e-01,9.393513798713684082e-01,8.923615217208862305e-01,9.646434187889099121e-01,9.529967308044433594e-01,9.297658205032348633e-01,9.638974666595458984e-01,9.601222276687622070e-01,9.181873798370361328e-01,9.182963371276855469e-01,9.007098674774169922e-01,8.966750502586364746e-01,9.170792698860168457e-01,8.993316888809204102e-01,8.837311267852783203e-01,9.159794449806213379e-01
7.446513175964355469e-01,8.063272237777709961e-01,8.395079970359802246e-01,8.154615759849548340e-01,8.338527083396911621e-01,8.683212399482727051e-01,8.190211057662963867e-01,8.717882633209228516e-01,8.995379209518432617e-01,8.277032971382141113e-01,8.347802162170410156e-01,8.732174634933471680e-01,8.575993776321411133e-01,9.013884663581848145e-01,9.179167151451110840e-01,8.616136908531188965e-01,8.458092212677001953e-01,8.759632706642150879e-01,8.655135035514831543e-01,8.858904242515563965e-01,9.135677814483642578e-01,8.670762777328491211e-01,8.962854146957397461e-01,8.972006440162658691e-01,8.986969590187072754e-01,9.132997393608093262e-01,9.317966699600219727e-01,9.015261530876159668e-01,9.140309691429138184e-01,9.219214320182800293e-01,9.453344345092773438e-01,9.409255385398864746e-01,9.534301757812500000e-01,9.455394148826599121e-01,9.284012317657470703e-01,9.035873413085937500e-01,9.455139040946960449e-01,9.448878765106201172e-01,9.455127120018005371e-01,9.453995823860168457e-01,9.477208256721496582e-01,9.289483428001403809e-01,9.011474847793579102e-01,8.841589689254760742e-01,8.955312967300415039e-01,9.006437659263610840e-01,8.899874687194824219e-01,8.917325139045715332e-01,8.998836278915405273e-01
8.675547242164611816e-01,9.043889045715332031e-01,9.030777215957641602e-01,9.172540903091430664e-01,9.230780601501464844e-01,9.318609833717346191e-01,9.194449782371520996e-01,9.436984658241271973e-01,9.486227631568908691e-01,9.245514273643493652e-01,9.230362176895141602e-01,9.344298839569091797e-01,9.452502131462097168e-01,9.632835984230041504e-01,9.685967564582824707e-01,9.471462965011596680e-01,9.319611787796020508e-01,9.322450160980224609e-01,9.487708210945129395e-01,9.556117653846740723e-01,9.616950154304504395e-01,9.495907425880432129e-01,9.556153416633605957e-01,9.447156786918640137e-01,9.643293023109436035e-01,9.678978323936462402e-01,9.583960771560668945e-01,9.650206565856933594e-01,9.656205177307128906e-01,9.453344345092773438e-01,9.655376672744750977e-01,9.495598077774047852e-01,9.392832517623901367e-01,9.648925662040710449e-01,9.340233802795410156e-01,8.826712369918823242e-01,9.639596343040466309e-01,9.471763968467712402e-01,9.197974205017089844e-01,9.628798365592956543e-01,9.565123319625854492e-01,9.094215035438537598e-01,9.155252575874328613e-01,8.964152932167053223e-01,8.905891180038452148e-01,9.139831066131591797e-01,8.922125697135925293e-01,8.744214177131652832e-01,9.126710891723632812e-01
8.077679872512817383e-01,8.601199388504028320e-01,8.771743774414062500e-01,8.700447082519531250e-01,8.815438151359558105e-01,9.036126136779785156e-01,8.731268048286437988e-01,9.123403429985046387e-01,9.296717643737792969e-01,8.804126977920532227e-01,8.876992464065551758e-01,9.134949445724487305e-01,9.099563956260681152e-01,9.400335550308227539e-01,9.484607577323913574e-01,9.131774306297302246e-01,9.009432196617126465e-01,9.145578742027282715e-01,9.161397814750671387e-01,9.328396916389465332e-01,9.449310898780822754e-01,9.174584746360778809e-01,9.386428594589233398e-01,9.301421046257019043e-01,9.458792805671691895e-01,9.572420120239257812e-01,9.569134116172790527e-01,9.479010701179504395e-01,9.528702497482299805e-01,9.409255385398864746e-01,9.495598077774047852e-01,9.636950492858886719e-01,9.589948654174804688e-01,9.713141322135925293e-01,9.531694054603576660e-01,9.140447378158569336e-01,9.711167216300964355e-01,9.663812518119812012e-01,9.469226002693176270e-01,9.707716107368469238e-01,9.694387316703796387e-01,9.352243542671203613e-01,9.268841743469238281e-01,9.116930961608886719e-01,9.097695350646972656e-01,9.260842800140380859e-01,9.130853414535522461e-01,9.010926485061645508e-01,9.252356290817260742e-01
